$OWN,0,261187000,0,0.0,11.3,15.950907,54.808300,357.8,0.0,0.0,0.0,,5,9161247,SNHA   ,NAWIGATOR XXI       ,99,17,43,4,6,2,5,21,12,0,3.4,SZCZECIN            *77

$WIND,,,T,,,R*12

$OWN,0,261187000,0,0.0,11.3,15.950903,54.808353,357.8,0.0,0.0,0.0,,5,9161247,SNHA   ,NAWIGATOR XXI       ,99,17,43,4,6,2,5,21,12,0,3.4,SZCZECIN            *75

$WIND,,,T,,,R*12

$OWN,0,261187000,0,0.0,11.3,15.950902,54.808407,357.9,0.0,0.0,0.0,,5,9161247,SNHA   ,NAWIGATOR XXI       ,99,17,43,4,6,2,5,21,12,0,3.4,SZCZECIN            *73

$WIND,,,T,,,R*12

$OWN,0,261187000,0,-100000.0,11.3,15.950898,54.808456,357.9,0.0,0.0,0.0,,5,9161247,SNHA   ,NAWIGATOR XXI       ,99,17,43,4,6,2,5,21,12,0,3.4,SZCZECIN            *69

$WIND,,,T,,,R*12

$OWN,0,261187000,0,0.0,11.3,15.950895,54.808510,357.8,359.0,0.0,0.0,,5,9161247,SNHA   ,NAWIGATOR XXI       ,99,17,43,4,6,2,5,21,12,0,3.4,SZCZECIN            *75

$WIND,,,T,,,R*12

$OWN,0,261187000,0,0.0,11.3,15.950890,54.808563,357.7,359.0,0.0,0.0,,5,9161247,SNHA   ,NAWIGATOR XXI       ,99,17,43,4,6,2,5,21,12,0,3.4,SZCZECIN            *7B

$WIND,,,T,,,R*12

$OWN,0,261187000,0,0.0,11.3,15.950885,54.808613,357.7,0.0,0.0,0.0,,5,9161247,SNHA   ,NAWIGATOR XXI       ,99,17,43,4,6,2,5,21,12,0,3.4,SZCZECIN            *74

$WIND,,,T,,,R*12

$OWN,0,261187000,0,0.0,11.3,15.950882,54.808666,357.6,0.0,0.0,0.0,,5,9161247,SNHA   ,NAWIGATOR XXI       ,99,17,43,4,6,2,5,21,12,0,3.4,SZCZECIN            *70

$WIND,,,T,,,R*12

$OWN,0,261187000,0,0.0,11.3,15.950876,54.808720,357.6,0.0,0.0,0.0,,5,9161247,SNHA   ,NAWIGATOR XXI       ,99,17,43,4,6,2,5,21,12,0,3.4,SZCZECIN            *78

$WIND,,,T,,,R*12

$OWN,0,261187000,0,0.0,11.3,15.950871,54.808769,357.5,0.0,0.0,0.0,,5,9161247,SNHA   ,NAWIGATOR XXI       ,99,17,43,4,6,2,5,21,12,0,3.4,SZCZECIN            *71

$WIND,,,T,,,R*12

$OWN,0,261187000,0,100000.0,11.3,15.950867,54.808823,357.5,0.0,0.0,0.0,,5,9161247,SNHA   ,NAWIGATOR XXI       ,99,17,43,4,6,2,5,21,12,0,3.4,SZCZECIN            *46

$WIND,,,T,,,R*12

$OWN,0,261187000,0,100000.0,11.3,15.950863,54.808872,357.5,0.0,0.0,0.0,,5,9161247,SNHA   ,NAWIGATOR XXI       ,99,17,43,4,6,2,5,21,12,0,3.4,SZCZECIN            *46

$WIND,,,T,,,R*12

$OWN,0,261187000,0,100000.0,11.3,15.950860,54.808926,357.5,0.0,0.0,0.0,,5,9161247,SNHA   ,NAWIGATOR XXI       ,99,17,43,4,6,2,5,21,12,0,3.4,SZCZECIN            *45

$WIND,,,T,,,R*12

$OWN,0,261187000,0,0.0,11.3,15.950855,54.808979,357.5,0.0,0.0,0.0,,5,9161247,SNHA   ,NAWIGATOR XXI       ,99,17,43,4,6,2,5,21,12,0,3.4,SZCZECIN            *78

$WIND,,,T,,,R*12

$OWN,0,261187000,0,0.0,11.3,15.950851,54.809029,357.5,0.0,0.0,0.0,,5,9161247,SNHA   ,NAWIGATOR XXI       ,99,17,43,4,6,2,5,21,12,0,3.4,SZCZECIN            *71

$WIND,,,T,,,R*12

$OWN,0,261187000,0,0.0,11.3,15.950849,54.809082,357.5,0.0,0.0,0.0,,5,9161247,SNHA   ,NAWIGATOR XXI       ,99,17,43,4,6,2,5,21,12,0,3.4,SZCZECIN            *79

$WIND,,,T,,,R*12

$OWN,0,261187000,0,0.0,11.3,15.950843,54.809135,357.5,0.0,0.0,0.0,,5,9161247,SNHA   ,NAWIGATOR XXI       ,99,17,43,4,6,2,5,21,12,0,3.4,SZCZECIN            *7E

$WIND,,,T,,,R*12

$OWN,0,261187000,0,0.0,11.3,15.950838,54.809185,357.5,0.0,0.0,0.0,,5,9161247,SNHA   ,NAWIGATOR XXI       ,99,17,43,4,6,2,5,21,12,0,3.4,SZCZECIN            *79

$WIND,,,T,,,R*12

$OWN,0,261187000,0,0.0,11.3,15.950835,54.809238,357.5,0.0,0.0,0.0,,5,9161247,SNHA   ,NAWIGATOR XXI       ,99,17,43,4,6,2,5,21,12,0,3.4,SZCZECIN            *71

$WIND,,,T,,,R*12

$OWN,0,261187000,0,0.0,11.3,15.950831,54.809292,357.5,0.0,0.0,0.0,,5,9161247,SNHA   ,NAWIGATOR XXI       ,99,17,43,4,6,2,5,21,12,0,3.4,SZCZECIN            *75

$WIND,,,T,,,R*12

$OWN,0,261187000,0,-100000.0,11.3,15.950830,54.809341,357.7,0.0,0.0,0.0,,5,9161247,SNHA   ,NAWIGATOR XXI       ,99,17,43,4,6,2,5,21,12,0,3.4,SZCZECIN            *65

$WIND,,,T,,,R*12

$OWN,0,261187000,0,0.0,11.3,15.950829,54.809395,357.8,0.0,0.0,0.0,,5,9161247,SNHA   ,NAWIGATOR XXI       ,99,17,43,4,6,2,5,21,12,0,3.4,SZCZECIN            *77

$WIND,,,T,,,R*12

$OWN,0,261187000,0,0.0,11.3,15.950827,54.809448,357.8,0.0,0.0,0.0,,5,9161247,SNHA   ,NAWIGATOR XXI       ,99,17,43,4,6,2,5,21,12,0,3.4,SZCZECIN            *7E

$WIND,,,T,,,R*12

$OWN,0,261187000,0,0.0,11.3,15.950822,54.809498,357.8,0.0,0.0,0.0,,5,9161247,SNHA   ,NAWIGATOR XXI       ,99,17,43,4,6,2,5,21,12,0,3.4,SZCZECIN            *76

$WIND,,,T,,,R*12

$OWN,0,261187000,0,0.0,11.3,15.950818,54.809551,357.8,0.0,0.0,0.0,,5,9161247,SNHA   ,NAWIGATOR XXI       ,99,17,43,4,6,2,5,21,12,0,3.4,SZCZECIN            *7B

$WIND,,,T,,,R*12

$OWN,0,261187000,0,0.0,11.3,15.950817,54.809605,357.9,0.0,0.0,0.0,,5,9161247,SNHA   ,NAWIGATOR XXI       ,99,17,43,4,6,2,5,21,12,0,3.4,SZCZECIN            *77

$WIND,,,T,,,R*12

$OWN,0,261187000,0,0.0,11.3,15.950811,54.809654,357.8,0.0,0.0,0.0,,5,9161247,SNHA   ,NAWIGATOR XXI       ,99,17,43,4,6,2,5,21,12,0,3.4,SZCZECIN            *74

$WIND,,,T,,,R*12

$OWN,0,261187000,0,0.0,11.3,15.950809,54.809708,357.7,0.0,0.0,0.0,,5,9161247,SNHA   ,NAWIGATOR XXI       ,99,17,43,4,6,2,5,21,12,0,3.4,SZCZECIN            *7A

$WIND,,,T,,,R*12

$OWN,0,261187000,0,0.0,11.3,15.950804,54.809761,357.7,0.0,0.0,0.0,,5,9161247,SNHA   ,NAWIGATOR XXI       ,99,17,43,4,6,2,5,21,12,0,3.4,SZCZECIN            *78

$WIND,,,T,,,R*12

$OWN,0,261187000,0,0.0,11.3,15.950804,54.809761,357.7,0.0,0.0,0.0,,5,9161247,SNHA   ,NAWIGATOR XXI       ,99,17,43,4,6,2,5,21,12,0,3.4,SZCZECIN            *78

$WIND,,,T,,,R*12

$OWN,0,261187000,0,0.0,11.3,15.950800,54.809811,357.7,0.0,0.0,0.0,,5,9161247,SNHA   ,NAWIGATOR XXI       ,99,17,43,4,6,2,5,21,12,0,3.4,SZCZECIN            *74

$WIND,,,T,,,R*12

$OWN,0,261187000,0,0.0,11.3,15.950795,54.809864,357.7,0.0,0.0,0.0,,5,9161247,SNHA   ,NAWIGATOR XXI       ,99,17,43,4,6,2,5,21,12,0,3.4,SZCZECIN            *75

$WIND,,,T,,,R*12

$OWN,0,261187000,0,100000.0,11.3,15.950791,54.809914,357.7,0.0,0.0,0.0,,5,9161247,SNHA   ,NAWIGATOR XXI       ,99,17,43,4,6,2,5,21,12,0,3.4,SZCZECIN            *46

$WIND,,,T,,,R*12

$OWN,0,261187000,0,0.0,11.3,15.950788,54.809967,357.7,0.0,0.0,0.0,,5,9161247,SNHA   ,NAWIGATOR XXI       ,99,17,43,4,6,2,5,21,12,0,3.4,SZCZECIN            *7B

$WIND,,,T,,,R*12

$OWN,0,261187000,0,0.0,11.3,15.950787,54.810020,357.7,0.0,0.0,0.0,,5,9161247,SNHA   ,NAWIGATOR XXI       ,99,17,43,4,6,2,5,21,12,0,3.4,SZCZECIN            *76

$WIND,,,T,,,R*12

$OWN,0,261187000,0,0.0,11.3,15.950784,54.810074,357.7,0.0,0.0,0.0,,5,9161247,SNHA   ,NAWIGATOR XXI       ,99,17,43,4,6,2,5,21,12,0,3.4,SZCZECIN            *74

$WIND,,,T,,,R*12

$OWN,0,261187000,0,0.0,11.3,15.950778,54.810123,357.7,0.0,0.0,0.0,,5,9161247,SNHA   ,NAWIGATOR XXI       ,99,17,43,4,6,2,5,21,12,0,3.4,SZCZECIN            *74

$WIND,,,T,,,R*12

$OWN,0,261187000,0,0.0,11.3,15.950773,54.810177,357.5,0.0,0.0,0.0,,5,9161247,SNHA   ,NAWIGATOR XXI       ,99,17,43,4,6,2,5,21,12,0,3.4,SZCZECIN            *7C

$WIND,,,T,,,R*12

$OWN,0,261187000,0,0.0,11.3,15.950762,54.810280,357.4,0.0,0.0,0.0,,5,9161247,SNHA   ,NAWIGATOR XXI       ,99,17,43,4,6,2,5,21,12,0,3.4,SZCZECIN            *76

$WIND,,,T,,,R*12

$OWN,0,261187000,0,-100000.0,11.3,15.950758,54.810333,357.4,359.0,0.0,0.0,,1,,,,,,,,,,,,,,,*70

$WIND,,,T,,,R*12

$OWN,0,261187000,0,0.0,11.3,15.950753,54.810387,357.4,0.0,0.0,0.0,,1,,,,,,,,,,,,,,,*67

$WIND,,,T,,,R*12

$OWN,0,261187000,0,100000.0,11.3,15.950750,54.810436,357.5,0.0,0.0,0.0,,1,,,,,,,,,,,,,,,*59

$WIND,,,T,,,R*12

$OWN,0,261187000,0,0.0,11.3,15.950748,54.810490,357.6,0.0,0.0,0.0,,1,,,,,,,,,,,,,,,*6E

$WIND,,,T,,,R*12

$OWN,0,261187000,0,0.0,11.3,15.950744,54.810593,357.8,0.0,0.0,0.0,,1,,,,,,,,,,,,,,,*6E

$WIND,,,T,,,R*12

$OWN,0,261187000,0,0.0,11.3,15.950740,54.810646,357.6,0.0,0.0,0.0,,1,,,,,,,,,,,,,,,*6F

$WIND,,,T,,,R*12

$OWN,0,261187000,0,0.0,11.3,15.950733,54.810699,357.4,0.0,0.0,0.0,,1,,,,,,,,,,,,,,,*6B

$WIND,,,T,,,R*12

$OWN,0,261187000,0,0.0,11.3,15.950725,54.810749,357.2,0.0,0.0,0.0,,1,,,,,,,,,,,,,,,*66

$WIND,,,T,,,R*12

$OWN,0,261187000,0,0.0,11.3,15.950718,54.810802,357.2,0.0,0.0,0.0,,1,,,,,,,,,,,,,,,*68

$WIND,,,T,,,R*12

$OWN,0,261187000,0,-100000.0,11.3,15.950713,54.810856,357.1,0.0,0.0,0.0,,1,,,,,,,,,,,,,,,*7D

$WIND,,,T,,,R*12

$OWN,0,261187000,0,0.0,11.3,15.950708,54.810905,357.1,0.0,0.0,0.0,,1,,,,,,,,,,,,,,,*6C

$WIND,,,T,,,R*12

$OWN,0,261187000,0,0.0,11.3,15.950705,54.810959,357.2,0.0,0.0,0.0,,1,,,,,,,,,,,,,,,*6B

$WIND,,,T,,,R*12

$OWN,0,261187000,0,0.0,11.3,15.950702,54.811008,357.3,0.0,0.0,0.0,,1,,,,,,,,,,,,,,,*61

$WIND,,,T,,,R*12

$OWN,0,261187000,0,0.0,11.3,15.950702,54.811062,357.5,0.0,0.0,0.0,,1,,,,,,,,,,,,,,,*6B

$WIND,,,T,,,R*12

$OWN,0,261187000,0,0.0,11.3,15.950702,54.811062,357.5,0.0,0.0,0.0,,1,,,,,,,,,,,,,,,*6B

$WIND,,,T,,,R*12

$OWN,0,261187000,0,0.0,11.3,15.950700,54.811115,357.7,0.0,0.0,0.0,,1,,,,,,,,,,,,,,,*6A

$WIND,,,T,,,R*12

$OWN,0,261187000,0,0.0,11.3,15.950698,54.811169,357.7,0.0,0.0,0.0,,1,,,,,,,,,,,,,,,*61

$WIND,,,T,,,R*12

$OWN,0,261187000,0,-100000.0,11.3,15.950693,54.811218,357.6,359.0,0.0,0.0,,1,,,,,,,,,,,,,,,*7D

$WIND,,,T,,,R*12

$OWN,0,261187000,0,-100000.0,11.3,15.950688,54.811272,357.5,359.0,0.0,0.0,,1,,,,,,,,,,,,,,,*78

$WIND,,,T,,,R*12

$OWN,0,261187000,0,0.0,11.3,15.950675,54.811378,357.2,359.0,0.0,0.0,,1,,,,,,,,,,,,,,,*6A

$WIND,,,T,,,R*12

$OWN,0,261187000,0,0.0,11.3,15.950670,54.811428,357.2,359.0,0.0,0.0,,1,,,,,,,,,,,,,,,*6D

$WIND,,,T,,,R*12

$OWN,0,261187000,0,0.0,11.3,15.950666,54.811481,357.3,0.0,0.0,0.0,,1,,,,,,,,,,,,,,,*67

$WIND,,,T,,,R*12

$OWN,0,261187000,0,0.0,11.3,15.950664,54.811535,357.4,0.0,0.0,0.0,,1,,,,,,,,,,,,,,,*6C

$WIND,,,T,,,R*12

$OWN,0,261187000,0,0.0,11.3,15.950662,54.811584,357.5,0.0,0.0,0.0,,1,,,,,,,,,,,,,,,*61

$WIND,,,T,,,R*12

$OWN,0,261187000,0,0.0,11.3,15.950659,54.811638,357.5,0.0,0.0,0.0,,1,,,,,,,,,,,,,,,*6D

$WIND,,,T,,,R*12

$OWN,0,261187000,0,0.0,11.3,15.950653,54.811691,357.4,0.0,0.0,0.0,,1,,,,,,,,,,,,,,,*65

$WIND,,,T,,,R*12

$OWN,0,261187000,0,0.0,11.3,15.950646,54.811745,357.3,0.0,0.0,0.0,,1,,,,,,,,,,,,,,,*6E

$WIND,,,T,,,R*12

$OWN,0,261187000,0,0.0,11.3,15.950640,54.811794,357.1,0.0,0.0,0.0,,1,,,,,,,,,,,,,,,*66

$WIND,,,T,,,R*12

$OWN,0,261187000,0,0.0,11.4,15.950633,54.811848,357.0,0.0,0.0,0.0,,1,,,,,,,,,,,,,,,*6A

$WIND,,,T,,,R*12

$OWN,0,261187000,0,0.0,11.4,15.950628,54.811897,357.0,0.0,0.0,0.0,,1,,,,,,,,,,,,,,,*62

$WIND,,,T,,,R*12

$OWN,0,261187000,0,-100000.0,11.4,15.950625,54.811951,357.1,0.0,0.0,0.0,,1,,,,,,,,,,,,,,,*79

$WIND,,,T,,,R*12

$OWN,0,261187000,0,0.0,11.4,15.950624,54.812004,357.3,0.0,0.0,0.0,,1,,,,,,,,,,,,,,,*6C

$WIND,,,T,,,R*12

$OWN,0,261187000,0,0.0,11.4,15.950620,54.812057,357.3,0.0,0.0,0.0,,1,,,,,,,,,,,,,,,*6E

$WIND,,,T,,,R*12

$OWN,0,261187000,0,0.0,11.4,15.950619,54.812107,357.5,0.0,0.0,0.0,,1,,,,,,,,,,,,,,,*66

$WIND,,,T,,,R*12

$OWN,0,261187000,0,0.0,11.3,15.950617,54.812160,357.7,0.0,0.0,0.0,,1,,,,,,,,,,,,,,,*6C

$WIND,,,T,,,R*12

$OWN,0,261187000,0,0.0,11.4,15.950615,54.812214,357.6,0.0,0.0,0.0,,1,,,,,,,,,,,,,,,*68

$WIND,,,T,,,R*12

$OWN,0,261187000,0,0.0,11.4,15.950608,54.812267,357.5,0.0,0.0,0.0,,1,,,,,,,,,,,,,,,*63

$WIND,,,T,,,R*12

$OWN,0,261187000,0,0.0,11.4,15.950602,54.812317,357.4,0.0,0.0,0.0,,1,,,,,,,,,,,,,,,*6E

$WIND,,,T,,,R*12

$OWN,0,261187000,0,100000.0,11.4,15.950597,54.812370,357.3,0.0,0.0,0.0,,1,,,,,,,,,,,,,,,*56

$WIND,,,T,,,R*12

$OWN,0,261187000,0,100000.0,11.4,15.950597,54.812370,357.3,0.0,0.0,0.0,,1,,,,,,,,,,,,,,,*56

$WIND,,,T,,,R*12

$OWN,0,261187000,0,100000.0,11.4,15.950592,54.812420,357.2,0.0,0.0,0.0,,1,,,,,,,,,,,,,,,*50

$WIND,,,T,,,R*12

$OWN,0,261187000,0,100000.0,11.4,15.950586,54.812473,357.3,0.0,0.0,0.0,,1,,,,,,,,,,,,,,,*52

$WIND,,,T,,,R*12

$OWN,0,261187000,0,0.0,11.4,15.950583,54.812527,357.4,0.0,0.0,0.0,,1,,,,,,,,,,,,,,,*61

$WIND,,,T,,,R*12

$OWN,0,261187000,0,0.0,11.4,15.950582,54.812580,357.5,0.0,0.0,0.0,,1,,,,,,,,,,,,,,,*6C

$WIND,,,T,,,R*12

$OWN,0,261187000,0,0.0,11.4,15.950579,54.812634,357.5,1.0,0.0,0.0,,1,,,,,,,,,,,,,,,*65

$WIND,,,T,,,R*12

$OWN,0,261187000,0,0.0,11.4,15.950575,54.812683,357.4,1.0,0.0,0.0,,1,,,,,,,,,,,,,,,*64

$WIND,,,T,,,R*12

$OWN,0,261187000,0,0.0,11.4,15.950570,54.812737,357.4,1.0,0.0,0.0,,1,,,,,,,,,,,,,,,*6F

$WIND,,,T,,,R*12

$OWN,0,261187000,0,-100000.0,11.4,15.950568,54.812790,357.5,1.0,0.0,0.0,,1,,,,,,,,,,,,,,,*76

$WIND,,,T,,,R*12

$OWN,0,261187000,0,-100000.0,11.4,15.950565,54.812840,357.6,1.0,0.0,0.0,,1,,,,,,,,,,,,,,,*7A

$WIND,,,T,,,R*12

$OWN,0,261187000,0,-100000.0,11.4,15.950562,54.812893,357.6,0.0,0.0,0.0,,1,,,,,,,,,,,,,,,*72

$WIND,,,T,,,R*12

$OWN,0,261187000,0,0.0,11.4,15.950559,54.812946,357.7,0.0,0.0,0.0,,1,,,,,,,,,,,,,,,*6E

$WIND,,,T,,,R*12

$OWN,0,261187000,0,0.0,11.3,15.950555,54.812996,357.7,0.0,0.0,0.0,,1,,,,,,,,,,,,,,,*68

$WIND,,,T,,,R*12

$OWN,0,261187000,0,0.0,11.4,15.950553,54.813049,357.8,0.0,0.0,0.0,,1,,,,,,,,,,,,,,,*6C

$WIND,,,T,,,R*12

$OWN,0,261187000,0,0.0,11.4,15.950553,54.813103,358.0,0.0,0.0,0.0,,1,,,,,,,,,,,,,,,*64

$WIND,,,T,,,R*12

$OWN,0,261187000,0,0.0,11.4,15.950550,54.813156,358.0,0.0,0.0,0.0,,1,,,,,,,,,,,,,,,*67

$WIND,,,T,,,R*12

$OWN,0,261187000,0,0.0,11.4,15.950548,54.813206,358.1,0.0,0.0,0.0,,1,,,,,,,,,,,,,,,*69

$WIND,,,T,,,R*12

$OWN,0,261187000,0,100000.0,11.4,15.950545,54.813259,358.0,0.0,0.0,0.0,,1,,,,,,,,,,,,,,,*5E

$WIND,,,T,,,R*12

$OWN,0,261187000,0,100000.0,11.4,15.950539,54.813309,357.7,0.0,0.0,0.0,,1,,,,,,,,,,,,,,,*59

$WIND,,,T,,,R*12

$OWN,0,261187000,0,0.0,11.4,15.950533,54.813362,357.6,0.0,0.0,0.0,,1,,,,,,,,,,,,,,,*6E

$WIND,,,T,,,R*12

$OWN,0,261187000,0,0.0,11.4,15.950528,54.813416,357.6,0.0,0.0,0.0,,1,,,,,,,,,,,,,,,*60

$WIND,,,T,,,R*12

$OWN,0,261187000,0,0.0,11.4,15.950525,54.813465,357.6,0.0,0.0,0.0,,1,,,,,,,,,,,,,,,*69

$WIND,,,T,,,R*12

$OWN,0,261187000,0,0.0,11.4,15.950521,54.813519,357.6,0.0,0.0,0.0,,1,,,,,,,,,,,,,,,*67

$WIND,,,T,,,R*12

$OWN,0,261187000,0,0.0,11.4,15.950519,54.813572,357.6,0.0,0.0,0.0,,1,,,,,,,,,,,,,,,*61

$WIND,,,T,,,R*12

$OWN,0,261187000,0,0.0,11.4,15.950515,54.813625,357.7,0.0,0.0,0.0,,1,,,,,,,,,,,,,,,*6D

$WIND,,,T,,,R*12

$OWN,0,261187000,0,0.0,11.4,15.950512,54.813675,357.7,0.0,0.0,0.0,,1,,,,,,,,,,,,,,,*6F

$WIND,,,T,,,R*12

$OWN,0,261187000,0,0.0,11.4,15.950508,54.813728,357.7,0.0,0.0,0.0,,1,,,,,,,,,,,,,,,*6D

$WIND,,,T,,,R*12

$OWN,0,261187000,0,-100000.0,11.3,15.950505,54.813782,357.7,0.0,0.0,0.0,,1,,,,,,,,,,,,,,,*7B

$WIND,,,T,,,R*12

$OWN,0,261187000,0,0.0,11.4,15.950503,54.813835,357.8,0.0,0.0,0.0,,1,,,,,,,,,,,,,,,*6A

$WIND,,,T,,,R*12

$OWN,0,261187000,0,0.0,11.4,15.950500,54.813889,357.9,0.0,0.0,0.0,,1,,,,,,,,,,,,,,,*6F

$WIND,,,T,,,R*12

$OWN,0,261187000,0,0.0,11.4,15.950497,54.813938,357.9,0.0,0.0,0.0,,1,,,,,,,,,,,,,,,*6B

$WIND,,,T,,,R*12

$OWN,0,261187000,0,0.0,11.4,15.950493,54.813992,357.9,0.0,0.0,0.0,,1,,,,,,,,,,,,,,,*6F

$WIND,,,T,,,R*12

$OWN,0,261187000,0,0.0,11.4,15.950492,54.814045,357.9,0.0,0.0,0.0,,1,,,,,,,,,,,,,,,*6A

$WIND,,,T,,,R*12

$OWN,0,261187000,0,0.0,11.4,15.950487,54.814095,357.8,0.0,0.0,0.0,,1,,,,,,,,,,,,,,,*62

$WIND,,,T,,,R*12

$OWN,0,261187000,0,0.0,11.4,15.950487,54.814095,357.8,0.0,0.0,0.0,,1,,,,,,,,,,,,,,,*62

$WIND,,,T,,,R*12

$OWN,0,261187000,0,0.0,11.4,15.950481,54.814148,357.7,0.0,0.0,0.0,,1,,,,,,,,,,,,,,,*6A

$WIND,,,T,,,R*12

$OWN,0,261187000,0,100000.0,11.4,15.950479,54.814201,357.7,0.0,0.0,0.0,,1,,,,,,,,,,,,,,,*52

$WIND,,,T,,,R*12

$OWN,0,261187000,0,0.0,11.4,15.950474,54.814255,357.7,0.0,0.0,0.0,,1,,,,,,,,,,,,,,,*6F

$WIND,,,T,,,R*12

$OWN,0,261187000,0,0.0,11.4,15.950468,54.814304,357.6,0.0,0.0,0.0,,1,,,,,,,,,,,,,,,*66

$WIND,,,T,,,R*12

$OWN,0,261187000,0,0.0,11.4,15.950465,54.814358,357.6,0.0,0.0,0.0,,1,,,,,,,,,,,,,,,*62

$WIND,,,T,,,R*12

$OWN,0,261187000,0,0.0,11.4,15.950457,54.814461,357.6,0.0,0.0,0.0,,1,,,,,,,,,,,,,,,*6E

$WIND,,,T,,,R*12

$OWN,0,261187000,0,0.0,11.4,15.950454,54.814514,357.6,0.0,0.0,0.0,,1,,,,,,,,,,,,,,,*6E

$WIND,,,T,,,R*12

$OWN,0,261187000,0,0.0,11.4,15.950450,54.814568,357.7,0.0,0.0,0.0,,1,,,,,,,,,,,,,,,*60

$WIND,,,T,,,R*12

$OWN,0,261187000,0,0.0,11.4,15.950448,54.814621,357.8,0.0,0.0,0.0,,1,,,,,,,,,,,,,,,*68

$WIND,,,T,,,R*12

$OWN,0,261187000,0,0.0,11.4,15.950447,54.814674,357.8,0.0,0.0,0.0,,1,,,,,,,,,,,,,,,*67

$WIND,,,T,,,R*12

$OWN,0,261187000,0,0.0,11.4,15.950443,54.814724,358.0,0.0,0.0,0.0,,1,,,,,,,,,,,,,,,*60

$WIND,,,T,,,R*12

$OWN,0,261187000,0,0.0,11.4,15.950441,54.814777,358.0,0.0,0.0,0.0,,1,,,,,,,,,,,,,,,*64

$WIND,,,T,,,R*12

$OWN,0,261187000,0,-100000.0,11.4,15.950438,54.814831,357.9,0.0,0.0,0.0,,1,,,,,,,,,,,,,,,*7D

$WIND,,,T,,,R*12

$OWN,0,261187000,0,-100000.0,11.4,15.950435,54.814884,357.8,0.0,0.0,0.0,,1,,,,,,,,,,,,,,,*7F

$WIND,,,T,,,R*12

$OWN,0,261187000,0,-100000.0,11.4,15.950428,54.814934,357.7,0.0,0.0,0.0,,1,,,,,,,,,,,,,,,*76

$WIND,,,T,,,R*12

$OWN,0,261187000,0,-100000.0,11.4,15.950421,54.814987,357.5,359.0,0.0,0.0,,1,,,,,,,,,,,,,,,*7A

$WIND,,,T,,,R*12

$OWN,0,261187000,0,-100000.0,11.4,15.950417,54.815041,357.3,359.0,0.0,0.0,,1,,,,,,,,,,,,,,,*7B

$WIND,,,T,,,R*12

$OWN,0,261187000,0,-100000.0,11.4,15.950410,54.815090,357.3,358.0,0.0,0.0,,1,,,,,,,,,,,,,,,*71

$WIND,,,T,,,R*12

$OWN,0,261187000,0,-100000.0,11.4,15.950405,54.815144,357.3,357.0,0.0,0.0,,1,,,,,,,,,,,,,,,*72

$WIND,,,T,,,R*12

$OWN,0,261187000,0,-100000.0,11.4,15.950400,54.815197,357.2,355.0,0.0,0.0,,1,,,,,,,,,,,,,,,*7A

$WIND,,,T,,,R*12

$OWN,0,261187000,0,-100000.0,11.4,15.950394,54.815247,357.1,354.0,0.0,0.0,,1,,,,,,,,,,,,,,,*7C

$WIND,,,T,,,R*12

$OWN,0,261187000,0,-100000.0,11.3,15.950388,54.815300,357.0,352.0,0.0,0.0,,1,,,,,,,,,,,,,,,*73

$WIND,,,T,,,R*12

$OWN,0,261187000,0,-100000.0,11.3,15.950378,54.815350,356.6,349.0,0.0,0.0,,1,,,,,,,,,,,,,,,*74

$WIND,,,T,,,R*12

$OWN,0,261187000,0,-100000.0,11.3,15.950367,54.815399,356.1,346.0,0.0,0.0,,1,,,,,,,,,,,,,,,*77

$WIND,,,T,,,R*12

$OWN,0,261187000,0,-100000.0,11.2,15.950354,54.815449,355.6,344.0,0.0,0.0,,1,,,,,,,,,,,,,,,*7A

$WIND,,,T,,,R*12

$OWN,0,261187000,0,-100000.0,11.2,15.950336,54.815498,354.9,340.0,0.0,0.0,,1,,,,,,,,,,,,,,,*78

$WIND,,,T,,,R*12

$OWN,0,261187000,0,-100000.0,11.2,15.950336,54.815498,354.9,337.0,0.0,0.0,,1,,,,,,,,,,,,,,,*78

$WIND,,,T,,,R*12

$OWN,0,261187000,0,-100000.0,11.1,15.950316,54.815548,354.2,333.0,0.0,0.0,,1,,,,,,,,,,,,,,,*7A

$WIND,,,T,,,R*12

$OWN,0,261187000,0,-100000.0,11.0,15.950295,54.815594,353.3,329.0,0.0,0.0,,1,,,,,,,,,,,,,,,*7D

$WIND,,,T,,,R*12

$OWN,0,261187000,0,-100000.0,10.9,15.950270,54.815639,352.2,326.0,0.0,0.0,,1,,,,,,,,,,,,,,,*75

$WIND,,,T,,,R*12

$OWN,0,261187000,0,-100000.0,10.8,15.950242,54.815681,350.9,322.0,0.0,0.0,,1,,,,,,,,,,,,,,,*7B

$WIND,,,T,,,R*12

$OWN,0,261187000,0,-100000.0,10.7,15.950209,54.815723,349.5,318.0,0.0,0.0,,1,,,,,,,,,,,,,,,*7F

$WIND,,,T,,,R*12

$OWN,0,261187000,0,-100000.0,10.3,15.950133,54.815800,346.2,315.0,0.0,0.0,,1,,,,,,,,,,,,,,,*7A

$WIND,,,T,,,R*12

$OWN,0,261187000,0,-100000.0,10.2,15.950090,54.815830,344.4,311.0,0.0,0.0,,1,,,,,,,,,,,,,,,*70

$WIND,,,T,,,R*12

$OWN,0,261187000,0,-100000.0,10.0,15.950045,54.815865,342.4,307.0,0.0,0.0,,1,,,,,,,,,,,,,,,*7B

$WIND,,,T,,,R*12

$OWN,0,261187000,0,-100000.0,9.7,15.950000,54.815891,340.4,307.0,0.0,0.0,,1,,,,,,,,,,,,,,,*4C

$WIND,,,T,,,R*12

$OWN,0,261187000,0,-100000.0,9.5,15.949952,54.815918,338.3,304.0,0.0,0.0,,1,,,,,,,,,,,,,,,*43

$WIND,,,T,,,R*12

$OWN,0,261187000,0,-100000.0,9.3,15.949903,54.815941,336.0,300.0,0.0,0.0,,1,,,,,,,,,,,,,,,*44

$WIND,,,T,,,R*12

$OWN,0,261187000,0,-100000.0,9.1,15.949852,54.815964,333.8,297.0,0.0,0.0,,1,,,,,,,,,,,,,,,*46

$WIND,,,T,,,R*12

$OWN,0,261187000,0,-100000.0,8.8,15.949801,54.815983,331.4,293.0,0.0,0.0,,1,,,,,,,,,,,,,,,*4B

$WIND,,,T,,,R*12

$OWN,0,261187000,0,-100000.0,8.6,15.949750,54.816002,329.0,290.0,0.0,0.0,,1,,,,,,,,,,,,,,,*43

$WIND,,,T,,,R*12

$OWN,0,261187000,0,-100000.0,8.4,15.949698,54.816017,326.5,287.0,0.0,0.0,,1,,,,,,,,,,,,,,,*4C

$WIND,,,T,,,R*12

$OWN,0,261187000,0,-100000.0,8.1,15.949645,54.816029,323.9,283.0,0.0,0.0,,1,,,,,,,,,,,,,,,*49

$WIND,,,T,,,R*12

$OWN,0,261187000,0,-100000.0,7.9,15.949594,54.816040,321.4,280.0,0.0,0.0,,1,,,,,,,,,,,,,,,*42

$WIND,,,T,,,R*12

$AIS,0,273399760,3,-0.2,0.1,15.349435,54.830170,234.0,231.0,-38549.71,1736.04,,1,,,,,,,,,,,,,,,*6D

$OWN,0,261187000,0,-100000.0,7.7,15.949542,54.816051,318.8,277.0,0.0,0.0,,1,,,,,,,,,,,,,,,*49

$WIND,,,T,,,R*12

$AIS,0,273399760,3,-0.2,0.1,15.349435,54.830170,234.0,231.0,-38546.47,1735.59,,1,,,,,,,,,,,,,,,*6C

$OWN,0,261187000,0,-100000.0,7.5,15.949492,54.816055,316.0,271.0,0.0,0.0,,1,,,,,,,,,,,,,,,*43

$WIND,,,T,,,R*12

$AIS,0,273399760,3,-0.2,0.1,15.349435,54.830170,234.0,231.0,-38546.47,1735.59,,1,,,,,,,,,,,,,,,*6C

$OWN,0,261187000,0,-100000.0,7.1,15.949390,54.816067,310.4,268.0,0.0,0.0,,1,,,,,,,,,,,,,,,*49

$WIND,,,T,,,R*12

$AIS,0,273399760,3,-0.2,0.1,15.349435,54.830170,234.0,231.0,-38539.97,1734.26,,1,,,,,,,,,,,,,,,*60

$AIS,0,273418870,0,0.0,0.3,15.283235,54.828892,95.2,59.0,-42793.84,1630.47,,1,,,,,,,,,,,,,,,*4B

$OWN,0,261187000,0,-100000.0,6.9,15.949340,54.816067,307.7,265.0,0.0,0.0,,1,,,,,,,,,,,,,,,*45

$WIND,,,T,,,R*12

$AIS,0,273399760,3,-0.2,0.1,15.349435,54.830170,234.0,231.0,-38536.72,1734.23,,1,,,,,,,,,,,,,,,*61

$AIS,0,273418870,0,0.0,0.3,15.283235,54.828892,95.2,59.0,-42790.59,1630.44,,1,,,,,,,,,,,,,,,*4B

$OWN,0,261187000,0,-100000.0,6.7,15.949290,54.816071,304.9,262.0,0.0,0.0,,1,,,,,,,,,,,,,,,*4A

$WIND,,,T,,,R*12

$AIS,0,273399760,3,-0.2,0.1,15.349435,54.830170,234.0,231.0,-38533.54,1733.78,,1,,,,,,,,,,,,,,,*69

$AIS,0,273418870,0,0.0,0.3,15.283235,54.828892,95.2,59.0,-42787.40,1629.99,,1,,,,,,,,,,,,,,,*4D

$OWN,0,261187000,0,-100000.0,6.5,15.949244,54.816071,302.1,259.0,0.0,0.0,,1,,,,,,,,,,,,,,,*47

$WIND,,,T,,,R*12

$AIS,0,273399760,3,-0.2,0.1,15.349435,54.830170,234.0,231.0,-38530.54,1733.76,,1,,,,,,,,,,,,,,,*64

$AIS,0,273418870,0,0.0,0.3,15.283235,54.828892,95.2,59.0,-42784.40,1629.96,,1,,,,,,,,,,,,,,,*41

$OWN,0,261187000,0,-100000.0,6.4,15.949197,54.816067,299.2,256.0,0.0,0.0,,1,,,,,,,,,,,,,,,*43

$WIND,,,T,,,R*12

$AIS,0,273399760,3,-0.2,0.1,15.349435,54.830170,234.0,231.0,-38527.54,1734.16,,1,,,,,,,,,,,,,,,*63

$AIS,0,273418870,0,0.0,0.3,15.283235,54.828892,95.2,59.0,-42781.40,1630.35,,1,,,,,,,,,,,,,,,*45

$OWN,0,261187000,0,-100000.0,6.2,15.949150,54.816067,296.3,253.0,0.0,0.0,,1,,,,,,,,,,,,,,,*45

$WIND,,,T,,,R*12

$AIS,0,273399760,3,-0.2,0.1,15.349435,54.830170,234.0,231.0,-38524.53,1734.13,,1,,,,,,,,,,,,,,,*62

$AIS,0,273418870,0,0.0,0.3,15.283235,54.828892,95.2,59.0,-42778.40,1630.33,,1,,,,,,,,,,,,,,,*45

$OWN,0,261187000,0,-100000.0,6.2,15.949150,54.816067,296.3,250.0,0.0,0.0,,1,,,,,,,,,,,,,,,*46

$WIND,,,T,,,R*12

$AIS,0,273399760,3,-0.2,0.1,15.349435,54.830170,234.0,231.0,-38524.53,1734.13,,1,,,,,,,,,,,,,,,*62

$AIS,0,273418870,0,0.0,0.3,15.283235,54.828892,95.2,59.0,-42778.40,1630.33,,1,,,,,,,,,,,,,,,*45

$OWN,0,261187000,0,-100000.0,6.1,15.949105,54.816063,293.4,247.0,0.0,0.0,,1,,,,,,,,,,,,,,,*45

$WIND,,,T,,,R*12

$AIS,0,273399760,3,-0.2,0.1,15.349435,54.830170,234.0,231.0,-38521.65,1734.53,,1,,,,,,,,,,,,,,,*66

$AIS,0,273418870,0,0.0,0.3,15.283235,54.828892,95.2,59.0,-42775.52,1630.72,,1,,,,,,,,,,,,,,,*4E

$OWN,0,261187000,0,-100000.0,5.9,15.949060,54.816055,290.5,244.0,0.0,0.0,,1,,,,,,,,,,,,,,,*48

$WIND,,,T,,,R*12

$AIS,0,273418870,0,0.0,0.3,15.283235,54.828892,95.2,59.0,-42769.94,1631.94,,1,,,,,,,,,,,,,,,*40

$OWN,0,261187000,0,-100000.0,5.7,15.948977,54.816040,284.5,241.0,0.0,0.0,,1,,,,,,,,,,,,,,,*4C

$WIND,,,T,,,R*12

$AIS,0,273418870,0,0.0,0.3,15.283235,54.828892,95.2,59.0,-42767.25,1633.19,,1,,,,,,,,,,,,,,,*43

$OWN,0,261187000,0,-100000.0,5.6,15.948935,54.816032,281.5,238.0,0.0,0.0,,1,,,,,,,,,,,,,,,*45

$WIND,,,T,,,R*12

$OWN,0,261187000,0,-100000.0,5.5,15.948895,54.816021,278.4,236.0,0.0,0.0,,1,,,,,,,,,,,,,,,*46

$WIND,,,T,,,R*12

$OWN,0,261187000,0,-100000.0,5.4,15.948858,54.816010,275.3,233.0,0.0,0.0,,1,,,,,,,,,,,,,,,*4B

$WIND,,,T,,,R*12

$OWN,0,261187000,0,-100000.0,5.3,15.948822,54.815998,272.2,230.0,0.0,0.0,,1,,,,,,,,,,,,,,,*4E

$WIND,,,T,,,R*12

$OWN,0,261187000,0,-100000.0,5.2,15.948787,54.815987,269.1,227.0,0.0,0.0,,1,,,,,,,,,,,,,,,*4E

$WIND,,,T,,,R*12

$OWN,0,261187000,0,-100000.0,5.1,15.948751,54.815971,266.1,225.0,0.0,0.0,,1,,,,,,,,,,,,,,,*42

$WIND,,,T,,,R*12

$OWN,0,261187000,0,-100000.0,5.1,15.948751,54.815971,266.1,222.0,0.0,0.0,,1,,,,,,,,,,,,,,,*45

$WIND,,,T,,,R*12

$OWN,0,261187000,0,-100000.0,5.0,15.948720,54.815956,263.1,219.0,0.0,0.0,,1,,,,,,,,,,,,,,,*4A

$WIND,,,T,,,R*12

$OWN,0,261187000,0,-100000.0,4.9,15.948690,54.815941,260.0,217.0,0.0,0.0,,1,,,,,,,,,,,,,,,*42

$WIND,,,T,,,R*12

$OWN,0,261187000,0,-100000.0,4.8,15.948631,54.815907,253.7,214.0,0.0,0.0,,1,,,,,,,,,,,,,,,*4E

$WIND,,,T,,,R*12

$OWN,0,261187000,0,-100000.0,4.8,15.948606,54.815887,250.4,211.0,0.0,0.0,,1,,,,,,,,,,,,,,,*46

$WIND,,,T,,,R*12

$OWN,0,261187000,0,-100000.0,4.7,15.948582,54.815868,247.4,208.0,0.0,0.0,,1,,,,,,,,,,,,,,,*49

$WIND,,,T,,,R*12

$OWN,0,261187000,0,-100000.0,4.6,15.948559,54.815849,244.4,206.0,0.0,0.0,,1,,,,,,,,,,,,,,,*40

$WIND,,,T,,,R*12

$OWN,0,261187000,0,-100000.0,4.6,15.948539,54.815830,241.2,203.0,0.0,0.0,,1,,,,,,,,,,,,,,,*4E

$WIND,,,T,,,R*12

$AIS,0,273212470,3,0.0,0.0,15.326220,54.826252,142.9,250.0,-39980.42,1337.17,,1,,,,,,,,,,,,,,,*4F

$OWN,0,261187000,0,-100000.0,4.6,15.948519,54.815811,238.1,201.0,0.0,0.0,,1,,,,,,,,,,,,,,,*40

$WIND,,,T,,,R*12

$AIS,0,273212470,3,0.0,0.0,15.326220,54.826252,142.9,250.0,-39979.13,1339.28,,1,,,,,,,,,,,,,,,*4F

$OWN,0,261187000,0,-100000.0,4.5,15.948500,54.815788,235.1,198.0,0.0,0.0,,1,,,,,,,,,,,,,,,*4A

$WIND,,,T,,,R*12

$AIS,0,273212470,3,0.0,0.0,15.326220,54.826252,142.9,250.0,-39977.91,1341.82,,1,,,,,,,,,,,,,,,*44

$OWN,0,261187000,0,-100000.0,4.5,15.948500,54.815788,235.1,198.0,0.0,0.0,,1,,,,,,,,,,,,,,,*4A

$WIND,,,T,,,R*12

$AIS,0,273212470,3,0.0,0.0,15.326220,54.826252,142.9,250.0,-39976.99,1343.93,,1,,,,,,,,,,,,,,,*4F

$AIS,0,273418880,0,0.0,0.5,15.459777,54.813087,74.4,73.0,-31406.99,-188.94,,1,,,,,,,,,,,,,,,*54

$OWN,0,261187000,0,-100000.0,4.5,15.948485,54.815769,232.2,195.0,0.0,0.0,,1,,,,,,,,,,,,,,,*40

$WIND,,,T,,,R*12

$AIS,0,273212470,3,0.0,0.0,15.326220,54.826252,142.9,250.0,-39976.01,1346.04,,1,,,,,,,,,,,,,,,*45

$AIS,0,273418880,0,0.0,0.5,15.459777,54.813087,74.4,73.0,-31406.01,-186.83,,1,,,,,,,,,,,,,,,*5D

$AIS,0,273399760,3,0.2,0.1,15.349455,54.830147,234.0,231.0,-38479.59,1766.43,,1,,,,,,,,,,,,,,,*4C

$OWN,0,261187000,0,-100000.0,4.5,15.948470,54.815750,229.2,193.0,0.0,0.0,,1,,,,,,,,,,,,,,,*4C

$WIND,,,T,,,R*12

$AIS,0,273212470,3,0.0,0.0,15.326220,54.826252,142.9,250.0,-39975.27,1348.59,,1,,,,,,,,,,,,,,,*44

$AIS,0,273418880,0,0.0,0.5,15.459777,54.813087,74.4,73.0,-31405.28,-184.28,,1,,,,,,,,,,,,,,,*56

$AIS,0,273399760,3,0.2,0.1,15.349455,54.830147,234.0,231.0,-38478.85,1768.97,,1,,,,,,,,,,,,,,,*4B

$OWN,0,261187000,0,-100000.0,4.4,15.948459,54.815727,226.0,187.0,0.0,0.0,,1,,,,,,,,,,,,,,,*4E

$WIND,,,T,,,R*12

$AIS,0,273212470,3,0.0,0.0,15.326220,54.826252,142.9,250.0,-39975.27,1348.59,,1,,,,,,,,,,,,,,,*44

$AIS,0,273418880,0,0.0,0.5,15.459777,54.813087,74.4,73.0,-31405.28,-184.28,,1,,,,,,,,,,,,,,,*56

$AIS,0,273399760,3,0.2,0.1,15.349455,54.830147,234.0,231.0,-38478.85,1768.97,,1,,,,,,,,,,,,,,,*4B

$OWN,0,261187000,0,-100000.0,4.4,15.948439,54.815681,220.1,185.0,0.0,0.0,,1,,,,,,,,,,,,,,,*40

$WIND,,,T,,,R*12

$AIS,0,273212470,3,0.0,0.0,15.326220,54.826252,142.9,250.0,-39973.99,1353.67,,1,,,,,,,,,,,,,,,*40

$AIS,0,273418880,0,0.0,0.5,15.459777,54.813087,74.4,73.0,-31403.99,-179.20,,1,,,,,,,,,,,,,,,*50

$AIS,0,273399760,3,0.2,0.1,15.349455,54.830147,234.0,231.0,-38477.57,1774.05,,1,,,,,,,,,,,,,,,*4D

$OWN,0,261187000,0,-100000.0,4.4,15.948432,54.815659,217.0,182.0,0.0,0.0,,1,,,,,,,,,,,,,,,*4C

$WIND,,,T,,,R*12

$AIS,0,273212470,3,0.0,0.0,15.326220,54.826252,142.9,250.0,-39973.56,1356.21,,1,,,,,,,,,,,,,,,*44

$AIS,0,273418880,0,0.0,0.5,15.459777,54.813087,74.4,73.0,-31403.56,-176.65,,1,,,,,,,,,,,,,,,*5D

$AIS,0,273399760,3,0.2,0.1,15.349455,54.830147,234.0,231.0,-38477.14,1776.60,,1,,,,,,,,,,,,,,,*4B

$OWN,0,261187000,0,-100000.0,4.4,15.948432,54.815659,217.0,179.0,0.0,0.0,,1,,,,,,,,,,,,,,,*48

$WIND,,,T,,,R*12

$AIS,0,273212470,3,0.0,0.0,15.326220,54.826252,142.9,250.0,-39973.56,1356.21,,1,,,,,,,,,,,,,,,*44

$AIS,0,273418880,0,0.0,0.5,15.459777,54.813087,74.4,73.0,-31403.56,-176.65,,1,,,,,,,,,,,,,,,*5D

$AIS,0,273399760,3,0.2,0.1,15.349455,54.830147,234.0,231.0,-38477.14,1776.60,,1,,,,,,,,,,,,,,,*4B

$OWN,0,261187000,0,-100000.0,4.4,15.948426,54.815636,214.0,177.0,0.0,0.0,,1,,,,,,,,,,,,,,,*49

$WIND,,,T,,,R*12

$AIS,0,273418880,0,0.0,0.5,15.459777,54.813087,74.4,73.0,-31403.19,-174.11,,1,,,,,,,,,,,,,,,*57

$AIS,0,273399760,3,0.2,0.1,15.349455,54.830147,234.0,231.0,-38476.77,1779.14,,1,,,,,,,,,,,,,,,*43

$AIS,0,273370640,3,-6.4,0.4,15.354785,54.832478,253.2,343.0,-38132.18,2035.58,,1,,,,,,,,,,,,,,,*69

$OWN,0,261187000,0,-100000.0,4.3,15.948423,54.815617,211.1,174.0,0.0,0.0,,1,,,,,,,,,,,,,,,*4F

$WIND,,,T,,,R*12

$AIS,0,273418880,0,0.0,0.5,15.459777,54.813087,74.4,73.0,-31403.01,-171.99,,1,,,,,,,,,,,,,,,*5B

$AIS,0,273399760,3,0.2,0.1,15.349455,54.830147,234.0,231.0,-38476.59,1781.26,,1,,,,,,,,,,,,,,,*49

$AIS,0,273370640,3,-6.4,0.4,15.354785,54.832478,253.2,343.0,-38132.00,2037.70,,1,,,,,,,,,,,,,,,*68

$OWN,0,261187000,0,-100000.0,4.3,15.948421,54.815590,208.3,172.0,0.0,0.0,,1,,,,,,,,,,,,,,,*4D

$WIND,,,T,,,R*12

$AIS,0,273418880,0,0.0,0.5,15.459777,54.813087,74.4,73.0,-31402.89,-169.02,,1,,,,,,,,,,,,,,,*51

$AIS,0,273399760,3,0.2,0.1,15.349455,54.830147,234.0,231.0,-38476.47,1784.23,,1,,,,,,,,,,,,,,,*46

$AIS,0,273370640,3,-6.4,0.4,15.354785,54.832478,253.2,343.0,-38131.88,2040.67,,1,,,,,,,,,,,,,,,*6D

$OWN,0,261187000,0,-100000.0,4.3,15.948420,54.815567,205.4,172.0,0.0,0.0,,1,,,,,,,,,,,,,,,*4E

$WIND,,,T,,,R*12

$AIS,0,273418880,0,0.0,0.5,15.459777,54.813087,74.4,73.0,-31402.77,-166.47,,1,,,,,,,,,,,,,,,*5E

$AIS,0,273399760,3,0.2,0.1,15.349455,54.830147,234.0,231.0,-38476.34,1786.78,,1,,,,,,,,,,,,,,,*4E

$AIS,0,273370640,3,-6.4,0.4,15.354785,54.832478,253.2,343.0,-38131.76,2043.22,,1,,,,,,,,,,,,,,,*6E

$OWN,0,261187000,0,-100000.0,4.3,15.948423,54.815548,202.6,169.0,0.0,0.0,,1,,,,,,,,,,,,,,,*4F

$WIND,,,T,,,R*12

$AIS,0,273399760,3,0.2,0.1,15.349455,54.830147,234.0,231.0,-38476.59,1788.90,,1,,,,,,,,,,,,,,,*4D

$AIS,0,273370640,3,-6.4,0.4,15.354785,54.832478,253.2,343.0,-38132.00,2045.34,,1,,,,,,,,,,,,,,,*6D

$OWN,0,261187000,0,-100000.0,4.3,15.948425,54.815525,199.9,166.0,0.0,0.0,,1,,,,,,,,,,,,,,,*43

$WIND,,,T,,,R*12

$AIS,0,273399760,3,-0.2,0.0,15.349465,54.830147,234.0,231.0,-38476.04,1791.44,,1,,,,,,,,,,,,,,,*6B

$AIS,0,273370640,3,-6.4,0.4,15.354785,54.832478,253.2,343.0,-38132.12,2047.89,,1,,,,,,,,,,,,,,,*6A

$OWN,0,261187000,0,-100000.0,4.3,15.948430,54.815502,197.0,163.0,0.0,0.0,,1,,,,,,,,,,,,,,,*40

$WIND,,,T,,,R*12

$AIS,0,273399760,3,-0.2,0.0,15.349465,54.830147,234.0,231.0,-38476.34,1793.99,,1,,,,,,,,,,,,,,,*6A

$AIS,0,273370640,3,-6.4,0.4,15.354785,54.832478,253.2,343.0,-38132.43,2050.44,,1,,,,,,,,,,,,,,,*69

$OWN,0,261187000,0,-100000.0,4.3,15.948439,54.815479,194.1,161.0,0.0,0.0,,1,,,,,,,,,,,,,,,*44

$WIND,,,T,,,R*12

$AIS,0,273399760,3,-0.2,0.0,15.349465,54.830147,234.0,231.0,-38476.89,1796.55,,1,,,,,,,,,,,,,,,*69

$AIS,0,273370640,3,-6.4,0.4,15.354785,54.832478,253.2,343.0,-38132.98,2052.99,,1,,,,,,,,,,,,,,,*6D

$AIS,0,273418870,0,0.0,0.3,15.283327,54.828869,95.7,60.0,-42726.78,1692.66,,1,,,,,,,,,,,,,,,*44

$OWN,0,261187000,0,-100000.0,4.3,15.948446,54.815456,191.5,158.0,0.0,0.0,,1,,,,,,,,,,,,,,,*4A

$WIND,,,T,,,R*12

$AIS,0,273399760,3,-0.2,0.0,15.349465,54.830147,234.0,231.0,-38477.38,1799.10,,1,,,,,,,,,,,,,,,*6C

$AIS,0,273370640,3,-6.4,0.4,15.354785,54.832478,253.2,343.0,-38133.47,2055.54,,1,,,,,,,,,,,,,,,*68

$AIS,0,273418870,0,0.0,0.3,15.283327,54.828869,95.7,60.0,-42727.27,1695.21,,1,,,,,,,,,,,,,,,*4B

$OWN,0,261187000,0,-100000.0,4.3,15.948457,54.815434,188.6,153.0,0.0,0.0,,1,,,,,,,,,,,,,,,*4E

$WIND,,,T,,,R*12

$AIS,0,273399760,3,-0.2,0.0,15.349465,54.830147,234.0,231.0,-38478.06,1801.65,,1,,,,,,,,,,,,,,,*62

$AIS,0,273370640,3,-6.4,0.4,15.354785,54.832478,253.2,343.0,-38134.14,2058.10,,1,,,,,,,,,,,,,,,*64

$AIS,0,273418870,0,0.0,0.3,15.283327,54.828869,95.7,60.0,-42727.94,1697.76,,1,,,,,,,,,,,,,,,*43

$OWN,0,261187000,0,-100000.0,4.3,15.948470,54.815414,185.7,150.0,0.0,0.0,,1,,,,,,,,,,,,,,,*46

$WIND,,,T,,,R*12

$AIS,0,273399760,3,-0.2,0.0,15.349465,54.830147,234.0,231.0,-38478.92,1803.78,,1,,,,,,,,,,,,,,,*61

$AIS,0,273418870,0,0.0,0.3,15.283327,54.828869,95.7,60.0,-42728.80,1699.89,,1,,,,,,,,,,,,,,,*47

$OWN,0,261187000,0,-100000.0,4.3,15.948483,54.815392,182.9,148.0,0.0,0.0,,1,,,,,,,,,,,,,,,*43

$WIND,,,T,,,R*12

$AIS,0,273399760,3,-0.2,0.0,15.349465,54.830147,234.0,231.0,-38479.77,1806.33,,1,,,,,,,,,,,,,,,*61

$AIS,0,273418870,0,0.0,0.3,15.283327,54.828869,95.7,60.0,-42729.66,1702.45,,1,,,,,,,,,,,,,,,*4D

$OWN,0,261187000,0,-100000.0,4.3,15.948499,54.815372,180.2,145.0,0.0,0.0,,1,,,,,,,,,,,,,,,*42

$WIND,,,T,,,R*12

$AIS,0,273399760,3,-0.2,0.0,15.349465,54.830147,234.0,231.0,-38481.79,1811.02,,1,,,,,,,,,,,,,,,*6C

$AIS,0,273418870,0,0.0,0.3,15.283327,54.828869,95.7,60.0,-42731.68,1707.14,,1,,,,,,,,,,,,,,,*4B

$OWN,0,261187000,0,-100000.0,4.3,15.948515,54.815350,177.7,145.0,0.0,0.0,,1,,,,,,,,,,,,,,,*4A

$WIND,,,T,,,R*12

$AIS,0,273399760,3,-0.2,0.0,15.349465,54.830147,234.0,231.0,-38482.90,1813.15,,1,,,,,,,,,,,,,,,*6C

$AIS,0,273418870,0,0.0,0.3,15.283327,54.828869,95.7,60.0,-42732.78,1709.27,,1,,,,,,,,,,,,,,,*47

$OWN,0,261187000,0,-100000.0,4.3,15.948532,54.815331,175.3,143.0,0.0,0.0,,1,,,,,,,,,,,,,,,*48

$WIND,,,T,,,R*12

$AIS,0,273399760,3,-0.2,0.0,15.349465,54.830147,234.0,231.0,-38484.18,1815.29,,1,,,,,,,,,,,,,,,*63

$AIS,0,273418870,0,0.0,0.3,15.283327,54.828869,95.7,60.0,-42734.07,1711.41,,1,,,,,,,,,,,,,,,*40

$AIS,0,273418880,0,0.0,0.4,15.459851,54.813099,85.2,71.0,-31406.50,-136.73,,1,,,,,,,,,,,,,,,*52

$OWN,0,261187000,0,-100000.0,4.4,15.948552,54.815311,172.6,140.0,0.0,0.0,,1,,,,,,,,,,,,,,,*4A

$WIND,,,T,,,R*12

$AIS,0,273399760,3,-0.2,0.0,15.349465,54.830147,234.0,231.0,-38485.53,1817.42,,1,,,,,,,,,,,,,,,*62

$AIS,0,273418870,0,0.0,0.3,15.283327,54.828869,95.7,60.0,-42735.42,1713.54,,1,,,,,,,,,,,,,,,*46

$AIS,0,273418880,0,0.0,0.4,15.459851,54.813099,85.2,71.0,-31407.84,-134.60,,1,,,,,,,,,,,,,,,*5A

$OWN,0,261187000,0,-100000.0,4.3,15.948573,54.815292,169.8,138.0,0.0,0.0,,1,,,,,,,,,,,,,,,*4F

$WIND,,,T,,,R*12

$AIS,0,273418870,0,0.0,0.3,15.283327,54.828869,95.7,60.0,-42736.95,1715.68,,1,,,,,,,,,,,,,,,*46

$AIS,0,273418880,0,0.0,0.4,15.459851,54.813099,85.2,71.0,-31409.38,-132.47,,1,,,,,,,,,,,,,,,*50

$OWN,0,261187000,0,-100000.0,4.3,15.948597,54.815273,167.0,135.0,0.0,0.0,,1,,,,,,,,,,,,,,,*41

$WIND,,,T,,,R*12

$AIS,0,273418870,0,0.0,0.3,15.283357,54.828869,96.5,60.0,-42736.64,1717.80,,1,,,,,,,,,,,,,,,*4A

$AIS,0,273418880,0,0.0,0.4,15.459851,54.813099,85.2,71.0,-31410.97,-130.33,,1,,,,,,,,,,,,,,,*5C

$OWN,0,261187000,0,-100000.0,4.4,15.948622,54.815254,164.3,133.0,0.0,0.0,,1,,,,,,,,,,,,,,,*48

$WIND,,,T,,,R*12

$AIS,0,273418870,0,0.0,0.3,15.283357,54.828869,96.5,60.0,-42738.23,1719.51,,1,,,,,,,,,,,,,,,*45

$AIS,0,273418880,0,0.0,0.4,15.459851,54.813099,85.2,71.0,-31412.56,-128.63,,1,,,,,,,,,,,,,,,*5F

$OWN,0,261187000,0,-100000.0,4.4,15.948647,54.815239,161.7,130.0,0.0,0.0,,1,,,,,,,,,,,,,,,*42

$WIND,,,T,,,R*12

$AIS,0,273418870,0,0.0,0.3,15.283357,54.828869,96.5,60.0,-42738.23,1719.51,,1,,,,,,,,,,,,,,,*45

$AIS,0,273418880,0,0.0,0.4,15.459851,54.813099,85.2,71.0,-31412.56,-128.63,,1,,,,,,,,,,,,,,,*5F

$OWN,0,261187000,0,-100000.0,4.4,15.948647,54.815239,161.7,127.0,0.0,0.0,,1,,,,,,,,,,,,,,,*44

$WIND,,,T,,,R*12

$AIS,0,273418870,0,0.0,0.3,15.283357,54.828869,96.5,60.0,-42741.66,1723.36,,1,,,,,,,,,,,,,,,*42

$AIS,0,273418880,0,0.0,0.4,15.459851,54.813099,85.2,71.0,-31416.00,-124.78,,1,,,,,,,,,,,,,,,*5E

$AIS,0,273370640,3,2.2,0.4,15.354756,54.832458,258.8,343.0,-38151.62,2081.59,,1,,,,,,,,,,,,,,,*4D

$OWN,0,261187000,0,-100000.0,4.4,15.948700,54.815205,156.7,125.0,0.0,0.0,,1,,,,,,,,,,,,,,,*4F

$WIND,,,T,,,R*12

$AIS,0,273418870,0,0.0,0.3,15.283357,54.828869,96.5,60.0,-42743.63,1725.08,,1,,,,,,,,,,,,,,,*4E

$AIS,0,273418880,0,0.0,0.4,15.459851,54.813099,85.2,71.0,-31417.96,-123.07,,1,,,,,,,,,,,,,,,*5F

$AIS,0,273370640,3,2.2,0.4,15.354756,54.832458,258.8,343.0,-38153.58,2083.31,,1,,,,,,,,,,,,,,,*4A

$OWN,0,261187000,0,-100000.0,4.4,15.948730,54.815189,154.0,122.0,0.0,0.0,,1,,,,,,,,,,,,,,,*49

$WIND,,,T,,,R*12

$AIS,0,273418870,0,0.0,0.3,15.283357,54.828869,96.5,60.0,-42745.65,1726.80,,1,,,,,,,,,,,,,,,*4D

$AIS,0,273418880,0,0.0,0.4,15.459851,54.813099,85.2,71.0,-31419.98,-121.36,,1,,,,,,,,,,,,,,,*5F

$AIS,0,273370640,3,2.2,0.4,15.354756,54.832458,258.8,343.0,-38155.60,2085.02,,1,,,,,,,,,,,,,,,*41

$OWN,0,261187000,0,-100000.0,4.4,15.948762,54.815174,151.5,120.0,0.0,0.0,,1,,,,,,,,,,,,,,,*4E

$WIND,,,T,,,R*12

$AIS,0,273418870,0,0.0,0.3,15.283357,54.828869,96.5,60.0,-42747.55,1728.51,,1,,,,,,,,,,,,,,,*4E

$AIS,0,273418880,0,0.0,0.4,15.459851,54.813099,85.2,71.0,-31421.88,-119.65,,1,,,,,,,,,,,,,,,*58

$AIS,0,273370640,3,2.2,0.4,15.354756,54.832458,258.8,343.0,-38157.50,2086.73,,1,,,,,,,,,,,,,,,*45

$OWN,0,261187000,0,-100000.0,4.4,15.948792,54.815159,149.1,117.0,0.0,0.0,,1,,,,,,,,,,,,,,,*47

$WIND,,,T,,,R*12

$AIS,0,273418870,0,0.0,0.3,15.283357,54.828869,96.5,60.0,-42749.57,1730.23,,1,,,,,,,,,,,,,,,*4E

$AIS,0,273418880,0,0.0,0.4,15.459851,54.813099,85.2,71.0,-31423.90,-117.93,,1,,,,,,,,,,,,,,,*54

$AIS,0,273370640,3,2.2,0.4,15.354756,54.832458,258.8,343.0,-38159.52,2088.45,,1,,,,,,,,,,,,,,,*42

$OWN,0,261187000,0,-100000.0,4.4,15.948823,54.815144,146.7,115.0,0.0,0.0,,1,,,,,,,,,,,,,,,*45

$WIND,,,T,,,R*12

$AIS,0,273418870,0,0.0,0.3,15.283357,54.828869,96.5,60.0,-42751.71,1731.52,,1,,,,,,,,,,,,,,,*44

$AIS,0,273370640,3,2.2,0.4,15.354756,54.832458,258.8,343.0,-38161.67,2089.74,,1,,,,,,,,,,,,,,,*4C

$AIS,0,273399760,3,-0.2,0.0,15.349485,54.830143,234.0,231.0,-38502.44,1834.97,,1,,,,,,,,,,,,,,,*69

$OWN,0,261187000,0,-100000.0,4.4,15.948856,54.815132,144.2,112.0,0.0,0.0,,1,,,,,,,,,,,,,,,*46

$WIND,,,T,,,R*12

$AIS,0,273418870,0,0.0,0.3,15.283357,54.828869,96.5,60.0,-42751.71,1731.52,,1,,,,,,,,,,,,,,,*44

$AIS,0,273370640,3,2.2,0.4,15.354756,54.832458,258.8,343.0,-38161.67,2089.74,,1,,,,,,,,,,,,,,,*4C

$AIS,0,273399760,3,-0.2,0.0,15.349485,54.830143,234.0,231.0,-38502.44,1834.97,,1,,,,,,,,,,,,,,,*69

$OWN,0,261187000,0,-100000.0,4.4,15.948892,54.815121,141.5,109.0,0.0,0.0,,1,,,,,,,,,,,,,,,*44

$WIND,,,T,,,R*12

$AIS,0,273370640,3,2.2,0.4,15.354756,54.832458,258.8,343.0,-38163.93,2091.03,,1,,,,,,,,,,,,,,,*4C

$AIS,0,273399760,3,-0.2,0.0,15.349485,54.830143,234.0,231.0,-38504.71,1836.26,,1,,,,,,,,,,,,,,,*61

$OWN,0,261187000,0,-100000.0,4.4,15.948927,54.815109,138.9,107.0,0.0,0.0,,1,,,,,,,,,,,,,,,*4D

$WIND,,,T,,,R*12

$AIS,0,273370640,3,2.2,0.4,15.354756,54.832458,258.8,343.0,-38166.20,2092.33,,1,,,,,,,,,,,,,,,*41

$AIS,0,273399760,3,-0.2,0.0,15.349485,54.830143,234.0,231.0,-38506.98,1837.55,,1,,,,,,,,,,,,,,,*61

$OWN,0,261187000,0,-100000.0,4.4,15.948961,54.815102,136.4,102.0,0.0,0.0,,1,,,,,,,,,,,,,,,*42

$WIND,,,T,,,R*12

$AIS,0,273370640,3,2.2,0.4,15.354756,54.832458,258.8,343.0,-38168.41,2093.19,,1,,,,,,,,,,,,,,,*41

$AIS,0,273399760,3,-0.2,0.0,15.349485,54.830143,234.0,231.0,-38509.18,1838.42,,1,,,,,,,,,,,,,,,*6F

$OWN,0,261187000,0,-100000.0,4.5,15.948998,54.815090,134.1,99.0,0.0,0.0,,1,,,,,,,,,,,,,,,*7B

$WIND,,,T,,,R*12

$AIS,0,273399760,3,-0.2,0.0,15.349485,54.830143,234.0,231.0,-38511.57,1839.71,,1,,,,,,,,,,,,,,,*6C

$OWN,0,261187000,0,-100000.0,4.5,15.949034,54.815083,131.7,97.0,0.0,0.0,,1,,,,,,,,,,,,,,,*7A

$WIND,,,T,,,R*12

$AIS,0,273399760,3,-0.2,0.0,15.349485,54.830143,234.0,231.0,-38513.84,1840.58,,1,,,,,,,,,,,,,,,*65

$OWN,0,261187000,0,-100000.0,4.5,15.949070,54.815075,129.4,94.0,0.0,0.0,,1,,,,,,,,,,,,,,,*7A

$WIND,,,T,,,R*12

$AIS,0,273399760,3,-0.2,0.0,15.349485,54.830143,234.0,231.0,-38516.17,1841.45,,1,,,,,,,,,,,,,,,*67

$OWN,0,261187000,0,-100000.0,4.5,15.949108,54.815067,126.9,94.0,0.0,0.0,,1,,,,,,,,,,,,,,,*75

$WIND,,,T,,,R*12

$AIS,0,273399760,3,-0.2,0.0,15.349485,54.830143,234.0,231.0,-38518.62,1842.32,,1,,,,,,,,,,,,,,,*68

$OWN,0,261187000,0,-100000.0,4.5,15.949146,54.815063,124.2,92.0,0.0,0.0,,1,,,,,,,,,,,,,,,*74

$WIND,,,T,,,R*12

$AIS,0,273399760,3,-0.2,0.0,15.349485,54.830143,234.0,231.0,-38521.07,1842.77,,1,,,,,,,,,,,,,,,*60

$OWN,0,261187000,0,-100000.0,4.5,15.949185,54.815060,121.8,89.0,0.0,0.0,,1,,,,,,,,,,,,,,,*7D

$WIND,,,T,,,R*12

$OWN,0,261187000,0,-100000.0,4.5,15.949225,54.815056,119.3,83.0,0.0,0.0,,1,,,,,,,,,,,,,,,*7B

$WIND,,,T,,,R*12

$OWN,0,261187000,0,-100000.0,4.5,15.949264,54.815052,117.0,81.0,0.0,0.0,,1,,,,,,,,,,,,,,,*75

$WIND,,,T,,,R*12

$OWN,0,261187000,0,-100000.0,4.5,15.949304,54.815048,114.5,78.0,0.0,0.0,,1,,,,,,,,,,,,,,,*79

$WIND,,,T,,,R*12

$OWN,0,261187000,0,-100000.0,4.5,15.949344,54.815048,112.0,78.0,0.0,0.0,,1,,,,,,,,,,,,,,,*7E

$WIND,,,T,,,R*12

$OWN,0,261187000,0,-100000.0,4.5,15.949382,54.815048,109.6,76.0,0.0,0.0,,1,,,,,,,,,,,,,,,*76

$WIND,,,T,,,R*12

$OWN,0,261187000,0,-100000.0,4.5,15.949420,54.815052,107.1,73.0,0.0,0.0,,1,,,,,,,,,,,,,,,*7E

$WIND,,,T,,,R*12

$OWN,0,261187000,0,-100000.0,4.5,15.949458,54.815052,104.7,71.0,0.0,0.0,,1,,,,,,,,,,,,,,,*76

$WIND,,,T,,,R*12

$OWN,0,261187000,0,-100000.0,4.5,15.949498,54.815056,102.4,68.0,0.0,0.0,,1,,,,,,,,,,,,,,,*73

$WIND,,,T,,,R*12

$OWN,0,261187000,0,-100000.0,4.5,15.949536,54.815060,100.0,65.0,0.0,0.0,,1,,,,,,,,,,,,,,,*78

$WIND,,,T,,,R*12

$OWN,0,261187000,0,-100000.0,4.5,15.949574,54.815063,97.6,63.0,0.0,0.0,,1,,,,,,,,,,,,,,,*42

$WIND,,,T,,,R*12

$OWN,0,261187000,0,-100000.0,4.5,15.949610,54.815071,95.1,60.0,0.0,0.0,,1,,,,,,,,,,,,,,,*46

$WIND,,,T,,,R*12

$OWN,0,261187000,0,-100000.0,4.5,15.949647,54.815079,92.7,58.0,0.0,0.0,,1,,,,,,,,,,,,,,,*46

$WIND,,,T,,,R*12

$OWN,0,261187000,0,-100000.0,4.5,15.949683,54.815086,90.3,55.0,0.0,0.0,,1,,,,,,,,,,,,,,,*45

$WIND,,,T,,,R*12

$OWN,0,261187000,0,-100000.0,4.5,15.949720,54.815094,87.9,53.0,0.0,0.0,,1,,,,,,,,,,,,,,,*44

$WIND,,,T,,,R*12

$OWN,0,261187000,0,-100000.0,4.5,15.949720,54.815094,87.9,50.0,0.0,0.0,,1,,,,,,,,,,,,,,,*47

$WIND,,,T,,,R*12

$OWN,0,261187000,0,-100000.0,4.4,15.949754,54.815102,85.4,47.0,0.0,0.0,,1,,,,,,,,,,,,,,,*42

$WIND,,,T,,,R*12

$OWN,0,261187000,0,-100000.0,4.4,15.949785,54.815117,82.9,45.0,0.0,0.0,,1,,,,,,,,,,,,,,,*42

$WIND,,,T,,,R*12

$OWN,0,261187000,0,-100000.0,4.4,15.949819,54.815128,80.5,42.0,0.0,0.0,,1,,,,,,,,,,,,,,,*4D

$WIND,,,T,,,R*12

$OWN,0,261187000,0,-100000.0,4.4,15.949880,54.815151,75.5,40.0,0.0,0.0,,1,,,,,,,,,,,,,,,*4B

$WIND,,,T,,,R*12

$OWN,0,261187000,0,-100000.0,4.4,15.949908,54.815163,73.0,37.0,0.0,0.0,,1,,,,,,,,,,,,,,,*48

$WIND,,,T,,,R*12

$OWN,0,261187000,0,-100000.0,4.4,15.949964,54.815193,68.1,35.0,0.0,0.0,,1,,,,,,,,,,,,,,,*44

$WIND,,,T,,,R*12

$OWN,0,261187000,0,-100000.0,4.4,15.949990,54.815208,65.6,32.0,0.0,0.0,,1,,,,,,,,,,,,,,,*43

$WIND,,,T,,,R*12

$OWN,0,261187000,0,-100000.0,4.4,15.950015,54.815224,63.2,30.0,0.0,0.0,,1,,,,,,,,,,,,,,,*41

$WIND,,,T,,,R*12

$OWN,0,261187000,0,-100000.0,4.3,15.950038,54.815243,60.8,27.0,0.0,0.0,,1,,,,,,,,,,,,,,,*47

$WIND,,,T,,,R*12

$OWN,0,261187000,0,-100000.0,4.3,15.950060,54.815258,58.4,24.0,0.0,0.0,,1,,,,,,,,,,,,,,,*44

$WIND,,,T,,,R*12

$OWN,0,261187000,0,-100000.0,4.3,15.950080,54.815277,55.9,22.0,0.0,0.0,,1,,,,,,,,,,,,,,,*41

$WIND,,,T,,,R*12

$OWN,0,261187000,0,-100000.0,4.3,15.950100,54.815296,53.4,19.0,0.0,0.0,,1,,,,,,,,,,,,,,,*44

$WIND,,,T,,,R*12

$OWN,0,261187000,0,-100000.0,4.3,15.950100,54.815296,53.4,17.0,0.0,0.0,,1,,,,,,,,,,,,,,,*4A

$WIND,,,T,,,R*12

$OWN,0,261187000,0,-100000.0,4.3,15.950117,54.815311,50.8,14.0,0.0,0.0,,1,,,,,,,,,,,,,,,*4E

$WIND,,,T,,,R*12

$OWN,0,261187000,0,-100000.0,4.3,15.950133,54.815331,48.3,12.0,0.0,0.0,,1,,,,,,,,,,,,,,,*4E

$WIND,,,T,,,R*12

$AIS,0,273399760,3,0.0,0.0,15.349455,54.830162,234.0,231.0,-38587.39,1813.20,,1,,,,,,,,,,,,,,,*46

$OWN,0,261187000,0,-100000.0,4.3,15.950149,54.815353,46.0,9.0,0.0,0.0,,1,,,,,,,,,,,,,,,*70

$WIND,,,T,,,R*12

$AIS,0,273399760,3,0.0,0.0,15.349455,54.830162,234.0,231.0,-38587.39,1813.20,,1,,,,,,,,,,,,,,,*46

$OWN,0,261187000,0,-100000.0,4.3,15.950162,54.815369,43.6,6.0,0.0,0.0,,1,,,,,,,,,,,,,,,*7C

$WIND,,,T,,,R*12

$AIS,0,273399760,3,0.0,0.0,15.349455,54.830162,234.0,231.0,-38588.25,1811.51,,1,,,,,,,,,,,,,,,*40

$OWN,0,261187000,0,-100000.0,4.3,15.950173,54.815392,41.1,4.0,0.0,0.0,,1,,,,,,,,,,,,,,,*7F

$WIND,,,T,,,R*12

$AIS,0,273399760,3,0.0,0.0,15.349455,54.830162,234.0,231.0,-38588.99,1808.97,,1,,,,,,,,,,,,,,,*45

$OWN,0,261187000,0,-100000.0,4.2,15.950191,54.815434,36.2,1.0,0.0,0.0,,1,,,,,,,,,,,,,,,*7F

$WIND,,,T,,,R*12

$AIS,0,273399760,3,0.0,0.0,15.349455,54.830162,234.0,231.0,-38590.15,1804.31,,1,,,,,,,,,,,,,,,*48

$OWN,0,261187000,0,-100000.0,4.2,15.950198,54.815449,33.7,359.0,0.0,0.0,,1,,,,,,,,,,,,,,,*72

$WIND,,,T,,,R*12

$AIS,0,273399760,3,0.0,0.0,15.349455,54.830162,234.0,231.0,-38590.58,1802.61,,1,,,,,,,,,,,,,,,*42

$OWN,0,261187000,0,-100000.0,4.2,15.950205,54.815472,31.2,356.0,0.0,0.0,,1,,,,,,,,,,,,,,,*75

$WIND,,,T,,,R*12

$AIS,0,273399760,3,0.0,0.0,15.349455,54.830162,234.0,231.0,-38591.01,1800.07,,1,,,,,,,,,,,,,,,*4D

$OWN,0,261187000,0,-100000.0,4.2,15.950209,54.815491,28.8,354.0,0.0,0.0,,1,,,,,,,,,,,,,,,*74

$WIND,,,T,,,R*12

$AIS,0,273399760,3,0.0,0.0,15.349455,54.830162,234.0,231.0,-38591.25,1797.95,,1,,,,,,,,,,,,,,,*41

$OWN,0,261187000,0,-100000.0,4.2,15.950209,54.815491,28.8,352.0,0.0,0.0,,1,,,,,,,,,,,,,,,*72

$WIND,,,T,,,R*12

$AIS,0,273399760,3,0.0,0.0,15.349455,54.830162,234.0,231.0,-38591.25,1797.95,,1,,,,,,,,,,,,,,,*41

$OWN,0,261187000,0,-100000.0,4.2,15.950212,54.815514,26.4,350.0,0.0,0.0,,1,,,,,,,,,,,,,,,*74

$WIND,,,T,,,R*12

$AIS,0,273399760,3,0.0,0.0,15.349455,54.830162,234.0,231.0,-38591.44,1795.40,,1,,,,,,,,,,,,,,,*4C

$OWN,0,261187000,0,-100000.0,4.2,15.950213,54.815533,23.9,348.0,0.0,0.0,,1,,,,,,,,,,,,,,,*71

$WIND,,,T,,,R*12

$AIS,0,273399760,3,0.0,0.0,15.349455,54.830162,234.0,231.0,-38591.56,1793.28,,1,,,,,,,,,,,,,,,*47

$OWN,0,261187000,0,-100000.0,4.2,15.950213,54.815556,21.5,346.0,0.0,0.0,,1,,,,,,,,,,,,,,,*72

$WIND,,,T,,,R*12

$OWN,0,261187000,0,-100000.0,4.3,15.950213,54.815578,19.3,344.0,0.0,0.0,,1,,,,,,,,,,,,,,,*70

$WIND,,,T,,,R*12

$OWN,0,261187000,0,-100000.0,4.3,15.950210,54.815601,16.9,343.0,0.0,0.0,,1,,,,,,,,,,,,,,,*7C

$WIND,,,T,,,R*12

$OWN,0,261187000,0,-100000.0,4.3,15.950202,54.815643,12.1,341.0,0.0,0.0,,1,,,,,,,,,,,,,,,*77

$WIND,,,T,,,R*12

$OWN,0,261187000,0,-100000.0,4.4,15.950195,54.815666,9.9,340.0,0.0,0.0,,1,,,,,,,,,,,,,,,*49

$WIND,,,T,,,R*12

$OWN,0,261187000,0,-100000.0,4.4,15.950189,54.815689,7.7,339.0,0.0,0.0,,1,,,,,,,,,,,,,,,*4B

$WIND,,,T,,,R*12

$OWN,0,261187000,0,-100000.0,4.4,15.950178,54.815712,5.5,338.0,0.0,0.0,,1,,,,,,,,,,,,,,,*47

$WIND,,,T,,,R*12

$OWN,0,261187000,0,-100000.0,4.4,15.950178,54.815712,5.5,337.0,0.0,0.0,,1,,,,,,,,,,,,,,,*48

$WIND,,,T,,,R*12

$OWN,0,261187000,0,-100000.0,4.5,15.950169,54.815735,3.4,336.0,0.0,0.0,,1,,,,,,,,,,,,,,,*4A

$WIND,,,T,,,R*12

$OWN,0,261187000,0,-100000.0,4.5,15.950156,54.815758,1.3,336.0,0.0,0.0,,1,,,,,,,,,,,,,,,*48

$WIND,,,T,,,R*12

$OWN,0,261187000,0,-100000.0,4.6,15.950143,54.815781,359.3,335.0,0.0,0.0,,1,,,,,,,,,,,,,,,*46

$WIND,,,T,,,R*12

$OWN,0,261187000,0,-100000.0,4.7,15.950130,54.815804,357.4,334.0,0.0,0.0,,1,,,,,,,,,,,,,,,*49

$WIND,,,T,,,R*12

$OWN,0,261187000,0,-100000.0,4.7,15.950115,54.815830,355.5,333.0,0.0,0.0,,1,,,,,,,,,,,,,,,*4D

$WIND,,,T,,,R*12

$OWN,0,261187000,0,-100000.0,4.8,15.950098,54.815853,353.7,333.0,0.0,0.0,,1,,,,,,,,,,,,,,,*47

$WIND,,,T,,,R*12

$OWN,0,261187000,0,-100000.0,4.9,15.950084,54.815880,352.3,332.0,0.0,0.0,,1,,,,,,,,,,,,,,,*41

$WIND,,,T,,,R*12

$OWN,0,261187000,0,-100000.0,5.0,15.950067,54.815903,350.8,331.0,0.0,0.0,,1,,,,,,,,,,,,,,,*44

$WIND,,,T,,,R*12

$OWN,0,261187000,0,-100000.0,5.2,15.950028,54.815956,348.0,331.0,0.0,0.0,,1,,,,,,,,,,,,,,,*4C

$WIND,,,T,,,R*12

$OWN,0,261187000,0,-100000.0,5.2,15.950008,54.815979,346.5,330.0,0.0,0.0,,1,,,,,,,,,,,,,,,*49

$WIND,,,T,,,R*12

$OWN,0,261187000,0,-100000.0,5.3,15.949985,54.816006,345.1,330.0,0.0,0.0,,1,,,,,,,,,,,,,,,*49

$WIND,,,T,,,R*12

$OWN,0,261187000,0,-100000.0,5.4,15.949962,54.816032,344.0,329.0,0.0,0.0,,1,,,,,,,,,,,,,,,*48

$WIND,,,T,,,R*12

$OWN,0,261187000,0,-100000.0,5.5,15.949940,54.816059,342.7,329.0,0.0,0.0,,1,,,,,,,,,,,,,,,*45

$WIND,,,T,,,R*12

$OWN,0,261187000,0,-100000.0,5.6,15.949915,54.816086,341.6,328.0,0.0,0.0,,1,,,,,,,,,,,,,,,*47

$WIND,,,T,,,R*12

$OWN,0,261187000,0,-100000.0,5.7,15.949888,54.816113,340.5,328.0,0.0,0.0,,1,,,,,,,,,,,,,,,*4C

$WIND,,,T,,,R*12

$OWN,0,261187000,0,-100000.0,5.8,15.949862,54.816139,339.4,328.0,0.0,0.0,,1,,,,,,,,,,,,,,,*40

$WIND,,,T,,,R*12

