$OWN,0,261187000,0,0.0,11.3,15.944675,54.902241,357.5,1.0,0.0,0.0,,1,,,,,,,,,,,,,,,*6E

$WIND,,,T,,,R*12

$OWN,0,261187000,0,0.0,11.3,15.944670,54.902294,357.5,1.0,0.0,0.0,,1,,,,,,,,,,,,,,,*63

$WIND,,,T,,,R*12

$OWN,0,261187000,0,0.0,11.3,15.944669,54.902348,357.7,1.0,0.0,0.0,,1,,,,,,,,,,,,,,,*69

$WIND,,,T,,,R*12

$OWN,0,261187000,0,0.0,11.3,15.944667,54.902397,357.9,1.0,0.0,0.0,,1,,,,,,,,,,,,,,,*6B

$WIND,,,T,,,R*12

$OWN,0,261187000,0,0.0,11.3,15.944667,54.902451,358.1,1.0,0.0,0.0,,1,,,,,,,,,,,,,,,*61

$WIND,,,T,,,R*12

$OWN,0,261187000,0,0.0,11.3,15.944667,54.902504,358.3,1.0,0.0,0.0,,1,,,,,,,,,,,,,,,*62

$WIND,,,T,,,R*12

$OWN,0,261187000,0,0.0,11.3,15.944667,54.902504,358.3,1.0,0.0,0.0,,1,,,,,,,,,,,,,,,*62

$WIND,,,T,,,R*12

$OWN,0,261187000,0,0.0,11.3,15.944667,54.902557,358.4,1.0,0.0,0.0,,1,,,,,,,,,,,,,,,*63

$WIND,,,T,,,R*12

$OWN,0,261187000,0,-100000.0,11.3,15.944667,54.902607,358.4,1.0,0.0,0.0,,1,,,,,,,,,,,,,,,*79

$WIND,,,T,,,R*12

$OWN,0,261187000,0,-100000.0,11.3,15.944662,54.902660,358.3,0.0,0.0,0.0,,1,,,,,,,,,,,,,,,*7B

$WIND,,,T,,,R*12

$OWN,0,261187000,0,0.0,11.3,15.944656,54.902714,358.1,0.0,0.0,0.0,,1,,,,,,,,,,,,,,,*60

$WIND,,,T,,,R*12

$OWN,0,261187000,0,0.0,11.3,15.944652,54.902767,358.1,0.0,0.0,0.0,,1,,,,,,,,,,,,,,,*60

$WIND,,,T,,,R*12

$OWN,0,261187000,0,-100000.0,11.3,15.944649,54.902817,358.1,0.0,0.0,0.0,,1,,,,,,,,,,,,,,,*7E

$WIND,,,T,,,R*12

$OWN,0,261187000,0,-100000.0,11.3,15.944645,54.902870,358.0,0.0,0.0,0.0,,1,,,,,,,,,,,,,,,*72

$WIND,,,T,,,R*12

$OWN,0,261187000,0,0.0,11.3,15.944642,54.902924,358.1,0.0,0.0,0.0,,1,,,,,,,,,,,,,,,*68

$WIND,,,T,,,R*12

$OWN,0,261187000,0,0.0,11.3,15.944642,54.902973,358.3,0.0,0.0,0.0,,1,,,,,,,,,,,,,,,*68

$WIND,,,T,,,R*12

$OWN,0,261187000,0,-100000.0,11.3,15.944640,54.903027,358.4,0.0,0.0,0.0,,1,,,,,,,,,,,,,,,*78

$WIND,,,T,,,R*12

$OWN,0,261187000,0,-100000.0,11.3,15.944638,54.903080,358.5,0.0,0.0,0.0,,1,,,,,,,,,,,,,,,*7B

$WIND,,,T,,,R*12

$OWN,0,261187000,0,0.0,11.3,15.944635,54.903133,358.4,359.0,0.0,0.0,,1,,,,,,,,,,,,,,,*6D

$WIND,,,T,,,R*12

$OWN,0,261187000,0,0.0,11.4,15.944632,54.903187,358.3,359.0,0.0,0.0,,1,,,,,,,,,,,,,,,*65

$WIND,,,T,,,R*12

$OWN,0,261187000,0,0.0,11.4,15.944627,54.903240,358.1,359.0,0.0,0.0,,1,,,,,,,,,,,,,,,*6B

$WIND,,,T,,,R*12

$OWN,0,261187000,0,0.0,11.4,15.944620,54.903290,358.0,359.0,0.0,0.0,,1,,,,,,,,,,,,,,,*60

$WIND,,,T,,,R*12

$OWN,0,261187000,0,0.0,11.4,15.944616,54.903343,357.9,359.0,0.0,0.0,,1,,,,,,,,,,,,,,,*6C

$WIND,,,T,,,R*12

$OWN,0,261187000,0,0.0,11.4,15.944612,54.903397,357.9,359.0,0.0,0.0,,1,,,,,,,,,,,,,,,*61

$WIND,,,T,,,R*12

$OWN,0,261187000,0,100000.0,11.4,15.944607,54.903450,357.9,0.0,0.0,0.0,,1,,,,,,,,,,,,,,,*57

$WIND,,,T,,,R*12

$OWN,0,261187000,0,100000.0,11.4,15.944600,54.903557,357.8,0.0,0.0,0.0,,1,,,,,,,,,,,,,,,*57

$WIND,,,T,,,R*12

$OWN,0,261187000,0,100000.0,11.4,15.944595,54.903610,357.8,0.0,0.0,0.0,,1,,,,,,,,,,,,,,,*58

$WIND,,,T,,,R*12

$OWN,0,261187000,0,100000.0,11.4,15.944592,54.903660,357.8,0.0,0.0,0.0,,1,,,,,,,,,,,,,,,*58

$WIND,,,T,,,R*12

$OWN,0,261187000,0,100000.0,11.4,15.944589,54.903713,357.8,1.0,0.0,0.0,,1,,,,,,,,,,,,,,,*56

$WIND,,,T,,,R*12

$OWN,0,261187000,0,0.0,11.4,15.944583,54.903767,357.8,1.0,0.0,0.0,,1,,,,,,,,,,,,,,,*6E

$WIND,,,T,,,R*12

$OWN,0,261187000,0,0.0,11.4,15.944580,54.903820,357.7,1.0,0.0,0.0,,1,,,,,,,,,,,,,,,*6E

$WIND,,,T,,,R*12

$OWN,0,261187000,0,0.0,11.4,15.944575,54.903873,357.6,1.0,0.0,0.0,,1,,,,,,,,,,,,,,,*63

$WIND,,,T,,,R*12

$OWN,0,261187000,0,0.0,11.4,15.944570,54.903927,357.7,1.0,0.0,0.0,,1,,,,,,,,,,,,,,,*67

$WIND,,,T,,,R*12

$OWN,0,261187000,0,0.0,11.4,15.944569,54.903976,357.8,1.0,0.0,0.0,,1,,,,,,,,,,,,,,,*64

$WIND,,,T,,,R*12

$OWN,0,261187000,0,0.0,11.4,15.944567,54.904030,358.0,1.0,0.0,0.0,,1,,,,,,,,,,,,,,,*61

$WIND,,,T,,,R*12

$OWN,0,261187000,0,0.0,11.4,15.944567,54.904083,358.2,1.0,0.0,0.0,,1,,,,,,,,,,,,,,,*6B

$WIND,,,T,,,R*12

$OWN,0,261187000,0,0.0,11.4,15.944567,54.904083,358.2,1.0,0.0,0.0,,1,,,,,,,,,,,,,,,*6B

$WIND,,,T,,,R*12

$OWN,0,261187000,0,0.0,11.4,15.944567,54.904137,358.3,1.0,0.0,0.0,,1,,,,,,,,,,,,,,,*64

$WIND,,,T,,,R*12

$OWN,0,261187000,0,100000.0,11.4,15.944563,54.904190,358.3,1.0,0.0,0.0,,1,,,,,,,,,,,,,,,*5C

$WIND,,,T,,,R*12

$OWN,0,261187000,0,100000.0,11.4,15.944562,54.904243,358.3,1.0,0.0,0.0,,1,,,,,,,,,,,,,,,*50

$WIND,,,T,,,R*12

$OWN,0,261187000,0,100000.0,11.4,15.944560,54.904297,358.4,1.0,0.0,0.0,,1,,,,,,,,,,,,,,,*5C

$WIND,,,T,,,R*12

$OWN,0,261187000,0,100000.0,11.4,15.944558,54.904346,358.4,2.0,0.0,0.0,,1,,,,,,,,,,,,,,,*59

$WIND,,,T,,,R*12

$OWN,0,261187000,0,100000.0,11.4,15.944555,54.904400,358.5,2.0,0.0,0.0,,1,,,,,,,,,,,,,,,*50

$WIND,,,T,,,R*12

$OWN,0,261187000,0,100000.0,11.4,15.944555,54.904453,358.6,3.0,0.0,0.0,,1,,,,,,,,,,,,,,,*54

$WIND,,,T,,,R*12

$OWN,0,261187000,0,100000.0,11.4,15.944555,54.904507,358.8,5.0,0.0,0.0,,1,,,,,,,,,,,,,,,*5C

$WIND,,,T,,,R*12

$OWN,0,261187000,0,100000.0,11.4,15.944555,54.904560,358.9,6.0,0.0,0.0,,5,9161247,SNHA   ,NAWIGATOR XXI       ,99,17,43,4,6,2,5,21,12,0,3.4,SZCZECIN            *4A

$WIND,,,T,,,R*12

$OWN,0,261187000,0,100000.0,11.4,15.944558,54.904613,359.2,8.0,0.0,0.0,,5,9161247,SNHA   ,NAWIGATOR XXI       ,99,17,43,4,6,2,5,21,12,0,3.4,SZCZECIN            *44

$WIND,,,T,,,R*12

$OWN,0,261187000,0,100000.0,11.4,15.944560,54.904663,359.5,9.0,0.0,0.0,,5,9161247,SNHA   ,NAWIGATOR XXI       ,99,17,43,4,6,2,5,21,12,0,3.4,SZCZECIN            *4E

$WIND,,,T,,,R*12

$OWN,0,261187000,0,100000.0,11.4,15.944565,54.904716,359.8,11.0,0.0,0.0,,5,9161247,SNHA   ,NAWIGATOR XXI       ,99,17,43,4,6,2,5,21,12,0,3.4,SZCZECIN            *7C

$WIND,,,T,,,R*12

$OWN,0,261187000,0,100000.0,11.3,15.944570,54.904766,0.1,13.0,0.0,0.0,,5,9161247,SNHA   ,NAWIGATOR XXI       ,99,17,43,4,6,2,5,21,12,0,3.4,SZCZECIN            *7C

$WIND,,,T,,,R*12

$OWN,0,261187000,0,100000.0,11.3,15.944576,54.904819,0.6,16.0,0.0,0.0,,5,9161247,SNHA   ,NAWIGATOR XXI       ,99,17,43,4,6,2,5,21,12,0,3.4,SZCZECIN            *7F

$WIND,,,T,,,R*12

$OWN,0,261187000,0,100000.0,11.3,15.944587,54.904869,1.2,18.0,0.0,0.0,,5,9161247,SNHA   ,NAWIGATOR XXI       ,99,17,43,4,6,2,5,21,12,0,3.4,SZCZECIN            *7D

$WIND,,,T,,,R*12

$OWN,0,261187000,0,100000.0,11.2,15.944602,54.904919,2.1,21.0,0.0,0.0,,5,9161247,SNHA   ,NAWIGATOR XXI       ,99,17,43,4,6,2,5,21,12,0,3.4,SZCZECIN            *7E

$WIND,,,T,,,R*12

$OWN,0,261187000,0,100000.0,11.2,15.944618,54.904968,3.1,23.0,0.0,0.0,,5,9161247,SNHA   ,NAWIGATOR XXI       ,99,17,43,4,6,2,5,21,12,0,3.4,SZCZECIN            *70

$WIND,,,T,,,R*12

$OWN,0,261187000,0,100000.0,11.1,15.944640,54.905018,4.1,26.0,0.0,0.0,,5,9161247,SNHA   ,NAWIGATOR XXI       ,99,17,43,4,6,2,5,21,12,0,3.4,SZCZECIN            *73

$WIND,,,T,,,R*12

$OWN,0,261187000,0,100000.0,11.0,15.944663,54.905064,5.3,29.0,0.0,0.0,,5,9161247,SNHA   ,NAWIGATOR XXI       ,99,17,43,4,6,2,5,21,12,0,3.4,SZCZECIN            *74

$WIND,,,T,,,R*12

$OWN,0,261187000,0,100000.0,11.0,15.944692,54.905109,6.6,35.0,0.0,0.0,,5,9161247,SNHA   ,NAWIGATOR XXI       ,99,17,43,4,6,2,5,21,12,0,3.4,SZCZECIN            *7B

$WIND,,,T,,,R*12

$OWN,0,261187000,0,100000.0,10.9,15.944721,54.905155,8.0,35.0,0.0,0.0,,5,9161247,SNHA   ,NAWIGATOR XXI       ,99,17,43,4,6,2,5,21,12,0,3.4,SZCZECIN            *7B

$WIND,,,T,,,R*12

$OWN,0,261187000,0,100000.0,10.8,15.944757,54.905197,9.4,38.0,0.0,0.0,,5,9161247,SNHA   ,NAWIGATOR XXI       ,99,17,43,4,6,2,5,21,12,0,3.4,SZCZECIN            *7D

$WIND,,,T,,,R*12

$OWN,0,261187000,0,100000.0,10.6,15.944792,54.905239,10.9,41.0,0.0,0.0,,5,9161247,SNHA   ,NAWIGATOR XXI       ,99,17,43,4,6,2,5,21,12,0,3.4,SZCZECIN            *46

$WIND,,,T,,,R*12

$OWN,0,261187000,0,100000.0,10.5,15.944828,54.905277,12.5,44.0,0.0,0.0,,5,9161247,SNHA   ,NAWIGATOR XXI       ,99,17,43,4,6,2,5,21,12,0,3.4,SZCZECIN            *4A

$WIND,,,T,,,R*12

$OWN,0,261187000,0,100000.0,10.4,15.944868,54.905315,14.2,47.0,0.0,0.0,,5,9161247,SNHA   ,NAWIGATOR XXI       ,99,17,43,4,6,2,5,21,12,0,3.4,SZCZECIN            *48

$WIND,,,T,,,R*12

$OWN,0,261187000,0,100000.0,10.3,15.944913,54.905354,16.0,50.0,0.0,0.0,,5,9161247,SNHA   ,NAWIGATOR XXI       ,99,17,43,4,6,2,5,21,12,0,3.4,SZCZECIN            *41

$WIND,,,T,,,R*12

$OWN,0,261187000,0,100000.0,10.1,15.944962,54.905388,18.1,53.0,0.0,0.0,,5,9161247,SNHA   ,NAWIGATOR XXI       ,99,17,43,4,6,2,5,21,12,0,3.4,SZCZECIN            *48

$WIND,,,T,,,R*12

$AIS,0,273399760,3,-2.9,0.1,15.349310,54.830093,236.2,231.0,-38263.57,-8215.92,,1,,,,,,,,,,,,,,,*4C

$OWN,0,261187000,0,100000.0,9.9,15.945010,54.905418,20.2,56.0,0.0,0.0,,5,9161247,SNHA   ,NAWIGATOR XXI       ,99,17,43,4,6,2,5,21,12,0,3.4,SZCZECIN            *76

$WIND,,,T,,,R*12

$AIS,0,273399760,3,-2.9,0.1,15.349310,54.830093,236.2,231.0,-38266.70,-8219.29,,1,,,,,,,,,,,,,,,*40

$OWN,0,261187000,0,100000.0,9.8,15.945062,54.905445,22.3,59.0,0.0,0.0,,5,9161247,SNHA   ,NAWIGATOR XXI       ,99,17,43,4,6,2,5,21,12,0,3.4,SZCZECIN            *76

$WIND,,,T,,,R*12

$AIS,0,273399760,3,-2.9,0.1,15.349310,54.830093,236.2,231.0,-38270.00,-8222.24,,1,,,,,,,,,,,,,,,*45

$OWN,0,261187000,0,100000.0,9.6,15.945115,54.905476,24.5,62.0,0.0,0.0,,5,9161247,SNHA   ,NAWIGATOR XXI       ,99,17,43,4,6,2,5,21,12,0,3.4,SZCZECIN            *71

$WIND,,,T,,,R*12

$AIS,0,273399760,3,-2.9,0.1,15.349310,54.830093,236.2,231.0,-38273.43,-8225.60,,1,,,,,,,,,,,,,,,*46

$OWN,0,261187000,0,100000.0,9.4,15.945170,54.905499,26.7,65.0,0.0,0.0,,5,9161247,SNHA   ,NAWIGATOR XXI       ,99,17,43,4,6,2,5,21,12,0,3.4,SZCZECIN            *76

$WIND,,,T,,,R*12

$AIS,0,273399760,3,-2.9,0.1,15.349310,54.830093,236.2,231.0,-38276.99,-8228.12,,1,,,,,,,,,,,,,,,*4C

$OWN,0,261187000,0,100000.0,9.3,15.945224,54.905525,28.9,68.0,0.0,0.0,,5,9161247,SNHA   ,NAWIGATOR XXI       ,99,17,43,4,6,2,5,21,12,0,3.4,SZCZECIN            *78

$WIND,,,T,,,R*12

$AIS,0,273399760,3,-2.9,0.1,15.349310,54.830093,236.2,231.0,-38280.42,-8231.06,,1,,,,,,,,,,,,,,,*4E

$OWN,0,261187000,0,100000.0,9.1,15.945278,54.905548,31.1,74.0,0.0,0.0,,5,9161247,SNHA   ,NAWIGATOR XXI       ,99,17,43,4,6,2,5,21,12,0,3.4,SZCZECIN            *75

$WIND,,,T,,,R*12

$AIS,0,273399760,3,-2.9,0.1,15.349310,54.830093,236.2,231.0,-38283.91,-8233.58,,1,,,,,,,,,,,,,,,*4A

$OWN,0,261187000,0,100000.0,9.0,15.945335,54.905567,33.3,77.0,0.0,0.0,,5,9161247,SNHA   ,NAWIGATOR XXI       ,99,17,43,4,6,2,5,21,12,0,3.4,SZCZECIN            *72

$WIND,,,T,,,R*12

$AIS,0,273399760,3,-2.9,0.1,15.349310,54.830093,236.2,231.0,-38287.59,-8235.67,,1,,,,,,,,,,,,,,,*40

$OWN,0,261187000,0,100000.0,8.8,15.945392,54.905586,35.6,80.0,0.0,0.0,,5,9161247,SNHA   ,NAWIGATOR XXI       ,99,17,43,4,6,2,5,21,12,0,3.4,SZCZECIN            *72

$WIND,,,T,,,R*12

$AIS,0,273399760,3,-2.9,0.1,15.349310,54.830093,236.2,231.0,-38291.20,-8237.76,,1,,,,,,,,,,,,,,,*4B

$OWN,0,261187000,0,100000.0,8.6,15.945450,54.905602,38.1,83.0,0.0,0.0,,5,9161247,SNHA   ,NAWIGATOR XXI       ,99,17,43,4,6,2,5,21,12,0,3.4,SZCZECIN            *73

$WIND,,,T,,,R*12

$AIS,0,273399760,3,-2.9,0.1,15.349310,54.830093,236.2,231.0,-38294.94,-8239.43,,1,,,,,,,,,,,,,,,*49

$AIS,0,273397740,3,0.0,0.0,15.340300,54.831917,153.7,246.0,-38871.98,-8031.57,,1,,,,,,,,,,,,,,,*69

$OWN,0,261187000,0,100000.0,8.6,15.945450,54.905602,38.1,83.0,0.0,0.0,,5,9161247,SNHA   ,NAWIGATOR XXI       ,99,17,43,4,6,2,5,21,12,0,3.4,SZCZECIN            *73

$WIND,,,T,,,R*12

$AIS,0,273399760,3,-2.9,0.1,15.349310,54.830093,236.2,231.0,-38298.67,-8241.09,,1,,,,,,,,,,,,,,,*48

$AIS,0,273397740,3,0.0,0.0,15.340300,54.831917,153.7,246.0,-38875.72,-8033.23,,1,,,,,,,,,,,,,,,*68

$OWN,0,261187000,0,100000.0,8.5,15.945508,54.905617,40.7,86.0,0.0,0.0,,5,9161247,SNHA   ,NAWIGATOR XXI       ,99,17,43,4,6,2,5,21,12,0,3.4,SZCZECIN            *74

$WIND,,,T,,,R*12

$AIS,0,273397740,3,0.0,0.0,15.340300,54.831917,153.7,246.0,-38879.58,-8034.47,,1,,,,,,,,,,,,,,,*69

$OWN,0,261187000,0,100000.0,8.3,15.945568,54.905628,43.2,89.0,0.0,0.0,,5,9161247,SNHA   ,NAWIGATOR XXI       ,99,17,43,4,6,2,5,21,12,0,3.4,SZCZECIN            *71

$WIND,,,T,,,R*12

$AIS,0,273397740,3,0.0,0.0,15.340300,54.831917,153.7,246.0,-38883.32,-8035.29,,1,,,,,,,,,,,,,,,*69

$OWN,0,261187000,0,100000.0,8.1,15.945626,54.905636,45.8,92.0,0.0,0.0,,5,9161247,SNHA   ,NAWIGATOR XXI       ,99,17,43,4,6,2,5,21,12,0,3.4,SZCZECIN            *73

$WIND,,,T,,,R*12

$AIS,0,273397740,3,0.0,0.0,15.340300,54.831917,153.7,246.0,-38887.18,-8036.11,,1,,,,,,,,,,,,,,,*6D

$AIS,0,273418870,0,0.0,0.5,15.292263,54.827541,104.2,49.0,-41977.31,-8495.27,,1,,,,,,,,,,,,,,,*5C

$OWN,0,261187000,0,100000.0,8.0,15.945686,54.905643,48.5,95.0,0.0,0.0,,5,9161247,SNHA   ,NAWIGATOR XXI       ,99,17,43,4,6,2,5,21,12,0,3.4,SZCZECIN            *7D

$WIND,,,T,,,R*12

$AIS,0,273397740,3,0.0,0.0,15.340300,54.831917,153.7,246.0,-38890.97,-8036.92,,1,,,,,,,,,,,,,,,*67

$AIS,0,273418870,0,0.0,0.5,15.292263,54.827541,104.2,49.0,-41981.11,-8496.08,,1,,,,,,,,,,,,,,,*59

$OWN,0,261187000,0,100000.0,7.7,15.945802,54.905655,53.7,101.0,0.0,0.0,,5,9161247,SNHA   ,NAWIGATOR XXI       ,99,17,43,4,6,2,5,21,12,0,3.4,SZCZECIN            *44

$WIND,,,T,,,R*12

$AIS,0,273397740,3,0.0,0.0,15.340300,54.831917,153.7,246.0,-38894.59,-8037.32,,1,,,,,,,,,,,,,,,*6A

$AIS,0,273418870,0,0.0,0.5,15.292263,54.827541,104.2,49.0,-41984.73,-8496.47,,1,,,,,,,,,,,,,,,*53

$OWN,0,261187000,0,100000.0,7.5,15.945860,54.905659,56.3,101.0,0.0,0.0,,5,9161247,SNHA   ,NAWIGATOR XXI       ,99,17,43,4,6,2,5,21,12,0,3.4,SZCZECIN            *4F

$WIND,,,T,,,R*12

$AIS,0,273397740,3,0.0,0.0,15.340300,54.831917,153.7,246.0,-38898.32,-8037.71,,1,,,,,,,,,,,,,,,*6C

$AIS,0,273418870,0,0.0,0.5,15.292263,54.827541,104.2,49.0,-41988.46,-8496.86,,1,,,,,,,,,,,,,,,*54

$AIS,0,273370640,3,1.6,0.0,15.355783,54.832630,,46.0,-37903.06,-7966.81,,1,,,,,,,,,,,,,,,*7B

$OWN,0,261187000,0,100000.0,7.4,15.945917,54.905659,58.9,103.0,0.0,0.0,,5,9161247,SNHA   ,NAWIGATOR XXI       ,99,17,43,4,6,2,5,21,12,0,3.4,SZCZECIN            *49

$WIND,,,T,,,R*12

$AIS,0,273397740,3,0.0,0.0,15.340300,54.831917,153.7,246.0,-38902.00,-8037.68,,1,,,,,,,,,,,,,,,*67

$AIS,0,273418870,0,0.0,0.5,15.292263,54.827541,104.2,49.0,-41992.14,-8496.83,,1,,,,,,,,,,,,,,,*5D

$AIS,0,273370640,3,1.6,0.0,15.355783,54.832630,,46.0,-37906.73,-7966.78,,1,,,,,,,,,,,,,,,*7A

$OWN,0,261187000,0,100000.0,7.3,15.945971,54.905659,61.6,106.0,0.0,0.0,,5,9161247,SNHA   ,NAWIGATOR XXI       ,99,17,43,4,6,2,5,21,12,0,3.4,SZCZECIN            *4E

$WIND,,,T,,,R*12

$AIS,0,273397740,3,0.0,0.0,15.340300,54.831917,153.7,246.0,-38905.49,-8037.65,,1,,,,,,,,,,,,,,,*60

$AIS,0,273418870,0,0.0,0.5,15.292263,54.827541,104.2,49.0,-41995.63,-8496.80,,1,,,,,,,,,,,,,,,*59

$AIS,0,273370640,3,1.6,0.0,15.355783,54.832630,,46.0,-37910.23,-7966.75,,1,,,,,,,,,,,,,,,*75

$OWN,0,261187000,0,100000.0,7.2,15.946029,54.905659,64.3,109.0,0.0,0.0,,5,9161247,SNHA   ,NAWIGATOR XXI       ,99,17,43,4,6,2,5,21,12,0,3.4,SZCZECIN            *47

$WIND,,,T,,,R*12

$AIS,0,273397740,3,0.0,0.0,15.340300,54.831917,153.7,246.0,-38909.17,-8037.61,,1,,,,,,,,,,,,,,,*63

$AIS,0,273418870,0,0.0,0.5,15.292263,54.827541,104.2,49.0,-41999.31,-8496.76,,1,,,,,,,,,,,,,,,*5B

$AIS,0,273370640,3,1.6,0.0,15.355783,54.832630,,46.0,-37913.90,-7966.72,,1,,,,,,,,,,,,,,,*79

$OWN,0,261187000,0,100000.0,7.0,15.946082,54.905655,67.1,112.0,0.0,0.0,,5,9161247,SNHA   ,NAWIGATOR XXI       ,99,17,43,4,6,2,5,21,12,0,3.4,SZCZECIN            *43

$WIND,,,T,,,R*12

$AIS,0,273418870,0,0.0,0.5,15.292263,54.827541,104.2,49.0,-42002.74,-8496.31,,1,,,,,,,,,,,,,,,*51

$AIS,0,273370640,3,1.6,0.0,15.355783,54.832630,,46.0,-37917.33,-7966.27,,1,,,,,,,,,,,,,,,*74

$AIS,0,273399760,3,-0.4,0.0,15.349312,54.830090,236.2,231.0,-38335.43,-8245.45,,1,,,,,,,,,,,,,,,*4B

$OWN,0,261187000,0,100000.0,6.9,15.946135,54.905651,69.9,114.0,0.0,0.0,,5,9161247,SNHA   ,NAWIGATOR XXI       ,99,17,43,4,6,2,5,21,12,0,3.4,SZCZECIN            *42

$WIND,,,T,,,R*12

$AIS,0,273418870,0,0.0,0.5,15.292263,54.827541,104.2,49.0,-42006.11,-8495.85,,1,,,,,,,,,,,,,,,*5A

$AIS,0,273370640,3,1.6,0.0,15.355783,54.832630,,46.0,-37920.70,-7965.82,,1,,,,,,,,,,,,,,,*7B

$AIS,0,273399760,3,-0.4,0.0,15.349312,54.830090,236.2,231.0,-38338.80,-8245.00,,1,,,,,,,,,,,,,,,*48

$OWN,0,261187000,0,100000.0,6.8,15.946187,54.905643,72.7,120.0,0.0,0.0,,5,9161247,SNHA   ,NAWIGATOR XXI       ,99,17,43,4,6,2,5,21,12,0,3.4,SZCZECIN            *4A

$WIND,,,T,,,R*12

$AIS,0,273418870,0,0.0,0.5,15.292263,54.827541,104.2,49.0,-42009.48,-8494.97,,1,,,,,,,,,,,,,,,*5B

$AIS,0,273370640,3,1.6,0.0,15.355783,54.832630,,46.0,-37924.07,-7964.94,,1,,,,,,,,,,,,,,,*79

$AIS,0,273399760,3,-0.4,0.0,15.349312,54.830090,236.2,231.0,-38342.17,-8244.12,,1,,,,,,,,,,,,,,,*49

$OWN,0,261187000,0,100000.0,6.7,15.946239,54.905636,75.3,122.0,0.0,0.0,,5,9161247,SNHA   ,NAWIGATOR XXI       ,99,17,43,4,6,2,5,21,12,0,3.4,SZCZECIN            *40

$WIND,,,T,,,R*12

$AIS,0,273370640,3,1.6,0.0,15.355783,54.832630,,46.0,-37927.38,-7964.06,,1,,,,,,,,,,,,,,,*7D

$AIS,0,273399760,3,-0.4,0.0,15.349312,54.830090,236.2,231.0,-38345.48,-8243.24,,1,,,,,,,,,,,,,,,*46

$OWN,0,261187000,0,100000.0,6.6,15.946288,54.905628,78.0,125.0,0.0,0.0,,5,9161247,SNHA   ,NAWIGATOR XXI       ,99,17,43,4,6,2,5,21,12,0,3.4,SZCZECIN            *4D

$WIND,,,T,,,R*12

$AIS,0,273370640,3,1.6,0.0,15.355783,54.832630,,46.0,-37930.56,-7963.19,,1,,,,,,,,,,,,,,,*7A

$AIS,0,273399760,3,-0.4,0.0,15.349312,54.830090,236.2,231.0,-38348.67,-8242.37,,1,,,,,,,,,,,,,,,*45

$OWN,0,261187000,0,100000.0,6.5,15.946337,54.905617,80.8,128.0,0.0,0.0,,5,9161247,SNHA   ,NAWIGATOR XXI       ,99,17,43,4,6,2,5,21,12,0,3.4,SZCZECIN            *45

$WIND,,,T,,,R*12

$AIS,0,273370640,3,1.6,0.0,15.355783,54.832630,,46.0,-37933.69,-7961.89,,1,,,,,,,,,,,,,,,*7E

$AIS,0,273399760,3,-0.4,0.0,15.349312,54.830090,236.2,231.0,-38351.79,-8241.07,,1,,,,,,,,,,,,,,,*42

$OWN,0,261187000,0,100000.0,6.5,15.946337,54.905617,80.8,128.0,0.0,0.0,,5,9161247,SNHA   ,NAWIGATOR XXI       ,99,17,43,4,6,2,5,21,12,0,3.4,SZCZECIN            *45

$WIND,,,T,,,R*12

$AIS,0,273399760,3,-0.4,0.0,15.349312,54.830090,236.2,231.0,-38351.79,-8241.07,,1,,,,,,,,,,,,,,,*42

$OWN,0,261187000,0,100000.0,6.4,15.946383,54.905609,83.6,130.0,0.0,0.0,,5,9161247,SNHA   ,NAWIGATOR XXI       ,99,17,43,4,6,2,5,21,12,0,3.4,SZCZECIN            *40

$WIND,,,T,,,R*12

$AIS,0,273399760,3,-0.4,0.0,15.349312,54.830090,236.2,231.0,-38354.79,-8240.19,,1,,,,,,,,,,,,,,,*49

$OWN,0,261187000,0,100000.0,6.3,15.946430,54.905598,86.3,133.0,0.0,0.0,,5,9161247,SNHA   ,NAWIGATOR XXI       ,99,17,43,4,6,2,5,21,12,0,3.4,SZCZECIN            *40

$WIND,,,T,,,R*12

$AIS,0,273399760,3,-0.4,0.0,15.349312,54.830090,236.2,231.0,-38357.79,-8238.89,,1,,,,,,,,,,,,,,,*4C

$AIS,0,273397740,3,0.0,0.0,15.340300,54.831902,153.7,246.0,-38934.97,-8032.30,,1,,,,,,,,,,,,,,,*60

$OWN,0,261187000,0,100000.0,6.1,15.946517,54.905567,91.7,136.0,0.0,0.0,,5,9161247,SNHA   ,NAWIGATOR XXI       ,99,17,43,4,6,2,5,21,12,0,3.4,SZCZECIN            *41

$WIND,,,T,,,R*12

$AIS,0,273399760,3,-0.4,0.0,15.349312,54.830090,236.2,231.0,-38363.37,-8235.45,,1,,,,,,,,,,,,,,,*4C

$AIS,0,273397740,3,0.0,0.0,15.340300,54.831902,153.7,246.0,-38940.55,-8028.85,,1,,,,,,,,,,,,,,,*68

$OWN,0,261187000,0,100000.0,6.1,15.946558,54.905552,94.5,138.0,0.0,0.0,,5,9161247,SNHA   ,NAWIGATOR XXI       ,99,17,43,4,6,2,5,21,12,0,3.4,SZCZECIN            *45

$WIND,,,T,,,R*12

$AIS,0,273397740,3,0.0,0.0,15.340300,54.831902,153.7,246.0,-38943.18,-8027.13,,1,,,,,,,,,,,,,,,*62

$AIS,0,273418880,0,-100000.0,0.6,15.436593,54.819462,259.2,255.0,-32767.87,-9460.61,,1,,,,,,,,,,,,,,,*7A

$OWN,0,261187000,0,100000.0,6.0,15.946598,54.905537,97.2,143.0,0.0,0.0,,5,9161247,SNHA   ,NAWIGATOR XXI       ,99,17,43,4,6,2,5,21,12,0,3.4,SZCZECIN            *43

$WIND,,,T,,,R*12

$AIS,0,273397740,3,0.0,0.0,15.340300,54.831902,153.7,246.0,-38945.75,-8025.41,,1,,,,,,,,,,,,,,,*6A

$AIS,0,273418880,0,-100000.0,0.6,15.436593,54.819462,259.2,255.0,-32770.45,-9458.89,,1,,,,,,,,,,,,,,,*7F

$OWN,0,261187000,0,100000.0,5.9,15.946636,54.905521,99.9,143.0,0.0,0.0,,5,9161247,SNHA   ,NAWIGATOR XXI       ,99,17,43,4,6,2,5,21,12,0,3.4,SZCZECIN            *4C

$WIND,,,T,,,R*12

$AIS,0,273397740,3,0.0,0.0,15.340300,54.831902,153.7,246.0,-38948.20,-8023.69,,1,,,,,,,,,,,,,,,*6B

$AIS,0,273418880,0,-100000.0,0.6,15.436593,54.819462,259.2,255.0,-32772.90,-9457.18,,1,,,,,,,,,,,,,,,*72

$OWN,0,261187000,0,100000.0,5.8,15.946707,54.905487,105.4,146.0,0.0,0.0,,5,9161247,SNHA   ,NAWIGATOR XXI       ,99,17,43,4,6,2,5,21,12,0,3.4,SZCZECIN            *7F

$WIND,,,T,,,R*12

$AIS,0,273397740,3,0.0,0.0,15.340300,54.831902,153.7,246.0,-38952.74,-8019.83,,1,,,,,,,,,,,,,,,*6C

$AIS,0,273418880,0,-100000.0,0.6,15.436593,54.819462,259.2,255.0,-32777.43,-9453.32,,1,,,,,,,,,,,,,,,*75

$OWN,0,261187000,0,100000.0,5.7,15.946740,54.905468,108.1,148.0,0.0,0.0,,5,9161247,SNHA   ,NAWIGATOR XXI       ,99,17,43,4,6,2,5,21,12,0,3.4,SZCZECIN            *74

$WIND,,,T,,,R*12

$AIS,0,273397740,3,0.0,0.0,15.340300,54.831902,153.7,246.0,-38954.88,-8017.69,,1,,,,,,,,,,,,,,,*63

$AIS,0,273418880,0,-100000.0,0.6,15.436593,54.819462,259.2,255.0,-32779.58,-9451.19,,1,,,,,,,,,,,,,,,*7A

$AIS,0,273418870,0,0.0,0.5,15.292340,54.827541,102.5,50.0,-42040.05,-8475.16,,1,,,,,,,,,,,,,,,*50

$OWN,0,261187000,0,100000.0,5.6,15.946772,54.905445,110.8,151.0,0.0,0.0,,5,9161247,SNHA   ,NAWIGATOR XXI       ,99,17,43,4,6,2,5,21,12,0,3.4,SZCZECIN            *73

$WIND,,,T,,,R*12

$AIS,0,273397740,3,0.0,0.0,15.340300,54.831902,153.7,246.0,-38956.90,-8015.13,,1,,,,,,,,,,,,,,,*67

$AIS,0,273418880,0,-100000.0,0.6,15.436593,54.819462,259.2,255.0,-32781.60,-9448.62,,1,,,,,,,,,,,,,,,*72

$AIS,0,273418870,0,0.0,0.5,15.292340,54.827541,102.5,50.0,-42042.07,-8472.59,,1,,,,,,,,,,,,,,,*5C

$OWN,0,261187000,0,100000.0,5.6,15.946802,54.905426,113.4,154.0,0.0,0.0,,5,9161247,SNHA   ,NAWIGATOR XXI       ,99,17,43,4,6,2,5,21,12,0,3.4,SZCZECIN            *74

$WIND,,,T,,,R*12

$AIS,0,273397740,3,0.0,0.0,15.340300,54.831902,153.7,246.0,-38958.86,-8012.99,,1,,,,,,,,,,,,,,,*6B

$AIS,0,273418880,0,-100000.0,0.6,15.436593,54.819462,259.2,255.0,-32783.56,-9446.49,,1,,,,,,,,,,,,,,,*72

$AIS,0,273418870,0,0.0,0.5,15.292340,54.827541,102.5,50.0,-42044.03,-8470.45,,1,,,,,,,,,,,,,,,*51

$OWN,0,261187000,0,100000.0,5.5,15.946828,54.905407,116.1,157.0,0.0,0.0,,5,9161247,SNHA   ,NAWIGATOR XXI       ,99,17,43,4,6,2,5,21,12,0,3.4,SZCZECIN            *7F

$WIND,,,T,,,R*12

$AIS,0,273397740,3,0.0,0.0,15.340300,54.831902,153.7,246.0,-38960.52,-8010.85,,1,,,,,,,,,,,,,,,*66

$AIS,0,273418880,0,-100000.0,0.6,15.436593,54.819462,259.2,255.0,-32785.22,-9444.35,,1,,,,,,,,,,,,,,,*7E

$AIS,0,273418870,0,0.0,0.5,15.292340,54.827541,102.5,50.0,-42045.69,-8468.31,,1,,,,,,,,,,,,,,,*56

$OWN,0,261187000,0,100000.0,5.5,15.946854,54.905384,118.9,162.0,0.0,0.0,,5,9161247,SNHA   ,NAWIGATOR XXI       ,99,17,43,4,6,2,5,21,12,0,3.4,SZCZECIN            *78

$WIND,,,T,,,R*12

$AIS,0,273397740,3,0.0,0.0,15.340300,54.831902,153.7,246.0,-38962.17,-8008.29,,1,,,,,,,,,,,,,,,*6A

$AIS,0,273418880,0,-100000.0,0.6,15.436593,54.819462,259.2,255.0,-32786.87,-9441.79,,1,,,,,,,,,,,,,,,*7F

$AIS,0,273418870,0,0.0,0.5,15.292340,54.827541,102.5,50.0,-42047.34,-8465.75,,1,,,,,,,,,,,,,,,*51

$OWN,0,261187000,0,100000.0,5.4,15.946878,54.905365,121.6,164.0,0.0,0.0,,5,9161247,SNHA   ,NAWIGATOR XXI       ,99,17,43,4,6,2,5,21,12,0,3.4,SZCZECIN            *7B

$WIND,,,T,,,R*12

$AIS,0,273418880,0,-100000.0,0.6,15.436593,54.819462,259.2,255.0,-32788.46,-9439.66,,1,,,,,,,,,,,,,,,*7D

$AIS,0,273418870,0,0.0,0.5,15.292340,54.827541,102.5,50.0,-42048.93,-8463.61,,1,,,,,,,,,,,,,,,*50

$OWN,0,261187000,0,100000.0,5.4,15.946900,54.905338,124.2,167.0,0.0,0.0,,5,9161247,SNHA   ,NAWIGATOR XXI       ,99,17,43,4,6,2,5,21,12,0,3.4,SZCZECIN            *7F

$WIND,,,T,,,R*12

$AIS,0,273418870,0,0.0,0.5,15.292340,54.827541,102.5,50.0,-42050.34,-8460.63,,1,,,,,,,,,,,,,,,*55

$AIS,0,273399760,3,-0.7,0.1,15.349294,54.830093,236.2,231.0,-38389.16,-8209.34,,1,,,,,,,,,,,,,,,*4C

$OWN,0,261187000,0,100000.0,5.3,15.946921,54.905315,126.7,169.0,0.0,0.0,,5,9161247,SNHA   ,NAWIGATOR XXI       ,99,17,43,4,6,2,5,21,12,0,3.4,SZCZECIN            *7D

$WIND,,,T,,,R*12

$AIS,0,273418870,0,0.0,0.5,15.292340,54.827541,102.5,50.0,-42051.69,-8458.07,,1,,,,,,,,,,,,,,,*55

$AIS,0,273399760,3,-0.7,0.1,15.349294,54.830093,236.2,231.0,-38390.50,-8206.78,,1,,,,,,,,,,,,,,,*41

$OWN,0,261187000,0,100000.0,5.3,15.946941,54.905296,129.4,172.0,0.0,0.0,,5,9161247,SNHA   ,NAWIGATOR XXI       ,99,17,43,4,6,2,5,21,12,0,3.4,SZCZECIN            *77

$WIND,,,T,,,R*12

$AIS,0,273418870,0,0.0,0.5,15.292340,54.827541,102.5,50.0,-42052.98,-8455.93,,1,,,,,,,,,,,,,,,*58

$AIS,0,273399760,3,-0.7,0.1,15.349294,54.830093,236.2,231.0,-38391.79,-8204.64,,1,,,,,,,,,,,,,,,*44

$OWN,0,261187000,0,100000.0,5.3,15.946941,54.905296,129.4,172.0,0.0,0.0,,1,,,,,,,,,,,,,,,*62

$WIND,,,T,,,R*12

$AIS,0,273418870,0,0.0,0.5,15.292340,54.827541,102.5,50.0,-42054.08,-8452.95,,1,,,,,,,,,,,,,,,*56

$AIS,0,273399760,3,-0.7,0.1,15.349294,54.830093,236.2,231.0,-38392.89,-8201.66,,1,,,,,,,,,,,,,,,*4F

$OWN,0,261187000,0,100000.0,5.2,15.946959,54.905270,132.0,174.0,0.0,0.0,,1,,,,,,,,,,,,,,,*6A

$WIND,,,T,,,R*12

$AIS,0,273418870,0,0.0,0.4,15.292383,54.827530,103.9,50.0,-42052.31,-8451.70,,1,,,,,,,,,,,,,,,*57

$AIS,0,273399760,3,-0.7,0.1,15.349294,54.830093,236.2,231.0,-38393.87,-8199.11,,1,,,,,,,,,,,,,,,*42

$OWN,0,261187000,0,100000.0,5.2,15.946974,54.905247,134.6,177.0,0.0,0.0,,1,,,,,,,,,,,,,,,*62

$WIND,,,T,,,R*12

$AIS,0,273418870,0,0.0,0.4,15.292383,54.827530,103.9,50.0,-42053.11,-8449.14,,1,,,,,,,,,,,,,,,*5F

$AIS,0,273399760,3,-0.7,0.1,15.349294,54.830093,236.2,231.0,-38394.67,-8196.55,,1,,,,,,,,,,,,,,,*44

$OWN,0,261187000,0,100000.0,5.2,15.946986,54.905224,137.2,179.0,0.0,0.0,,1,,,,,,,,,,,,,,,*63

$WIND,,,T,,,R*12

$AIS,0,273418870,0,0.0,0.4,15.292383,54.827530,103.9,50.0,-42053.91,-8446.16,,1,,,,,,,,,,,,,,,*5A

$AIS,0,273399760,3,-0.7,0.1,15.349294,54.830093,236.2,231.0,-38395.47,-8193.58,,1,,,,,,,,,,,,,,,*4F

$OWN,0,261187000,0,100000.0,5.1,15.946999,54.905197,139.8,182.0,0.0,0.0,,1,,,,,,,,,,,,,,,*65

$WIND,,,T,,,R*12

$AIS,0,273418870,0,0.0,0.4,15.292383,54.827530,103.9,50.0,-42053.91,-8446.16,,1,,,,,,,,,,,,,,,*5A

$AIS,0,273399760,3,-0.7,0.1,15.349294,54.830093,236.2,231.0,-38395.47,-8193.58,,1,,,,,,,,,,,,,,,*4F

$OWN,0,261187000,0,100000.0,5.0,15.947017,54.905151,144.9,187.0,0.0,0.0,,1,,,,,,,,,,,,,,,*6E

$WIND,,,T,,,R*12

$AIS,0,273418870,0,0.0,0.4,15.292383,54.827530,103.9,50.0,-42055.07,-8441.06,,1,,,,,,,,,,,,,,,*55

$AIS,0,273399760,3,-0.7,0.1,15.349294,54.830093,236.2,231.0,-38396.63,-8188.47,,1,,,,,,,,,,,,,,,*4E

$AIS,0,273397740,3,0.0,0.0,15.340300,54.831902,153.7,246.0,-38972.65,-7982.31,,1,,,,,,,,,,,,,,,*63

$AIS,0,259016000,0,0.0,12.1,15.528367,55.328617,281.0,282.0,-26561.00,47203.56,,1,,,,,,,,,,,,,,,*48

$OWN,0,261187000,0,100000.0,5.0,15.947023,54.905128,147.5,187.0,0.0,0.0,,1,,,,,,,,,,,,,,,*68

$WIND,,,T,,,R*12

$AIS,0,273418870,0,0.0,0.4,15.292383,54.827530,103.9,50.0,-42055.50,-8438.51,,1,,,,,,,,,,,,,,,*5B

$AIS,0,273399760,3,-0.7,0.1,15.349294,54.830093,236.2,231.0,-38397.06,-8185.92,,1,,,,,,,,,,,,,,,*49

$AIS,0,273397740,3,0.0,0.0,15.340300,54.831902,153.7,246.0,-38973.08,-7979.76,,1,,,,,,,,,,,,,,,*6E

$AIS,0,259016000,0,0.0,12.1,15.528367,55.328617,281.0,282.0,-26561.43,47206.11,,1,,,,,,,,,,,,,,,*49

$OWN,0,261187000,0,100000.0,5.0,15.947026,54.905102,150.1,189.0,0.0,0.0,,1,,,,,,,,,,,,,,,*69

$WIND,,,T,,,R*12

$AIS,0,273418870,0,0.0,0.4,15.292383,54.827530,103.9,50.0,-42055.68,-8435.53,,1,,,,,,,,,,,,,,,*5F

$AIS,0,273399760,3,-0.7,0.1,15.349294,54.830093,236.2,231.0,-38397.24,-8182.95,,1,,,,,,,,,,,,,,,*49

$AIS,0,273397740,3,0.0,0.0,15.340300,54.831902,153.7,246.0,-38973.26,-7976.78,,1,,,,,,,,,,,,,,,*63

$AIS,0,259016000,0,0.0,12.1,15.528367,55.328617,281.0,282.0,-26561.61,47209.08,,1,,,,,,,,,,,,,,,*4E

$OWN,0,261187000,0,100000.0,5.0,15.947030,54.905075,152.7,192.0,0.0,0.0,,1,,,,,,,,,,,,,,,*61

$WIND,,,T,,,R*12

$AIS,0,273418870,0,0.0,0.4,15.292383,54.827530,103.9,50.0,-42055.93,-8432.56,,1,,,,,,,,,,,,,,,*59

$AIS,0,273397740,3,0.0,0.0,15.340300,54.831902,153.7,246.0,-38973.50,-7973.81,,1,,,,,,,,,,,,,,,*61

$AIS,0,259016000,0,0.0,12.1,15.528367,55.328617,281.0,282.0,-26561.85,47212.06,,1,,,,,,,,,,,,,,,*40

$OWN,0,261187000,0,100000.0,4.9,15.947030,54.905052,155.3,194.0,0.0,0.0,,1,,,,,,,,,,,,,,,*69

$WIND,,,T,,,R*12

$AIS,0,273418870,0,0.0,0.4,15.292383,54.827530,103.9,50.0,-42055.93,-8430.01,,1,,,,,,,,,,,,,,,*59

$AIS,0,273397740,3,0.0,0.0,15.340300,54.831902,153.7,246.0,-38973.50,-7971.26,,1,,,,,,,,,,,,,,,*6E

$AIS,0,259016000,0,0.0,12.1,15.528367,55.328617,281.0,282.0,-26561.85,47214.60,,1,,,,,,,,,,,,,,,*46

$OWN,0,261187000,0,100000.0,4.9,15.947030,54.905029,157.8,197.0,0.0,0.0,,1,,,,,,,,,,,,,,,*6F

$WIND,,,T,,,R*12

$AIS,0,273418870,0,0.0,0.4,15.292383,54.827530,103.9,50.0,-42055.93,-8427.47,,1,,,,,,,,,,,,,,,*5D

$AIS,0,273397740,3,0.0,0.0,15.340300,54.831902,153.7,246.0,-38973.50,-7968.72,,1,,,,,,,,,,,,,,,*67

$AIS,0,259016000,0,0.0,12.1,15.528367,55.328617,281.0,282.0,-26561.85,47217.15,,1,,,,,,,,,,,,,,,*47

$OWN,0,261187000,0,100000.0,4.9,15.947026,54.905006,160.4,199.0,0.0,0.0,,1,,,,,,,,,,,,,,,*63

$WIND,,,T,,,R*12

$AIS,0,273397740,3,0.0,0.0,15.340300,54.831902,153.7,246.0,-38973.26,-7966.17,,1,,,,,,,,,,,,,,,*6B

$AIS,0,259016000,0,0.0,12.1,15.528367,55.328617,281.0,282.0,-26561.61,47219.69,,1,,,,,,,,,,,,,,,*48

$OWN,0,261187000,0,100000.0,4.8,15.947021,54.904980,162.9,201.0,0.0,0.0,,1,,,,,,,,,,,,,,,*6E

$WIND,,,T,,,R*12

$AIS,0,273397740,3,0.0,0.0,15.340300,54.831902,153.7,246.0,-38972.95,-7963.20,,1,,,,,,,,,,,,,,,*63

$AIS,0,259016000,0,0.0,12.1,15.528367,55.328617,281.0,282.0,-26561.31,47222.66,,1,,,,,,,,,,,,,,,*4A

$OWN,0,261187000,0,100000.0,4.8,15.947015,54.904957,165.4,204.0,0.0,0.0,,1,,,,,,,,,,,,,,,*6C

$WIND,,,T,,,R*12

$AIS,0,273397740,3,0.0,0.0,15.340300,54.831902,153.7,246.0,-38972.52,-7960.66,,1,,,,,,,,,,,,,,,*69

$AIS,0,259016000,0,0.0,12.1,15.528367,55.328617,281.0,282.0,-26560.88,47225.21,,1,,,,,,,,,,,,,,,*4D

$OWN,0,261187000,0,100000.0,4.8,15.947008,54.904934,167.9,206.0,0.0,0.0,,1,,,,,,,,,,,,,,,*68

$WIND,,,T,,,R*12

$AIS,0,273397740,3,0.0,0.0,15.340300,54.831902,153.7,246.0,-38972.10,-7958.12,,1,,,,,,,,,,,,,,,*67

$AIS,0,259016000,0,0.0,12.1,15.528367,55.328617,281.0,282.0,-26560.46,47227.75,,1,,,,,,,,,,,,,,,*4C

$OWN,0,261187000,0,100000.0,4.8,15.946999,54.904911,170.3,209.0,0.0,0.0,,1,,,,,,,,,,,,,,,*6C

$WIND,,,T,,,R*12

$AIS,0,273397740,3,0.0,0.0,15.340300,54.831902,153.7,246.0,-38971.48,-7955.57,,1,,,,,,,,,,,,,,,*65

$AIS,0,259016000,0,0.0,12.1,15.528367,55.328617,281.0,282.0,-26559.85,47230.30,,1,,,,,,,,,,,,,,,*4E

$OWN,0,261187000,0,100000.0,4.8,15.946999,54.904911,170.3,211.0,0.0,0.0,,1,,,,,,,,,,,,,,,*65

$WIND,,,T,,,R*12

$OWN,0,261187000,0,100000.0,4.8,15.946986,54.904888,172.8,214.0,0.0,0.0,,1,,,,,,,,,,,,,,,*66

$WIND,,,T,,,R*12

$AIS,0,273399760,3,0.2,0.1,15.349285,54.830086,236.2,232.0,-38394.43,-8157.50,,1,,,,,,,,,,,,,,,*65

$OWN,0,261187000,0,100000.0,4.7,15.946974,54.904865,175.4,216.0,0.0,0.0,,1,,,,,,,,,,,,,,,*6E

$WIND,,,T,,,R*12

$AIS,0,273399760,3,0.2,0.1,15.349285,54.830086,236.2,232.0,-38393.57,-8154.96,,1,,,,,,,,,,,,,,,*6E

$OWN,0,261187000,0,100000.0,4.7,15.946960,54.904842,177.9,219.0,0.0,0.0,,1,,,,,,,,,,,,,,,*6E

$WIND,,,T,,,R*12

$AIS,0,273399760,3,0.2,0.1,15.349285,54.830086,236.2,232.0,-38392.47,-8152.85,,1,,,,,,,,,,,,,,,*6A

$OWN,0,261187000,0,100000.0,4.7,15.946943,54.904823,180.5,221.0,0.0,0.0,,1,,,,,,,,,,,,,,,*67

$WIND,,,T,,,R*12

$AIS,0,273399760,3,0.2,0.1,15.349285,54.830086,236.2,232.0,-38392.47,-8152.85,,1,,,,,,,,,,,,,,,*6A

$OWN,0,261187000,0,100000.0,4.7,15.946925,54.904800,183.0,224.0,0.0,0.0,,1,,,,,,,,,,,,,,,*65

$WIND,,,T,,,R*12

$AIS,0,273399760,3,0.2,0.1,15.349285,54.830086,236.2,232.0,-38391.31,-8150.31,,1,,,,,,,,,,,,,,,*65

$OWN,0,261187000,0,100000.0,4.7,15.946887,54.904758,187.9,226.0,0.0,0.0,,1,,,,,,,,,,,,,,,*61

$WIND,,,T,,,R*12

$AIS,0,273399760,3,0.2,0.1,15.349285,54.830086,236.2,232.0,-38388.86,-8145.67,,1,,,,,,,,,,,,,,,*66

$OWN,0,261187000,0,100000.0,4.6,15.946865,54.904743,190.4,229.0,0.0,0.0,,1,,,,,,,,,,,,,,,*62

$WIND,,,T,,,R*12

$AIS,0,273399760,3,0.2,0.1,15.349285,54.830086,236.2,232.0,-38387.45,-8143.98,,1,,,,,,,,,,,,,,,*60

$OWN,0,261187000,0,100000.0,4.6,15.946841,54.904720,192.8,231.0,0.0,0.0,,1,,,,,,,,,,,,,,,*66

$WIND,,,T,,,R*12

$AIS,0,273399760,3,0.2,0.1,15.349285,54.830086,236.2,232.0,-38385.92,-8141.45,,1,,,,,,,,,,,,,,,*6A

$OWN,0,261187000,0,100000.0,4.6,15.946818,54.904705,195.2,234.0,0.0,0.0,,1,,,,,,,,,,,,,,,*65

$WIND,,,T,,,R*12

$AIS,0,273399760,3,0.2,0.1,15.349285,54.830086,236.2,232.0,-38384.45,-8139.76,,1,,,,,,,,,,,,,,,*6E

$OWN,0,261187000,0,100000.0,4.6,15.946818,54.904705,195.2,236.0,0.0,0.0,,1,,,,,,,,,,,,,,,*67

$WIND,,,T,,,R*12

$AIS,0,273399760,3,0.2,0.1,15.349285,54.830086,236.2,232.0,-38382.61,-8137.65,,1,,,,,,,,,,,,,,,*62

$OWN,0,261187000,0,100000.0,4.6,15.946790,54.904686,197.9,239.0,0.0,0.0,,1,,,,,,,,,,,,,,,*64

$WIND,,,T,,,R*12

$AIS,0,273399760,3,0.2,0.1,15.349285,54.830086,236.2,232.0,-38380.89,-8135.97,,1,,,,,,,,,,,,,,,*69

$AIS,0,273418880,0,-100000.0,0.3,15.436475,54.819424,188.2,238.0,-32788.68,-9366.65,,1,,,,,,,,,,,,,,,*75

$OWN,0,261187000,0,100000.0,4.6,15.946763,54.904671,200.4,241.0,0.0,0.0,,1,,,,,,,,,,,,,,,*6F

$WIND,,,T,,,R*12

$AIS,0,273418880,0,-100000.0,0.3,15.436475,54.819424,188.2,238.0,-32786.90,-9364.96,,1,,,,,,,,,,,,,,,*72

$OWN,0,261187000,0,100000.0,4.6,15.946735,54.904655,202.9,241.0,0.0,0.0,,1,,,,,,,,,,,,,,,*65

$WIND,,,T,,,R*12

$AIS,0,273418880,0,-100000.0,0.3,15.436475,54.819424,188.2,238.0,-32785.06,-9363.28,,1,,,,,,,,,,,,,,,*7C

$OWN,0,261187000,0,100000.0,4.5,15.946707,54.904640,205.4,244.0,0.0,0.0,,1,,,,,,,,,,,,,,,*6C

$WIND,,,T,,,R*12

$AIS,0,273418880,0,-100000.0,0.3,15.436475,54.819424,188.2,238.0,-32783.04,-9361.59,,1,,,,,,,,,,,,,,,*7C

$OWN,0,261187000,0,100000.0,4.5,15.946675,54.904625,208.0,246.0,0.0,0.0,,1,,,,,,,,,,,,,,,*60

$WIND,,,T,,,R*12

$AIS,0,273418880,0,-100000.0,0.3,15.436475,54.819424,188.2,238.0,-32780.96,-9360.34,,1,,,,,,,,,,,,,,,*7E

$AIS,0,273418870,0,0.0,0.5,15.292479,54.827522,107.3,51.0,-42024.94,-8382.34,,1,,,,,,,,,,,,,,,*5F

$OWN,0,261187000,0,100000.0,4.5,15.946643,54.904613,210.4,249.0,0.0,0.0,,1,,,,,,,,,,,,,,,*62

$WIND,,,T,,,R*12

$AIS,0,273418880,0,-100000.0,0.3,15.436475,54.819424,188.2,238.0,-32778.87,-9358.65,,1,,,,,,,,,,,,,,,*76

$AIS,0,273418870,0,0.0,0.5,15.292479,54.827522,107.3,51.0,-42022.85,-8380.66,,1,,,,,,,,,,,,,,,*5C

$OWN,0,261187000,0,100000.0,4.5,15.946610,54.904598,212.9,253.0,0.0,0.0,,1,,,,,,,,,,,,,,,*60

$WIND,,,T,,,R*12

$AIS,0,273418880,0,-100000.0,0.3,15.436475,54.819424,188.2,238.0,-32776.79,-9357.39,,1,,,,,,,,,,,,,,,*7F

$AIS,0,273418870,0,0.0,0.5,15.292479,54.827522,107.3,51.0,-42020.77,-8379.40,,1,,,,,,,,,,,,,,,*51

$OWN,0,261187000,0,100000.0,4.5,15.946578,54.904587,215.4,256.0,0.0,0.0,,1,,,,,,,,,,,,,,,*6C

$WIND,,,T,,,R*12

$AIS,0,273418880,0,-100000.0,0.3,15.436475,54.819424,188.2,238.0,-32776.79,-9357.39,,1,,,,,,,,,,,,,,,*7F

$AIS,0,273418870,0,0.0,0.5,15.292479,54.827522,107.3,51.0,-42020.77,-8379.40,,1,,,,,,,,,,,,,,,*51

$OWN,0,261187000,0,100000.0,4.5,15.946544,54.904575,217.9,258.0,0.0,0.0,,1,,,,,,,,,,,,,,,*6F

$WIND,,,T,,,R*12

$AIS,0,273418880,0,-100000.0,0.3,15.436475,54.819424,188.2,238.0,-32774.58,-9356.14,,1,,,,,,,,,,,,,,,*70

$AIS,0,273418870,0,0.0,0.5,15.292479,54.827522,107.3,51.0,-42018.56,-8378.15,,1,,,,,,,,,,,,,,,*58

$OWN,0,261187000,0,100000.0,4.5,15.946508,54.904568,220.5,261.0,0.0,0.0,,1,,,,,,,,,,,,,,,*69

$WIND,,,T,,,R*12

$AIS,0,273418880,0,-100000.0,0.3,15.436475,54.819424,188.2,238.0,-32772.32,-9355.30,,1,,,,,,,,,,,,,,,*7F

$AIS,0,273418870,0,0.0,0.5,15.292479,54.827522,107.3,51.0,-42016.30,-8377.32,,1,,,,,,,,,,,,,,,*5C

$OWN,0,261187000,0,100000.0,4.5,15.946473,54.904556,223.0,263.0,0.0,0.0,,1,,,,,,,,,,,,,,,*6D

$WIND,,,T,,,R*12

$AIS,0,273418880,0,-100000.0,0.3,15.436475,54.819424,188.2,238.0,-32770.05,-9354.05,,1,,,,,,,,,,,,,,,*7E

$AIS,0,273418870,0,0.0,0.5,15.292479,54.827522,107.3,51.0,-42014.03,-8376.07,,1,,,,,,,,,,,,,,,*59

$OWN,0,261187000,0,100000.0,4.5,15.946437,54.904549,225.5,266.0,0.0,0.0,,1,,,,,,,,,,,,,,,*65

$WIND,,,T,,,R*12

$AIS,0,273418870,0,0.0,0.5,15.292479,54.827522,107.3,51.0,-42011.70,-8375.24,,1,,,,,,,,,,,,,,,*5A

$OWN,0,261187000,0,100000.0,4.4,15.946363,54.904533,230.5,268.0,0.0,0.0,,1,,,,,,,,,,,,,,,*65

$WIND,,,T,,,R*12

$AIS,0,273418870,0,0.0,0.5,15.292479,54.827522,107.3,51.0,-42006.99,-8373.59,,1,,,,,,,,,,,,,,,*57

$OWN,0,261187000,0,100000.0,4.4,15.946325,54.904530,233.0,270.0,0.0,0.0,,1,,,,,,,,,,,,,,,*6B

$WIND,,,T,,,R*12

$AIS,0,273418870,0,0.0,0.5,15.292479,54.827522,107.3,51.0,-42004.54,-8373.19,,1,,,,,,,,,,,,,,,*50

$AIS,0,273418880,0,-100000.0,0.4,15.436470,54.819405,180.2,231.0,-32760.87,-9353.27,,1,,,,,,,,,,,,,,,*72

$OWN,0,261187000,0,100000.0,4.4,15.946286,54.904522,235.5,273.0,0.0,0.0,,1,,,,,,,,,,,,,,,*60

$WIND,,,T,,,R*12

$AIS,0,273418880,0,-100000.0,0.4,15.436470,54.819405,180.2,231.0,-32758.36,-9352.43,,1,,,,,,,,,,,,,,,*70

$OWN,0,261187000,0,100000.0,4.4,15.946250,54.904518,238.0,275.0,0.0,0.0,,1,,,,,,,,,,,,,,,*6C

$WIND,,,T,,,R*12

$AIS,0,273418880,0,-100000.0,0.4,15.436470,54.819405,180.2,231.0,-32756.03,-9352.03,,1,,,,,,,,,,,,,,,*7C

$OWN,0,261187000,0,100000.0,4.4,15.946250,54.904518,238.0,275.0,0.0,0.0,,1,,,,,,,,,,,,,,,*6C

$WIND,,,T,,,R*12

$AIS,0,273418880,0,-100000.0,0.4,15.436470,54.819405,180.2,231.0,-32753.58,-9352.04,,1,,,,,,,,,,,,,,,*70

$OWN,0,261187000,0,100000.0,4.4,15.946212,54.904518,240.6,278.0,0.0,0.0,,1,,,,,,,,,,,,,,,*6E

$WIND,,,T,,,R*12

$AIS,0,273418880,0,-100000.0,0.4,15.436470,54.819405,180.2,231.0,-32751.01,-9352.06,,1,,,,,,,,,,,,,,,*7C

$OWN,0,261187000,0,100000.0,4.4,15.946172,54.904518,243.2,281.0,0.0,0.0,,1,,,,,,,,,,,,,,,*6A

$WIND,,,T,,,R*12

$AIS,0,273418880,0,-100000.0,0.4,15.436470,54.819405,180.2,231.0,-32748.56,-9352.08,,1,,,,,,,,,,,,,,,*78

$OWN,0,261187000,0,100000.0,4.4,15.946134,54.904518,245.6,286.0,0.0,0.0,,1,,,,,,,,,,,,,,,*6D

$WIND,,,T,,,R*12

$AIS,0,273418880,0,-100000.0,0.4,15.436470,54.819405,180.2,231.0,-32748.56,-9352.08,,1,,,,,,,,,,,,,,,*78

$OWN,0,261187000,0,100000.0,4.4,15.946095,54.904518,248.2,288.0,0.0,0.0,,1,,,,,,,,,,,,,,,*60

$WIND,,,T,,,R*12

$AIS,0,273418880,0,-100000.0,0.4,15.436470,54.819405,180.2,231.0,-32746.11,-9352.10,,1,,,,,,,,,,,,,,,*7C

$OWN,0,261187000,0,100000.0,4.4,15.946056,54.904518,250.6,290.0,0.0,0.0,,1,,,,,,,,,,,,,,,*6B

$WIND,,,T,,,R*12

$AIS,0,273418880,0,-100000.0,0.4,15.436470,54.819405,180.2,231.0,-32743.59,-9352.12,,1,,,,,,,,,,,,,,,*77

$OWN,0,261187000,0,100000.0,4.4,15.946018,54.904518,253.1,293.0,0.0,0.0,,1,,,,,,,,,,,,,,,*66

$WIND,,,T,,,R*12

$AIS,0,273418880,0,-100000.0,0.4,15.436470,54.819405,180.2,231.0,-32741.14,-9352.14,,1,,,,,,,,,,,,,,,*7A

$OWN,0,261187000,0,100000.0,4.4,15.945978,54.904522,255.7,296.0,0.0,0.0,,1,,,,,,,,,,,,,,,*66

$WIND,,,T,,,R*12

$AIS,0,273418880,0,-100000.0,0.4,15.436470,54.819405,180.2,231.0,-32738.57,-9352.58,,1,,,,,,,,,,,,,,,*7B

$OWN,0,261187000,0,100000.0,4.4,15.945942,54.904526,258.3,299.0,0.0,0.0,,1,,,,,,,,,,,,,,,*6D

$WIND,,,T,,,R*12

$OWN,0,261187000,0,100000.0,4.4,15.945905,54.904533,261.0,301.0,0.0,0.0,,1,,,,,,,,,,,,,,,*63

$WIND,,,T,,,R*12

$OWN,0,261187000,0,100000.0,4.4,15.945831,54.904545,266.3,304.0,0.0,0.0,,1,,,,,,,,,,,,,,,*65

$WIND,,,T,,,R*12

$OWN,0,261187000,0,100000.0,4.3,15.945795,54.904556,268.9,306.0,0.0,0.0,,1,,,,,,,,,,,,,,,*67

$WIND,,,T,,,R*12

$OWN,0,261187000,0,100000.0,4.3,15.945762,54.904564,271.5,309.0,0.0,0.0,,1,,,,,,,,,,,,,,,*65

$WIND,,,T,,,R*12

$OWN,0,261187000,0,100000.0,4.3,15.945762,54.904564,271.5,311.0,0.0,0.0,,1,,,,,,,,,,,,,,,*6C

$WIND,,,T,,,R*12

$OWN,0,261187000,0,100000.0,4.3,15.945726,54.904575,274.0,314.0,0.0,0.0,,1,,,,,,,,,,,,,,,*69

$WIND,,,T,,,R*12

$OWN,0,261187000,0,100000.0,4.3,15.945693,54.904587,276.5,317.0,0.0,0.0,,1,,,,,,,,,,,,,,,*6F

$WIND,,,T,,,R*12

$OWN,0,261187000,0,100000.0,4.3,15.945660,54.904598,279.1,319.0,0.0,0.0,,1,,,,,,,,,,,,,,,*68

$WIND,,,T,,,R*12

$OWN,0,261187000,0,100000.0,4.3,15.945628,54.904610,281.8,319.0,0.0,0.0,,1,,,,,,,,,,,,,,,*69

$WIND,,,T,,,R*12

$OWN,0,261187000,0,100000.0,4.3,15.945599,54.904625,284.5,322.0,0.0,0.0,,1,,,,,,,,,,,,,,,*66

$WIND,,,T,,,R*12

$OWN,0,261187000,0,100000.0,4.3,15.945568,54.904636,287.1,327.0,0.0,0.0,,1,,,,,,,,,,,,,,,*68

$WIND,,,T,,,R*12

$OWN,0,261187000,0,100000.0,4.3,15.945540,54.904652,289.9,330.0,0.0,0.0,,1,,,,,,,,,,,,,,,*60

$WIND,,,T,,,R*12

$OWN,0,261187000,0,100000.0,4.3,15.945515,54.904667,292.5,332.0,0.0,0.0,,1,,,,,,,,,,,,,,,*62

$WIND,,,T,,,R*12

$OWN,0,261187000,0,100000.0,4.3,15.945490,54.904686,295.3,335.0,0.0,0.0,,1,,,,,,,,,,,,,,,*67

$WIND,,,T,,,R*12

$OWN,0,261187000,0,100000.0,4.3,15.945465,54.904701,297.9,335.0,0.0,0.0,,1,,,,,,,,,,,,,,,*6B

$WIND,,,T,,,R*12

$OWN,0,261187000,0,100000.0,4.3,15.945443,54.904720,300.4,337.0,0.0,0.0,,1,,,,,,,,,,,,,,,*6C

$WIND,,,T,,,R*12

$OWN,0,261187000,0,100000.0,4.3,15.945421,54.904739,303.0,340.0,0.0,0.0,,1,,,,,,,,,,,,,,,*67

$WIND,,,T,,,R*12

$OWN,0,261187000,0,100000.0,4.3,15.945401,54.904758,305.6,343.0,0.0,0.0,,1,,,,,,,,,,,,,,,*61

$WIND,,,T,,,R*12

$OWN,0,261187000,0,100000.0,4.3,15.945383,54.904774,308.2,348.0,0.0,0.0,,1,,,,,,,,,,,,,,,*60

$WIND,,,T,,,R*12

$OWN,0,261187000,0,100000.0,4.3,15.945367,54.904797,311.0,350.0,0.0,0.0,,1,,,,,,,,,,,,,,,*64

$WIND,,,T,,,R*12

$OWN,0,261187000,0,100000.0,4.3,15.945352,54.904816,313.7,353.0,0.0,0.0,,1,,,,,,,,,,,,,,,*62

$WIND,,,T,,,R*12

$OWN,0,261187000,0,100000.0,4.3,15.945338,54.904839,316.4,356.0,0.0,0.0,,1,,,,,,,,,,,,,,,*60

$WIND,,,T,,,R*12

$OWN,0,261187000,0,100000.0,4.3,15.945327,54.904858,319.1,358.0,0.0,0.0,,1,,,,,,,,,,,,,,,*6D

$WIND,,,T,,,R*12

$OWN,0,261187000,0,100000.0,4.3,15.945316,54.904877,321.7,1.0,0.0,0.0,,1,,,,,,,,,,,,,,,*60

$WIND,,,T,,,R*12

$OWN,0,261187000,0,100000.0,4.3,15.945307,54.904903,324.3,1.0,0.0,0.0,,1,,,,,,,,,,,,,,,*63

$WIND,,,T,,,R*12

$OWN,0,261187000,0,100000.0,4.3,15.945300,54.904922,326.8,3.0,0.0,0.0,,1,,,,,,,,,,,,,,,*6C

$WIND,,,T,,,R*12

$OWN,0,261187000,0,100000.0,4.3,15.945295,54.904945,329.4,6.0,0.0,0.0,,1,,,,,,,,,,,,,,,*66

$WIND,,,T,,,R*12

$OWN,0,261187000,0,100000.0,4.3,15.945290,54.904968,332.0,8.0,0.0,0.0,,1,,,,,,,,,,,,,,,*6C

$WIND,,,T,,,R*12

$OWN,0,261187000,0,100000.0,4.4,15.945289,54.904991,334.6,11.0,0.0,0.0,,1,,,,,,,,,,,,,,,*5D

$WIND,,,T,,,R*12

$OWN,0,261187000,0,100000.0,4.4,15.945289,54.905014,337.3,14.0,0.0,0.0,,1,,,,,,,,,,,,,,,*5B

$WIND,,,T,,,R*12

$OWN,0,261187000,0,100000.0,4.4,15.945290,54.905037,339.9,18.0,0.0,0.0,,1,,,,,,,,,,,,,,,*5A

$WIND,,,T,,,R*12

$OWN,0,261187000,0,100000.0,4.4,15.945292,54.905060,342.2,20.0,0.0,0.0,,1,,,,,,,,,,,,,,,*56

$WIND,,,T,,,R*12

$OWN,0,261187000,0,100000.0,4.4,15.945295,54.905083,344.8,22.0,0.0,0.0,,1,,,,,,,,,,,,,,,*52

$WIND,,,T,,,R*12

$OWN,0,261187000,0,100000.0,4.4,15.945300,54.905106,347.1,24.0,0.0,0.0,,1,,,,,,,,,,,,,,,*5F

$WIND,,,T,,,R*12

$OWN,0,261187000,0,100000.0,4.5,15.945307,54.905128,349.5,26.0,0.0,0.0,,1,,,,,,,,,,,,,,,*5D

$WIND,,,T,,,R*12

$OWN,0,261187000,0,100000.0,4.5,15.945316,54.905151,351.9,27.0,0.0,0.0,,1,,,,,,,,,,,,,,,*57

$WIND,,,T,,,R*12

$OWN,0,261187000,0,100000.0,4.5,15.945325,54.905174,354.1,29.0,0.0,0.0,,1,,,,,,,,,,,,,,,*53

$WIND,,,T,,,R*12

$OWN,0,261187000,0,100000.0,4.5,15.945325,54.905174,354.1,29.0,0.0,0.0,,1,,,,,,,,,,,,,,,*53

$WIND,,,T,,,R*12

$OWN,0,261187000,0,100000.0,4.5,15.945336,54.905193,356.4,30.0,0.0,0.0,,1,,,,,,,,,,,,,,,*57

$WIND,,,T,,,R*12

