$OWN,0,261187000,0,0.0,10.4,15.947403,54.828445,358.0,0.0,0.0,0.0,,1,,,,,,,,,,,,,,,*68

$WIND,,,T,,,R*12

$OWN,0,261187000,0,0.0,10.4,15.947400,54.828495,358.1,0.0,0.0,0.0,,1,,,,,,,,,,,,,,,*67

$WIND,,,T,,,R*12

$OWN,0,261187000,0,0.0,10.4,15.947400,54.828545,358.2,0.0,0.0,0.0,,1,,,,,,,,,,,,,,,*68

$WIND,,,T,,,R*12

$OWN,0,261187000,0,0.0,10.4,15.947398,54.828590,358.3,0.0,0.0,0.0,,1,,,,,,,,,,,,,,,*67

$WIND,,,T,,,R*12

$OWN,0,261187000,0,0.0,10.4,15.947396,54.828640,358.2,359.0,0.0,0.0,,1,,,,,,,,,,,,,,,*69

$WIND,,,T,,,R*12

$OWN,0,261187000,0,0.0,10.4,15.947392,54.828686,358.1,0.0,0.0,0.0,,1,,,,,,,,,,,,,,,*6B

$WIND,,,T,,,R*12

$OWN,0,261187000,0,100000.0,10.4,15.947387,54.828735,357.9,0.0,0.0,0.0,,1,,,,,,,,,,,,,,,*50

$WIND,,,T,,,R*12

$OWN,0,261187000,0,0.0,10.4,15.947383,54.828785,357.9,0.0,0.0,0.0,,1,,,,,,,,,,,,,,,*6E

$WIND,,,T,,,R*12

$OWN,0,261187000,0,0.0,10.4,15.947378,54.828831,357.9,0.0,0.0,0.0,,1,,,,,,,,,,,,,,,*6A

$WIND,,,T,,,R*12

$OWN,0,261187000,0,0.0,10.4,15.947376,54.828876,357.9,0.0,0.0,0.0,,1,,,,,,,,,,,,,,,*67

$WIND,,,T,,,R*12

$OWN,0,261187000,0,0.0,10.4,15.947373,54.828926,357.9,0.0,0.0,0.0,,1,,,,,,,,,,,,,,,*66

$WIND,,,T,,,R*12

$OWN,0,261187000,0,0.0,10.4,15.947370,54.828976,357.9,0.0,0.0,0.0,,1,,,,,,,,,,,,,,,*60

$WIND,,,T,,,R*12

$OWN,0,261187000,0,0.0,10.4,15.947369,54.829021,357.9,0.0,0.0,0.0,,1,,,,,,,,,,,,,,,*62

$WIND,,,T,,,R*12

$OWN,0,261187000,0,0.0,10.4,15.947365,54.829071,357.9,0.0,0.0,0.0,,1,,,,,,,,,,,,,,,*6B

$WIND,,,T,,,R*12

$OWN,0,261187000,0,0.0,10.4,15.947363,54.829117,358.0,0.0,0.0,0.0,,1,,,,,,,,,,,,,,,*6A

$WIND,,,T,,,R*12

$OWN,0,261187000,0,0.0,10.4,15.947360,54.829166,357.9,0.0,0.0,0.0,,1,,,,,,,,,,,,,,,*69

$WIND,,,T,,,R*12

$OWN,0,261187000,0,0.0,10.4,15.947356,54.829216,357.9,0.0,0.0,0.0,,1,,,,,,,,,,,,,,,*68

$WIND,,,T,,,R*12

$OWN,0,261187000,0,-100000.0,10.4,15.947353,54.829262,358.0,0.0,0.0,0.0,,1,,,,,,,,,,,,,,,*74

$WIND,,,T,,,R*12

$OWN,0,261187000,0,0.0,10.4,15.947351,54.829311,358.0,0.0,0.0,0.0,,1,,,,,,,,,,,,,,,*6F

$WIND,,,T,,,R*12

$OWN,0,261187000,0,0.0,10.4,15.947350,54.829357,358.0,0.0,0.0,0.0,,1,,,,,,,,,,,,,,,*6C

$WIND,,,T,,,R*12

$OWN,0,261187000,0,0.0,10.4,15.947347,54.829407,358.1,0.0,0.0,0.0,,1,,,,,,,,,,,,,,,*69

$WIND,,,T,,,R*12

$OWN,0,261187000,0,0.0,10.4,15.947347,54.829453,358.2,0.0,0.0,0.0,,1,,,,,,,,,,,,,,,*6B

$WIND,,,T,,,R*12

$OWN,0,261187000,0,0.0,10.4,15.947343,54.829502,358.2,0.0,0.0,0.0,,1,,,,,,,,,,,,,,,*6A

$WIND,,,T,,,R*12

$OWN,0,261187000,0,0.0,10.4,15.947342,54.829552,358.2,0.0,0.0,0.0,,1,,,,,,,,,,,,,,,*6E

$WIND,,,T,,,R*12

$OWN,0,261187000,0,100000.0,10.4,15.947338,54.829597,358.1,0.0,0.0,0.0,,1,,,,,,,,,,,,,,,*58

$WIND,,,T,,,R*12

$OWN,0,261187000,0,100000.0,10.4,15.947335,54.829647,358.1,0.0,0.0,0.0,,1,,,,,,,,,,,,,,,*5B

$WIND,,,T,,,R*12

$OWN,0,261187000,0,100000.0,10.4,15.947333,54.829693,358.1,0.0,0.0,0.0,,1,,,,,,,,,,,,,,,*54

$WIND,,,T,,,R*12

$OWN,0,261187000,0,100000.0,10.4,15.947330,54.829742,358.1,1.0,0.0,0.0,,1,,,,,,,,,,,,,,,*5B

$WIND,,,T,,,R*12

$OWN,0,261187000,0,100000.0,10.4,15.947327,54.829788,358.1,2.0,0.0,0.0,,1,,,,,,,,,,,,,,,*58

$WIND,,,T,,,R*12

$OWN,0,261187000,0,100000.0,10.4,15.947325,54.829838,358.2,3.0,0.0,0.0,,1,,,,,,,,,,,,,,,*5C

$WIND,,,T,,,R*12

$OWN,0,261187000,0,100000.0,10.4,15.947324,54.829884,358.3,4.0,0.0,0.0,,1,,,,,,,,,,,,,,,*5C

$WIND,,,T,,,R*12

$OWN,0,261187000,0,100000.0,10.4,15.947325,54.829933,358.5,5.0,0.0,0.0,,1,,,,,,,,,,,,,,,*57

$WIND,,,T,,,R*12

$OWN,0,261187000,0,100000.0,10.4,15.947325,54.829979,358.8,7.0,0.0,0.0,,1,,,,,,,,,,,,,,,*56

$WIND,,,T,,,R*12

$OWN,0,261187000,0,100000.0,10.4,15.947329,54.830029,359.0,9.0,0.0,0.0,,1,,,,,,,,,,,,,,,*59

$WIND,,,T,,,R*12

$OWN,0,261187000,0,100000.0,10.4,15.947330,54.830074,359.2,11.0,0.0,0.0,,1,,,,,,,,,,,,,,,*62

$WIND,,,T,,,R*12

$OWN,0,261187000,0,100000.0,10.3,15.947331,54.830120,359.5,13.0,0.0,0.0,,1,,,,,,,,,,,,,,,*61

$WIND,,,T,,,R*12

$OWN,0,261187000,0,100000.0,10.3,15.947336,54.830170,359.8,16.0,0.0,0.0,,1,,,,,,,,,,,,,,,*6B

$WIND,,,T,,,R*12

$OWN,0,261187000,0,100000.0,10.3,15.947343,54.830215,0.3,19.0,0.0,0.0,,1,,,,,,,,,,,,,,,*62

$WIND,,,T,,,R*12

$OWN,0,261187000,0,100000.0,10.2,15.947351,54.830261,1.0,21.0,0.0,0.0,,1,,,,,,,,,,,,,,,*6A

$WIND,,,T,,,R*12

$OWN,0,261187000,0,100000.0,10.2,15.947365,54.830303,1.8,24.0,0.0,0.0,,1,,,,,,,,,,,,,,,*65

$WIND,,,T,,,R*12

$OWN,0,261187000,0,100000.0,10.1,15.947382,54.830349,2.8,27.0,0.0,0.0,,1,,,,,,,,,,,,,,,*61

$WIND,,,T,,,R*12

$OWN,0,261187000,0,100000.0,10.1,15.947402,54.830391,4.1,30.0,0.0,0.0,,1,,,,,,,,,,,,,,,*62

$WIND,,,T,,,R*12

$OWN,0,261187000,0,100000.0,10.0,15.947425,54.830433,5.3,33.0,0.0,0.0,,1,,,,,,,,,,,,,,,*69

$WIND,,,T,,,R*12

$OWN,0,261187000,0,100000.0,9.9,15.947449,54.830471,6.5,37.0,0.0,0.0,,1,,,,,,,,,,,,,,,*55

$WIND,,,T,,,R*12

$OWN,0,261187000,0,100000.0,9.8,15.947475,54.830513,8.0,40.0,0.0,0.0,,1,,,,,,,,,,,,,,,*55

$WIND,,,T,,,R*12

$OWN,0,261187000,0,100000.0,9.6,15.947505,54.830551,9.5,43.0,0.0,0.0,,1,,,,,,,,,,,,,,,*5C

$WIND,,,T,,,R*12

$OWN,0,261187000,0,100000.0,9.5,15.947538,54.830585,11.0,47.0,0.0,0.0,,1,,,,,,,,,,,,,,,*60

$WIND,,,T,,,R*12

$OWN,0,261187000,0,100000.0,9.4,15.947574,54.830620,12.8,50.0,0.0,0.0,,1,,,,,,,,,,,,,,,*68

$WIND,,,T,,,R*12

$OWN,0,261187000,0,100000.0,9.2,15.947612,54.830650,14.7,53.0,0.0,0.0,,1,,,,,,,,,,,,,,,*60

$WIND,,,T,,,R*12

$OWN,0,261187000,0,100000.0,9.1,15.947654,54.830681,16.7,57.0,0.0,0.0,,1,,,,,,,,,,,,,,,*6B

$WIND,,,T,,,R*12

$OWN,0,261187000,0,100000.0,8.9,15.947695,54.830708,18.7,60.0,0.0,0.0,,1,,,,,,,,,,,,,,,*65

$WIND,,,T,,,R*12

$OWN,0,261187000,0,100000.0,8.9,15.947695,54.830708,18.7,60.0,0.0,0.0,,1,,,,,,,,,,,,,,,*65

$WIND,,,T,,,R*12

$OWN,0,261187000,0,100000.0,8.7,15.947739,54.830734,20.7,63.0,0.0,0.0,,1,,,,,,,,,,,,,,,*6B

$WIND,,,T,,,R*12

$OWN,0,261187000,0,100000.0,8.5,15.947783,54.830757,22.9,66.0,0.0,0.0,,1,,,,,,,,,,,,,,,*64

$WIND,,,T,,,R*12

$OWN,0,261187000,0,100000.0,8.4,15.947828,54.830780,25.1,70.0,0.0,0.0,,1,,,,,,,,,,,,,,,*69

$WIND,,,T,,,R*12

$OWN,0,261187000,0,100000.0,8.2,15.947877,54.830799,27.5,73.0,0.0,0.0,,1,,,,,,,,,,,,,,,*68

$WIND,,,T,,,R*12

$OWN,0,261187000,0,100000.0,8.0,15.947925,54.830818,29.8,76.0,0.0,0.0,,1,,,,,,,,,,,,,,,*6C

$WIND,,,T,,,R*12

$OWN,0,261187000,0,100000.0,7.8,15.947971,54.830833,32.1,79.0,0.0,0.0,,1,,,,,,,,,,,,,,,*6F

$WIND,,,T,,,R*12

$OWN,0,261187000,0,100000.0,7.6,15.948020,54.830849,34.6,82.0,0.0,0.0,,1,,,,,,,,,,,,,,,*6B

$WIND,,,T,,,R*12

$OWN,0,261187000,0,100000.0,7.4,15.948069,54.830860,37.1,86.0,0.0,0.0,,1,,,,,,,,,,,,,,,*6F

$WIND,,,T,,,R*12

$OWN,0,261187000,0,100000.0,7.2,15.948116,54.830872,39.6,89.0,0.0,0.0,,1,,,,,,,,,,,,,,,*65

$WIND,,,T,,,R*12

$OWN,0,261187000,0,100000.0,7.1,15.948165,54.830879,42.2,92.0,0.0,0.0,,1,,,,,,,,,,,,,,,*6B

$WIND,,,T,,,R*12

$OWN,0,261187000,0,100000.0,6.9,15.948214,54.830887,44.8,95.0,0.0,0.0,,1,,,,,,,,,,,,,,,*6D

$WIND,,,T,,,R*12

$AIS,0,273399760,3,0.0,0.0,15.349433,54.830097,234.0,231.0,-38467.57,76.03,,1,,,,,,,,,,,,,,,*41

$OWN,0,261187000,0,100000.0,6.7,15.948260,54.830891,47.4,98.0,0.0,0.0,,1,,,,,,,,,,,,,,,*65

$WIND,,,T,,,R*12

$AIS,0,273399760,3,0.0,0.0,15.349433,54.830097,234.0,231.0,-38470.57,75.21,,1,,,,,,,,,,,,,,,*44

$OWN,0,261187000,0,100000.0,6.4,15.948352,54.830898,52.8,104.0,0.0,0.0,,1,,,,,,,,,,,,,,,*53

$WIND,,,T,,,R*12

$AIS,0,273399760,3,0.0,0.0,15.349433,54.830097,234.0,231.0,-38473.45,75.24,,1,,,,,,,,,,,,,,,*41

$OWN,0,261187000,0,100000.0,6.2,15.948397,54.830898,55.5,107.0,0.0,0.0,,1,,,,,,,,,,,,,,,*55

$WIND,,,T,,,R*12

$AIS,0,273399760,3,0.0,0.0,15.349433,54.830097,234.0,231.0,-38476.33,75.26,,1,,,,,,,,,,,,,,,*47

$OWN,0,261187000,0,100000.0,6.1,15.948440,54.830902,58.1,110.0,0.0,0.0,,1,,,,,,,,,,,,,,,*56

$WIND,,,T,,,R*12

$AIS,0,273399760,3,0.0,0.0,15.349433,54.830097,234.0,231.0,-38479.09,74.86,,1,,,,,,,,,,,,,,,*4A

$OWN,0,261187000,0,100000.0,5.9,15.948483,54.830898,60.8,113.0,0.0,0.0,,1,,,,,,,,,,,,,,,*51

$WIND,,,T,,,R*12

$AIS,0,273399760,3,0.0,0.0,15.349433,54.830097,234.0,231.0,-38481.90,75.31,,1,,,,,,,,,,,,,,,*40

$OWN,0,261187000,0,100000.0,5.7,15.948525,54.830898,63.6,116.0,0.0,0.0,,1,,,,,,,,,,,,,,,*5A

$WIND,,,T,,,R*12

$AIS,0,273399760,3,0.0,0.0,15.349433,54.830097,234.0,231.0,-38484.60,75.33,,1,,,,,,,,,,,,,,,*48

$OWN,0,261187000,0,100000.0,5.6,15.948565,54.830894,66.3,119.0,0.0,0.0,,1,,,,,,,,,,,,,,,*5C

$WIND,,,T,,,R*12

$AIS,0,273399760,3,0.0,0.0,15.349433,54.830097,234.0,231.0,-38487.11,75.78,,1,,,,,,,,,,,,,,,*42

$OWN,0,261187000,0,100000.0,5.5,15.948605,54.830887,69.2,122.0,0.0,0.0,,1,,,,,,,,,,,,,,,*5E

$WIND,,,T,,,R*12

$AIS,0,273399760,3,0.0,0.0,15.349433,54.830097,234.0,231.0,-38489.68,76.65,,1,,,,,,,,,,,,,,,*4D

$AIS,0,273212470,3,0.0,0.0,15.326232,54.826252,127.1,,-39983.85,-338.24,,1,,,,,,,,,,,,,,,*75

$OWN,0,261187000,0,100000.0,5.3,15.948644,54.830883,72.0,122.0,0.0,0.0,,1,,,,,,,,,,,,,,,*51

$WIND,,,T,,,R*12

$AIS,0,273399760,3,0.0,0.0,15.349433,54.830097,234.0,231.0,-38492.20,77.09,,1,,,,,,,,,,,,,,,*40

$AIS,0,273212470,3,0.0,0.0,15.326232,54.826252,127.1,,-39986.36,-337.79,,1,,,,,,,,,,,,,,,*7F

$OWN,0,261187000,0,100000.0,5.2,15.948680,54.830875,74.7,124.0,0.0,0.0,,1,,,,,,,,,,,,,,,*56

$WIND,,,T,,,R*12

$AIS,0,273212470,3,0.0,0.0,15.326232,54.826252,127.1,,-39988.69,-336.92,,1,,,,,,,,,,,,,,,*7F

$AIS,0,273397740,3,0.0,0.1,15.343367,54.833569,162.2,246.0,-38880.87,467.58,,1,,,,,,,,,,,,,,,*77

$AIS,0,273418880,0,0.0,0.6,15.461487,54.812660,133.2,51.0,-31309.94,-1918.11,,1,,,,,,,,,,,,,,,*52

$OWN,0,261187000,0,100000.0,5.1,15.948717,54.830872,77.4,127.0,0.0,0.0,,1,,,,,,,,,,,,,,,*5E

$WIND,,,T,,,R*12

$AIS,0,273212470,3,0.0,0.0,15.326232,54.826252,127.1,,-39991.08,-336.47,,1,,,,,,,,,,,,,,,*78

$AIS,0,273397740,3,0.0,0.1,15.343367,54.833569,162.2,246.0,-38883.26,468.03,,1,,,,,,,,,,,,,,,*7E

$AIS,0,273418880,0,0.0,0.6,15.461487,54.812660,133.2,51.0,-31312.33,-1917.67,,1,,,,,,,,,,,,,,,*5B

$OWN,0,261187000,0,100000.0,5.1,15.948717,54.830872,77.4,130.0,0.0,0.0,,1,,,,,,,,,,,,,,,*58

$WIND,,,T,,,R*12

$AIS,0,273212470,3,0.0,0.0,15.326232,54.826252,127.1,,-39995.55,-334.31,,1,,,,,,,,,,,,,,,*77

$AIS,0,273397740,3,0.0,0.1,15.343367,54.833569,162.2,246.0,-38887.73,470.19,,1,,,,,,,,,,,,,,,*78

$AIS,0,273418880,0,0.0,0.6,15.461487,54.812660,133.2,51.0,-31316.80,-1915.52,,1,,,,,,,,,,,,,,,*53

$OWN,0,261187000,0,100000.0,4.9,15.948787,54.830853,83.0,133.0,0.0,0.0,,1,,,,,,,,,,,,,,,*57

$WIND,,,T,,,R*12

$AIS,0,273212470,3,0.0,0.0,15.326232,54.826252,127.1,,-39997.58,-333.44,,1,,,,,,,,,,,,,,,*7D

$AIS,0,273397740,3,0.0,0.1,15.343367,54.833569,162.2,246.0,-38889.75,471.06,,1,,,,,,,,,,,,,,,*7F

$AIS,0,273418880,0,0.0,0.6,15.461487,54.812660,133.2,51.0,-31318.83,-1914.66,,1,,,,,,,,,,,,,,,*58

$OWN,0,261187000,0,100000.0,4.8,15.948818,54.830845,85.9,135.0,0.0,0.0,,1,,,,,,,,,,,,,,,*51

$WIND,,,T,,,R*12

$AIS,0,273212470,3,0.0,0.0,15.326232,54.826252,127.1,,-39999.60,-332.15,,1,,,,,,,,,,,,,,,*7D

$AIS,0,273397740,3,0.0,0.1,15.343367,54.833569,162.2,246.0,-38891.78,472.35,,1,,,,,,,,,,,,,,,*78

$AIS,0,273418880,0,0.0,0.6,15.461487,54.812660,133.2,51.0,-31320.85,-1913.37,,1,,,,,,,,,,,,,,,*56

$OWN,0,261187000,0,100000.0,4.6,15.948880,54.830822,91.6,141.0,0.0,0.0,,1,,,,,,,,,,,,,,,*56

$WIND,,,T,,,R*12

$AIS,0,273212470,3,0.0,0.0,15.326232,54.826252,127.1,,-40001.56,-330.86,,1,,,,,,,,,,,,,,,*76

$AIS,0,273397740,3,0.0,0.1,15.343367,54.833569,162.2,246.0,-38893.74,473.64,,1,,,,,,,,,,,,,,,*73

$AIS,0,273418880,0,0.0,0.6,15.461487,54.812660,133.2,51.0,-31322.81,-1912.08,,1,,,,,,,,,,,,,,,*5D

$OWN,0,261187000,0,100000.0,4.5,15.948909,54.830811,94.5,143.0,0.0,0.0,,1,,,,,,,,,,,,,,,*51

$WIND,,,T,,,R*12

$AIS,0,273212470,3,0.0,0.0,15.326232,54.826252,127.1,,-40003.40,-329.57,,1,,,,,,,,,,,,,,,*77

$AIS,0,273397740,3,0.0,0.1,15.343367,54.833569,162.2,246.0,-38895.57,474.93,,1,,,,,,,,,,,,,,,*7B

$AIS,0,273418880,0,0.0,0.6,15.461487,54.812660,133.2,51.0,-31324.65,-1910.80,,1,,,,,,,,,,,,,,,*53

$OWN,0,261187000,0,100000.0,4.4,15.948935,54.830799,97.4,146.0,0.0,0.0,,1,,,,,,,,,,,,,,,*57

$WIND,,,T,,,R*12

$AIS,0,273212470,3,0.0,0.0,15.326232,54.826252,127.1,,-40005.05,-328.28,,1,,,,,,,,,,,,,,,*79

$AIS,0,273397740,3,0.0,0.1,15.343367,54.833569,162.2,246.0,-38897.23,476.22,,1,,,,,,,,,,,,,,,*72

$AIS,0,273418880,0,0.0,0.6,15.461487,54.812660,133.2,51.0,-31326.30,-1909.51,,1,,,,,,,,,,,,,,,*55

$AIS,0,273370640,3,2.9,0.4,15.353891,54.832066,216.2,343.0,-38222.62,303.18,,1,,,,,,,,,,,,,,,*75

$OWN,0,261187000,0,100000.0,4.3,15.948960,54.830788,100.1,149.0,0.0,0.0,,1,,,,,,,,,,,,,,,*65

$WIND,,,T,,,R*12

$AIS,0,273397740,3,0.0,0.1,15.343367,54.833569,162.2,246.0,-38898.88,477.50,,1,,,,,,,,,,,,,,,*78

$AIS,0,273418880,0,0.0,0.6,15.461487,54.812660,133.2,51.0,-31327.96,-1908.23,,1,,,,,,,,,,,,,,,*5C

$AIS,0,273370640,3,2.9,0.4,15.353891,54.832066,216.2,343.0,-38224.28,304.47,,1,,,,,,,,,,,,,,,*70

$OWN,0,261187000,0,100000.0,4.3,15.948985,54.830772,102.8,151.0,0.0,0.0,,1,,,,,,,,,,,,,,,*69

$WIND,,,T,,,R*12

$AIS,0,273397740,3,0.0,0.1,15.343367,54.833569,162.2,246.0,-38900.47,479.22,,1,,,,,,,,,,,,,,,*70

$AIS,0,273418880,0,0.0,0.6,15.461522,54.812637,130.8,52.0,-31327.30,-1909.08,,1,,,,,,,,,,,,,,,*5E

$AIS,0,273370640,3,2.9,0.4,15.353891,54.832066,216.2,343.0,-38225.87,306.18,,1,,,,,,,,,,,,,,,*7C

$OWN,0,261187000,0,100000.0,4.2,15.949010,54.830761,105.5,151.0,0.0,0.0,,1,,,,,,,,,,,,,,,*64

$WIND,,,T,,,R*12

$AIS,0,273418880,0,0.0,0.6,15.461522,54.812637,130.8,52.0,-31328.89,-1907.79,,1,,,,,,,,,,,,,,,*5B

$AIS,0,273370640,3,2.9,0.4,15.353891,54.832066,216.2,343.0,-38227.46,307.47,,1,,,,,,,,,,,,,,,*78

$AIS,0,273399760,3,0.0,0.0,15.349432,54.830105,234.0,231.0,-38515.77,91.73,,1,,,,,,,,,,,,,,,*42

$OWN,0,261187000,0,100000.0,4.1,15.949032,54.830746,108.2,154.0,0.0,0.0,,1,,,,,,,,,,,,,,,*6D

$WIND,,,T,,,R*12

$AIS,0,273418880,0,0.0,0.6,15.461522,54.812637,130.8,52.0,-31330.30,-1906.09,,1,,,,,,,,,,,,,,,*56

$AIS,0,273370640,3,2.9,0.4,15.353891,54.832066,216.2,343.0,-38228.87,309.18,,1,,,,,,,,,,,,,,,*7E

$AIS,0,273399760,3,0.0,0.0,15.349432,54.830105,234.0,231.0,-38517.18,93.44,,1,,,,,,,,,,,,,,,*4F

$OWN,0,261187000,0,100000.0,4.1,15.949054,54.830730,110.9,159.0,0.0,0.0,,1,,,,,,,,,,,,,,,*63

$WIND,,,T,,,R*12

$AIS,0,273418880,0,0.0,0.6,15.461522,54.812637,130.8,52.0,-31331.71,-1904.38,,1,,,,,,,,,,,,,,,*52

$AIS,0,273370640,3,2.9,0.4,15.353891,54.832066,216.2,343.0,-38230.28,310.89,,1,,,,,,,,,,,,,,,*72

$AIS,0,273399760,3,0.0,0.0,15.349432,54.830105,234.0,231.0,-38518.59,95.15,,1,,,,,,,,,,,,,,,*47

$OWN,0,261187000,0,100000.0,4.0,15.949074,54.830715,113.6,162.0,0.0,0.0,,1,,,,,,,,,,,,,,,*63

$WIND,,,T,,,R*12

$AIS,0,273418880,0,0.0,0.6,15.461522,54.812637,130.8,52.0,-31333.00,-1902.67,,1,,,,,,,,,,,,,,,*5A

$AIS,0,273370640,3,2.9,0.4,15.353891,54.832066,216.2,343.0,-38231.57,312.60,,1,,,,,,,,,,,,,,,*7E

$AIS,0,273399760,3,0.0,0.0,15.349432,54.830105,234.0,231.0,-38519.88,96.86,,1,,,,,,,,,,,,,,,*43

$OWN,0,261187000,0,100000.0,3.9,15.949092,54.830704,116.3,164.0,0.0,0.0,,1,,,,,,,,,,,,,,,*63

$WIND,,,T,,,R*12

$AIS,0,273418880,0,0.0,0.6,15.461522,54.812637,130.8,52.0,-31334.17,-1901.39,,1,,,,,,,,,,,,,,,*53

$AIS,0,273370640,3,2.9,0.4,15.353891,54.832066,216.2,343.0,-38232.73,313.88,,1,,,,,,,,,,,,,,,*7C

$AIS,0,273399760,3,0.0,0.0,15.349432,54.830105,234.0,231.0,-38521.04,98.14,,1,,,,,,,,,,,,,,,*49

$OWN,0,261187000,0,100000.0,3.9,15.949108,54.830688,119.0,167.0,0.0,0.0,,1,,,,,,,,,,,,,,,*6B

$WIND,,,T,,,R*12

$AIS,0,273418880,0,0.0,0.6,15.461522,54.812637,130.8,52.0,-31335.21,-1899.69,,1,,,,,,,,,,,,,,,*52

$AIS,0,273370640,3,2.9,0.4,15.353891,54.832066,216.2,343.0,-38233.77,315.59,,1,,,,,,,,,,,,,,,*73

$AIS,0,273399760,3,0.0,0.0,15.349432,54.830105,234.0,231.0,-38522.08,99.85,,1,,,,,,,,,,,,,,,*4F

$OWN,0,261187000,0,100000.0,3.8,15.949123,54.830673,121.7,169.0,0.0,0.0,,1,,,,,,,,,,,,,,,*65

$WIND,,,T,,,R*12

$AIS,0,273418880,0,0.0,0.6,15.461522,54.812637,130.8,52.0,-31336.19,-1897.98,,1,,,,,,,,,,,,,,,*5A

$AIS,0,273370640,3,2.9,0.4,15.353891,54.832066,216.2,343.0,-38234.75,317.29,,1,,,,,,,,,,,,,,,*73

$AIS,0,273399760,3,0.0,0.0,15.349432,54.830105,234.0,231.0,-38523.06,101.55,,1,,,,,,,,,,,,,,,*7D

$OWN,0,261187000,0,100000.0,3.8,15.949139,54.830658,124.4,172.0,0.0,0.0,,1,,,,,,,,,,,,,,,*6B

$WIND,,,T,,,R*12

$AIS,0,273418880,0,0.0,0.6,15.461522,54.812637,130.8,52.0,-31337.17,-1896.28,,1,,,,,,,,,,,,,,,*5F

$AIS,0,273399760,3,0.0,0.0,15.349432,54.830105,234.0,231.0,-38524.04,103.26,,1,,,,,,,,,,,,,,,*7E

$OWN,0,261187000,0,100000.0,3.7,15.949150,54.830643,127.0,174.0,0.0,0.0,,1,,,,,,,,,,,,,,,*60

$WIND,,,T,,,R*12

$AIS,0,273418880,0,0.0,0.6,15.461522,54.812637,130.8,52.0,-31337.90,-1894.57,,1,,,,,,,,,,,,,,,*5A

$AIS,0,273399760,3,0.0,0.0,15.349432,54.830105,234.0,231.0,-38524.78,104.96,,1,,,,,,,,,,,,,,,*79

$OWN,0,261187000,0,100000.0,3.7,15.949150,54.830643,127.0,174.0,0.0,0.0,,1,,,,,,,,,,,,,,,*60

$WIND,,,T,,,R*12

$AIS,0,273418880,0,0.0,0.6,15.461522,54.812637,130.8,52.0,-31337.90,-1894.57,,1,,,,,,,,,,,,,,,*5A

$AIS,0,273399760,3,0.0,0.0,15.349432,54.830105,234.0,231.0,-38524.78,104.96,,1,,,,,,,,,,,,,,,*79

$OWN,0,261187000,0,100000.0,3.7,15.949163,54.830624,129.7,177.0,0.0,0.0,,1,,,,,,,,,,,,,,,*6B

$WIND,,,T,,,R*12

$AIS,0,273418880,0,0.0,0.6,15.461560,54.812614,132.7,53.0,-31336.33,-1895.01,,1,,,,,,,,,,,,,,,*5B

$AIS,0,273399760,3,0.0,0.0,15.349432,54.830105,234.0,231.0,-38525.64,107.09,,1,,,,,,,,,,,,,,,*70

$OWN,0,261187000,0,100000.0,3.6,15.949173,54.830608,132.3,179.0,0.0,0.0,,1,,,,,,,,,,,,,,,*65

$WIND,,,T,,,R*12

$AIS,0,273418880,0,0.0,0.6,15.461560,54.812614,132.7,53.0,-31336.94,-1893.31,,1,,,,,,,,,,,,,,,*53

$OWN,0,261187000,0,100000.0,3.6,15.949183,54.830593,134.8,182.0,0.0,0.0,,1,,,,,,,,,,,,,,,*62

$WIND,,,T,,,R*12

$AIS,0,273418880,0,0.0,0.6,15.461560,54.812614,132.7,53.0,-31337.62,-1891.60,,1,,,,,,,,,,,,,,,*5D

$OWN,0,261187000,0,100000.0,3.5,15.949190,54.830578,137.4,184.0,0.0,0.0,,1,,,,,,,,,,,,,,,*6F

$WIND,,,T,,,R*12

$AIS,0,273418880,0,0.0,0.6,15.461560,54.812614,132.7,53.0,-31338.04,-1889.90,,1,,,,,,,,,,,,,,,*54

$AIS,0,273418870,0,0.0,0.3,15.284625,54.828785,94.4,62.0,-42691.76,2.88,,1,,,,,,,,,,,,,,,*74

$OWN,0,261187000,0,100000.0,3.5,15.949199,54.830563,140.1,187.0,0.0,0.0,,1,,,,,,,,,,,,,,,*6A

$WIND,,,T,,,R*12

$AIS,0,273418880,0,0.0,0.6,15.461560,54.812614,132.7,53.0,-31338.60,-1888.20,,1,,,,,,,,,,,,,,,*5C

$AIS,0,273418870,0,0.0,0.3,15.284625,54.828785,94.4,62.0,-42692.31,4.59,,1,,,,,,,,,,,,,,,*7E

$OWN,0,261187000,0,100000.0,3.5,15.949203,54.830544,142.8,190.0,0.0,0.0,,1,,,,,,,,,,,,,,,*62

$WIND,,,T,,,R*12

$AIS,0,273418880,0,0.0,0.6,15.461560,54.812614,132.7,53.0,-31339.09,-1884.38,,1,,,,,,,,,,,,,,,*57

$AIS,0,273418870,0,0.0,0.3,15.284625,54.828785,94.4,62.0,-42692.80,8.41,,1,,,,,,,,,,,,,,,*71

$OWN,0,261187000,0,100000.0,3.4,15.949210,54.830513,147.9,192.0,0.0,0.0,,1,,,,,,,,,,,,,,,*65

$WIND,,,T,,,R*12

$AIS,0,273418880,0,0.0,0.6,15.461560,54.812614,132.7,53.0,-31339.33,-1882.68,,1,,,,,,,,,,,,,,,*5D

$AIS,0,273418870,0,0.0,0.3,15.284625,54.828785,94.4,62.0,-42693.05,10.11,,1,,,,,,,,,,,,,,,*41

$AIS,0,273370640,3,6.4,0.3,15.353840,54.832069,249.2,342.0,-38243.63,335.62,,1,,,,,,,,,,,,,,,*7D

$OWN,0,261187000,0,100000.0,3.4,15.949212,54.830498,150.5,195.0,0.0,0.0,,1,,,,,,,,,,,,,,,*68

$WIND,,,T,,,R*12

$AIS,0,273418880,0,0.0,0.6,15.461560,54.812614,132.7,53.0,-31339.45,-1880.98,,1,,,,,,,,,,,,,,,*51

$AIS,0,273418870,0,0.0,0.3,15.284625,54.828785,94.4,62.0,-42693.17,11.81,,1,,,,,,,,,,,,,,,*4A

$AIS,0,273370640,3,6.4,0.3,15.353840,54.832069,249.2,342.0,-38243.75,337.32,,1,,,,,,,,,,,,,,,*7D

$OWN,0,261187000,0,100000.0,3.4,15.949212,54.830498,150.5,195.0,0.0,0.0,,1,,,,,,,,,,,,,,,*68

$WIND,,,T,,,R*12

$AIS,0,273418880,0,0.0,0.6,15.461560,54.812614,132.7,53.0,-31339.45,-1878.86,,1,,,,,,,,,,,,,,,*59

$AIS,0,273418870,0,0.0,0.3,15.284625,54.828785,94.4,62.0,-42693.17,13.93,,1,,,,,,,,,,,,,,,*4B

$AIS,0,273370640,3,6.4,0.3,15.353840,54.832069,249.2,342.0,-38243.75,339.44,,1,,,,,,,,,,,,,,,*72

$OWN,0,261187000,0,100000.0,3.3,15.949212,54.830463,155.9,199.0,0.0,0.0,,1,,,,,,,,,,,,,,,*6E

$WIND,,,T,,,R*12

$AIS,0,273418880,0,0.0,0.6,15.461560,54.812614,132.7,53.0,-31339.45,-1877.16,,1,,,,,,,,,,,,,,,*5F

$AIS,0,273418870,0,0.0,0.3,15.284625,54.828785,94.4,62.0,-42693.17,15.63,,1,,,,,,,,,,,,,,,*42

$AIS,0,273370640,3,6.4,0.3,15.353840,54.832069,249.2,342.0,-38243.75,341.14,,1,,,,,,,,,,,,,,,*78

$OWN,0,261187000,0,100000.0,3.3,15.949212,54.830448,158.1,202.0,0.0,0.0,,1,,,,,,,,,,,,,,,*63

$WIND,,,T,,,R*12

$AIS,0,273418870,0,0.0,0.3,15.284625,54.828785,94.4,62.0,-42693.17,17.33,,1,,,,,,,,,,,,,,,*45

$AIS,0,273370640,3,6.4,0.3,15.353840,54.832069,249.2,342.0,-38243.75,342.84,,1,,,,,,,,,,,,,,,*72

$OWN,0,261187000,0,100000.0,3.3,15.949210,54.830433,160.7,204.0,0.0,0.0,,1,,,,,,,,,,,,,,,*66

$WIND,,,T,,,R*12

$AIS,0,273418870,0,0.0,0.3,15.284625,54.828785,94.4,62.0,-42693.05,19.03,,1,,,,,,,,,,,,,,,*4B

$AIS,0,273370640,3,6.4,0.3,15.353840,54.832069,249.2,342.0,-38243.63,344.54,,1,,,,,,,,,,,,,,,*7E

$OWN,0,261187000,0,100000.0,3.3,15.949210,54.830433,160.7,204.0,0.0,0.0,,1,,,,,,,,,,,,,,,*66

$WIND,,,T,,,R*12

$AIS,0,273418870,0,0.0,0.3,15.284625,54.828785,94.4,62.0,-42693.05,19.03,,1,,,,,,,,,,,,,,,*4B

$AIS,0,273370640,3,6.4,0.3,15.353840,54.832069,249.2,342.0,-38243.63,344.54,,1,,,,,,,,,,,,,,,*7E

$OWN,0,261187000,0,100000.0,3.2,15.949205,54.830418,163.5,207.0,0.0,0.0,,1,,,,,,,,,,,,,,,*68

$WIND,,,T,,,R*12

$AIS,0,273370640,3,6.4,0.3,15.353840,54.832069,249.2,342.0,-38243.32,346.23,,1,,,,,,,,,,,,,,,*78

$OWN,0,261187000,0,100000.0,3.2,15.949200,54.830399,166.1,209.0,0.0,0.0,,1,,,,,,,,,,,,,,,*6C

$WIND,,,T,,,R*12

$AIS,0,273370640,3,6.4,0.3,15.353840,54.832069,249.2,342.0,-38242.96,348.35,,1,,,,,,,,,,,,,,,*7E

$OWN,0,261187000,0,100000.0,3.2,15.949186,54.830372,171.2,211.0,0.0,0.0,,1,,,,,,,,,,,,,,,*68

$WIND,,,T,,,R*12

$AIS,0,273370640,3,6.4,0.3,15.353840,54.832069,249.2,342.0,-38242.10,351.31,,1,,,,,,,,,,,,,,,*7C

$OWN,0,261187000,0,100000.0,3.2,15.949179,54.830353,173.7,214.0,0.0,0.0,,1,,,,,,,,,,,,,,,*69

$WIND,,,T,,,R*12

$AIS,0,273370640,3,6.4,0.3,15.353840,54.832069,249.2,342.0,-38241.61,353.43,,1,,,,,,,,,,,,,,,*7E

$OWN,0,261187000,0,100000.0,3.2,15.949179,54.830353,173.7,216.0,0.0,0.0,,1,,,,,,,,,,,,,,,*6B

$WIND,,,T,,,R*12

$OWN,0,261187000,0,100000.0,3.1,15.949170,54.830341,176.0,219.0,0.0,0.0,,1,,,,,,,,,,,,,,,*6F

$WIND,,,T,,,R*12

$OWN,0,261187000,0,100000.0,3.1,15.949160,54.830326,178.8,221.0,0.0,0.0,,1,,,,,,,,,,,,,,,*62

$WIND,,,T,,,R*12

$OWN,0,261187000,0,100000.0,3.1,15.949148,54.830311,181.2,223.0,0.0,0.0,,1,,,,,,,,,,,,,,,*62

$WIND,,,T,,,R*12

$AIS,0,273418880,0,0.0,0.6,15.461634,54.812569,142.5,55.0,-31330.66,-1865.33,,1,,,,,,,,,,,,,,,*5B

$OWN,0,261187000,0,100000.0,3.1,15.949139,54.830299,183.5,226.0,0.0,0.0,,1,,,,,,,,,,,,,,,*65

$WIND,,,T,,,R*12

$AIS,0,273418880,0,0.0,0.6,15.461634,54.812569,142.5,55.0,-31330.05,-1864.06,,1,,,,,,,,,,,,,,,*59

$OWN,0,261187000,0,100000.0,3.1,15.949125,54.830284,186.0,228.0,0.0,0.0,,1,,,,,,,,,,,,,,,*6A

$WIND,,,T,,,R*12

$AIS,0,273418880,0,0.0,0.6,15.461634,54.812569,142.5,55.0,-31328.21,-1861.11,,1,,,,,,,,,,,,,,,*55

$OWN,0,261187000,0,100000.0,3.0,15.949110,54.830273,188.7,230.0,0.0,0.0,,1,,,,,,,,,,,,,,,*65

$WIND,,,T,,,R*12

$AIS,0,273418880,0,0.0,0.6,15.461634,54.812569,142.5,55.0,-31327.35,-1859.84,,1,,,,,,,,,,,,,,,*58

$OWN,0,261187000,0,100000.0,3.0,15.949097,54.830261,191.1,233.0,0.0,0.0,,1,,,,,,,,,,,,,,,*65

$WIND,,,T,,,R*12

$AIS,0,273418880,0,0.0,0.6,15.461634,54.812569,142.5,55.0,-31326.37,-1858.57,,1,,,,,,,,,,,,,,,*54

$OWN,0,261187000,0,100000.0,3.0,15.949081,54.830250,193.5,235.0,0.0,0.0,,1,,,,,,,,,,,,,,,*60

$WIND,,,T,,,R*12

$AIS,0,273418880,0,0.0,0.6,15.461634,54.812569,142.5,55.0,-31325.33,-1856.88,,1,,,,,,,,,,,,,,,*5F

$OWN,0,261187000,0,100000.0,3.0,15.949065,54.830235,196.0,238.0,0.0,0.0,,1,,,,,,,,,,,,,,,*64

$WIND,,,T,,,R*12

$AIS,0,273418880,0,0.0,0.6,15.461634,54.812569,142.5,55.0,-31324.23,-1855.62,,1,,,,,,,,,,,,,,,*58

$OWN,0,261187000,0,100000.0,3.0,15.949048,54.830223,198.5,240.0,0.0,0.0,,1,,,,,,,,,,,,,,,*68

$WIND,,,T,,,R*12

$AIS,0,273418880,0,0.0,0.6,15.461634,54.812569,142.5,55.0,-31323.06,-1854.35,,1,,,,,,,,,,,,,,,*5B

$OWN,0,261187000,0,100000.0,3.0,15.949030,54.830212,201.1,242.0,0.0,0.0,,1,,,,,,,,,,,,,,,*60

$WIND,,,T,,,R*12

$AIS,0,273418880,0,0.0,0.6,15.461634,54.812569,142.5,55.0,-31321.90,-1853.51,,1,,,,,,,,,,,,,,,*53

$OWN,0,261187000,0,100000.0,2.9,15.948994,54.830193,206.1,247.0,0.0,0.0,,1,,,,,,,,,,,,,,,*66

$WIND,,,T,,,R*12

$AIS,0,273418880,0,0.0,0.6,15.461634,54.812569,142.5,55.0,-31320.74,-1852.24,,1,,,,,,,,,,,,,,,*5B

$OWN,0,261187000,0,100000.0,2.9,15.948974,54.830185,208.6,249.0,0.0,0.0,,1,,,,,,,,,,,,,,,*68

$WIND,,,T,,,R*12

$AIS,0,273399760,3,0.0,0.0,15.349437,54.830120,234.0,231.0,-38513.12,157.50,,1,,,,,,,,,,,,,,,*7F

$OWN,0,261187000,0,100000.0,2.9,15.948954,54.830177,211.3,252.0,0.0,0.0,,1,,,,,,,,,,,,,,,*60

$WIND,,,T,,,R*12

$AIS,0,273399760,3,0.0,0.0,15.349437,54.830120,234.0,231.0,-38511.84,158.34,,1,,,,,,,,,,,,,,,*7F

$OWN,0,261187000,0,100000.0,2.9,15.948954,54.830177,211.3,252.0,0.0,0.0,,5,9161247,SNHA   ,NAWIGATOR XXI       ,99,17,43,4,6,2,5,21,12,0,3.4,SZCZECIN            *75

$WIND,,,T,,,R*12

$AIS,0,273399760,3,0.0,0.0,15.349437,54.830120,234.0,231.0,-38511.84,158.34,,1,,,,,,,,,,,,,,,*7F

$OWN,0,261187000,0,100000.0,2.9,15.948912,54.830158,216.4,257.0,0.0,0.0,,5,9161247,SNHA   ,NAWIGATOR XXI       ,99,17,43,4,6,2,5,21,12,0,3.4,SZCZECIN            *7F

$WIND,,,T,,,R*12

$AIS,0,273399760,3,0.0,0.0,15.349437,54.830120,234.0,231.0,-38509.14,160.44,,1,,,,,,,,,,,,,,,*73

$OWN,0,261187000,0,100000.0,2.9,15.948889,54.830154,218.9,260.0,0.0,0.0,,5,9161247,SNHA   ,NAWIGATOR XXI       ,99,17,43,4,6,2,5,21,12,0,3.4,SZCZECIN            *77

$WIND,,,T,,,R*12

$AIS,0,273399760,3,0.0,0.0,15.349437,54.830120,234.0,231.0,-38507.67,160.85,,1,,,,,,,,,,,,,,,*74

$OWN,0,261187000,0,100000.0,2.9,15.948889,54.830154,218.9,260.0,0.0,0.0,,5,9161247,SNHA   ,NAWIGATOR XXI       ,99,17,43,4,6,2,5,21,12,0,3.4,SZCZECIN            *77

$WIND,,,T,,,R*12

$AIS,0,273399760,3,0.0,0.0,15.349437,54.830120,234.0,231.0,-38507.67,160.85,,1,,,,,,,,,,,,,,,*74

$OWN,0,261187000,0,100000.0,2.9,15.948867,54.830147,221.4,262.0,0.0,0.0,,5,9161247,SNHA   ,NAWIGATOR XXI       ,99,17,43,4,6,2,5,21,12,0,3.4,SZCZECIN            *70

$WIND,,,T,,,R*12

$AIS,0,273399760,3,0.0,0.0,15.349437,54.830120,234.0,231.0,-38506.26,161.69,,1,,,,,,,,,,,,,,,*73

$OWN,0,261187000,0,100000.0,2.9,15.948843,54.830143,224.1,264.0,0.0,0.0,,5,9161247,SNHA   ,NAWIGATOR XXI       ,99,17,43,4,6,2,5,21,12,0,3.4,SZCZECIN            *74

$WIND,,,T,,,R*12

$AIS,0,273399760,3,0.0,0.0,15.349437,54.830120,234.0,231.0,-38504.73,162.10,,1,,,,,,,,,,,,,,,*7C

$OWN,0,261187000,0,100000.0,2.9,15.948820,54.830135,226.6,267.0,0.0,0.0,,5,9161247,SNHA   ,NAWIGATOR XXI       ,99,17,43,4,6,2,5,21,12,0,3.4,SZCZECIN            *76

$WIND,,,T,,,R*12

$AIS,0,273399760,3,0.0,0.0,15.349437,54.830120,234.0,231.0,-38503.26,162.93,,1,,,,,,,,,,,,,,,*70

$OWN,0,261187000,0,100000.0,2.8,15.948796,54.830132,229.1,269.0,0.0,0.0,,5,9161247,SNHA   ,NAWIGATOR XXI       ,99,17,43,4,6,2,5,21,12,0,3.4,SZCZECIN            *74

$WIND,,,T,,,R*12

$AIS,0,273399760,3,0.0,0.0,15.349437,54.830120,234.0,231.0,-38500.26,163.76,,1,,,,,,,,,,,,,,,*79

$OWN,0,261187000,0,100000.0,2.8,15.948773,54.830128,231.9,272.0,0.0,0.0,,5,9161247,SNHA   ,NAWIGATOR XXI       ,99,17,43,4,6,2,5,21,12,0,3.4,SZCZECIN            *7F

$WIND,,,T,,,R*12

$OWN,0,261187000,0,100000.0,2.8,15.948750,54.830124,234.6,274.0,0.0,0.0,,5,9161247,SNHA   ,NAWIGATOR XXI       ,99,17,43,4,6,2,5,21,12,0,3.4,SZCZECIN            *7E

$WIND,,,T,,,R*12

$OWN,0,261187000,0,100000.0,2.8,15.948725,54.830120,237.3,277.0,0.0,0.0,,5,9161247,SNHA   ,NAWIGATOR XXI       ,99,17,43,4,6,2,5,21,12,0,3.4,SZCZECIN            *7D

$WIND,,,T,,,R*12

$OWN,0,261187000,0,100000.0,2.8,15.948702,54.830120,240.0,279.0,0.0,0.0,,5,9161247,SNHA   ,NAWIGATOR XXI       ,99,17,43,4,6,2,5,21,12,0,3.4,SZCZECIN            *75

$WIND,,,T,,,R*12

$OWN,0,261187000,0,100000.0,2.8,15.948677,54.830120,242.6,282.0,0.0,0.0,,5,9161247,SNHA   ,NAWIGATOR XXI       ,99,17,43,4,6,2,5,21,12,0,3.4,SZCZECIN            *76

$WIND,,,T,,,R*12

$OWN,0,261187000,0,100000.0,2.8,15.948653,54.830120,245.2,284.0,0.0,0.0,,5,9161247,SNHA   ,NAWIGATOR XXI       ,99,17,43,4,6,2,5,21,12,0,3.4,SZCZECIN            *75

$WIND,,,T,,,R*12

$OWN,0,261187000,0,100000.0,2.8,15.948628,54.830120,247.9,289.0,0.0,0.0,,5,9161247,SNHA   ,NAWIGATOR XXI       ,99,17,43,4,6,2,5,21,12,0,3.4,SZCZECIN            *7D

$WIND,,,T,,,R*12

$OWN,0,261187000,0,100000.0,2.8,15.948604,54.830120,250.5,291.0,0.0,0.0,,5,9161247,SNHA   ,NAWIGATOR XXI       ,99,17,43,4,6,2,5,21,12,0,3.4,SZCZECIN            *70

$WIND,,,T,,,R*12

$OWN,0,261187000,0,100000.0,2.8,15.948578,54.830120,252.9,294.0,0.0,0.0,,5,9161247,SNHA   ,NAWIGATOR XXI       ,99,17,43,4,6,2,5,21,12,0,3.4,SZCZECIN            *73

$WIND,,,T,,,R*12

$OWN,0,261187000,0,100000.0,2.8,15.948555,54.830124,255.9,294.0,0.0,0.0,,5,9161247,SNHA   ,NAWIGATOR XXI       ,99,17,43,4,6,2,5,21,12,0,3.4,SZCZECIN            *7F

$WIND,,,T,,,R*12

$OWN,0,261187000,0,100000.0,2.8,15.948532,54.830128,258.6,297.0,0.0,0.0,,5,9161247,SNHA   ,NAWIGATOR XXI       ,99,17,43,4,6,2,5,21,12,0,3.4,SZCZECIN            *73

$WIND,,,T,,,R*12

$OWN,0,261187000,0,100000.0,2.8,15.948508,54.830132,261.3,299.0,0.0,0.0,,5,9161247,SNHA   ,NAWIGATOR XXI       ,99,17,43,4,6,2,5,21,12,0,3.4,SZCZECIN            *70

$WIND,,,T,,,R*12

$OWN,0,261187000,0,100000.0,2.8,15.948485,54.830132,264.2,302.0,0.0,0.0,,5,9161247,SNHA   ,NAWIGATOR XXI       ,99,17,43,4,6,2,5,21,12,0,3.4,SZCZECIN            *73

$WIND,,,T,,,R*12

$OWN,0,261187000,0,100000.0,2.7,15.948463,54.830139,266.9,304.0,0.0,0.0,,5,9161247,SNHA   ,NAWIGATOR XXI       ,99,17,43,4,6,2,5,21,12,0,3.4,SZCZECIN            *70

$WIND,,,T,,,R*12

$OWN,0,261187000,0,100000.0,2.8,15.948440,54.830143,269.5,307.0,0.0,0.0,,5,9161247,SNHA   ,NAWIGATOR XXI       ,99,17,43,4,6,2,5,21,12,0,3.4,SZCZECIN            *73

$WIND,,,T,,,R*12

$OWN,0,261187000,0,100000.0,2.8,15.948417,54.830147,272.2,309.0,0.0,0.0,,5,9161247,SNHA   ,NAWIGATOR XXI       ,99,17,43,4,6,2,5,21,12,0,3.4,SZCZECIN            *76

$WIND,,,T,,,R*12

$OWN,0,261187000,0,100000.0,2.7,15.948397,54.830154,274.9,312.0,0.0,0.0,,5,9161247,SNHA   ,NAWIGATOR XXI       ,99,17,43,4,6,2,5,21,12,0,3.4,SZCZECIN            *73

$WIND,,,T,,,R*12

$OWN,0,261187000,0,100000.0,2.8,15.948375,54.830162,277.5,314.0,0.0,0.0,,5,9161247,SNHA   ,NAWIGATOR XXI       ,99,17,43,4,6,2,5,21,12,0,3.4,SZCZECIN            *7C

$WIND,,,T,,,R*12

$OWN,0,261187000,0,100000.0,2.8,15.948355,54.830170,280.3,317.0,0.0,0.0,,5,9161247,SNHA   ,NAWIGATOR XXI       ,99,17,43,4,6,2,5,21,12,0,3.4,SZCZECIN            *70

$WIND,,,T,,,R*12

$OWN,0,261187000,0,100000.0,2.7,15.948335,54.830177,283.2,319.0,0.0,0.0,,5,9161247,SNHA   ,NAWIGATOR XXI       ,99,17,43,4,6,2,5,21,12,0,3.4,SZCZECIN            *72

$WIND,,,T,,,R*12

$OWN,0,261187000,0,100000.0,2.7,15.948317,54.830185,286.0,322.0,0.0,0.0,,5,9161247,SNHA   ,NAWIGATOR XXI       ,99,17,43,4,6,2,5,21,12,0,3.4,SZCZECIN            *70

$WIND,,,T,,,R*12

$OWN,0,261187000,0,100000.0,2.8,15.948298,54.830196,288.8,324.0,0.0,0.0,,5,9161247,SNHA   ,NAWIGATOR XXI       ,99,17,43,4,6,2,5,21,12,0,3.4,SZCZECIN            *7B

$WIND,,,T,,,R*12

$OWN,0,261187000,0,100000.0,2.8,15.948281,54.830208,291.6,327.0,0.0,0.0,,5,9161247,SNHA   ,NAWIGATOR XXI       ,99,17,43,4,6,2,5,21,12,0,3.4,SZCZECIN            *72

$WIND,,,T,,,R*12

$OWN,0,261187000,0,100000.0,2.8,15.948265,54.830215,294.2,330.0,0.0,0.0,,5,9161247,SNHA   ,NAWIGATOR XXI       ,99,17,43,4,6,2,5,21,12,0,3.4,SZCZECIN            *73

$WIND,,,T,,,R*12

$OWN,0,261187000,0,100000.0,2.8,15.948248,54.830227,297.0,332.0,0.0,0.0,,5,9161247,SNHA   ,NAWIGATOR XXI       ,99,17,43,4,6,2,5,21,12,0,3.4,SZCZECIN            *7E

$WIND,,,T,,,R*12

$OWN,0,261187000,0,100000.0,2.8,15.948234,54.830238,299.8,335.0,0.0,0.0,,5,9161247,SNHA   ,NAWIGATOR XXI       ,99,17,43,4,6,2,5,21,12,0,3.4,SZCZECIN            *7A

$WIND,,,T,,,R*12

$OWN,0,261187000,0,100000.0,2.8,15.948220,54.830250,302.5,338.0,0.0,0.0,,5,9161247,SNHA   ,NAWIGATOR XXI       ,99,17,43,4,6,2,5,21,12,0,3.4,SZCZECIN            *72

$WIND,,,T,,,R*12

$OWN,0,261187000,0,100000.0,2.8,15.948205,54.830265,305.1,340.0,0.0,0.0,,5,9161247,SNHA   ,NAWIGATOR XXI       ,99,17,43,4,6,2,5,21,12,0,3.4,SZCZECIN            *7F

$WIND,,,T,,,R*12

$OWN,0,261187000,0,100000.0,2.8,15.948194,54.830276,308.0,343.0,0.0,0.0,,5,9161247,SNHA   ,NAWIGATOR XXI       ,99,17,43,4,6,2,5,21,12,0,3.4,SZCZECIN            *79

$WIND,,,T,,,R*12

$OWN,0,261187000,0,100000.0,2.8,15.948183,54.830288,310.9,345.0,0.0,0.0,,5,9161247,SNHA   ,NAWIGATOR XXI       ,99,17,43,4,6,2,5,21,12,0,3.4,SZCZECIN            *78

$WIND,,,T,,,R*12

$OWN,0,261187000,0,100000.0,2.8,15.948174,54.830303,313.7,348.0,0.0,0.0,,5,9161247,SNHA   ,NAWIGATOR XXI       ,99,17,43,4,6,2,5,21,12,0,3.4,SZCZECIN            *72

$WIND,,,T,,,R*12

$OWN,0,261187000,0,100000.0,2.8,15.948165,54.830315,316.3,350.0,0.0,0.0,,5,9161247,SNHA   ,NAWIGATOR XXI       ,99,17,43,4,6,2,5,21,12,0,3.4,SZCZECIN            *7D

$WIND,,,T,,,R*12

$OWN,0,261187000,0,100000.0,2.8,15.948156,54.830330,318.9,353.0,0.0,0.0,,5,9161247,SNHA   ,NAWIGATOR XXI       ,99,17,43,4,6,2,5,21,12,0,3.4,SZCZECIN            *7D

$WIND,,,T,,,R*12

$OWN,0,261187000,0,100000.0,2.8,15.948149,54.830345,321.3,355.0,0.0,0.0,,5,9161247,SNHA   ,NAWIGATOR XXI       ,99,17,43,4,6,2,5,21,12,0,3.4,SZCZECIN            *77

$WIND,,,T,,,R*12

$OWN,0,261187000,0,100000.0,2.9,15.948140,54.830357,323.8,357.0,0.0,0.0,,5,9161247,SNHA   ,NAWIGATOR XXI       ,99,17,43,4,6,2,5,21,12,0,3.4,SZCZECIN            *77

$WIND,,,T,,,R*12

$OWN,0,261187000,0,100000.0,2.9,15.948133,54.830372,326.0,359.0,0.0,0.0,,5,9161247,SNHA   ,NAWIGATOR XXI       ,99,17,43,4,6,2,5,21,12,0,3.4,SZCZECIN            *77

$WIND,,,T,,,R*12

$OWN,0,261187000,0,100000.0,2.9,15.948129,54.830387,328.6,1.0,0.0,0.0,,5,9161247,SNHA   ,NAWIGATOR XXI       ,99,17,43,4,6,2,5,21,12,0,3.4,SZCZECIN            *70

$WIND,,,T,,,R*12

$OWN,0,261187000,0,100000.0,2.9,15.948125,54.830402,331.2,3.0,0.0,0.0,,5,9161247,SNHA   ,NAWIGATOR XXI       ,99,17,43,4,6,2,5,21,12,0,3.4,SZCZECIN            *78

$WIND,,,T,,,R*12

$OWN,0,261187000,0,100000.0,3.0,15.948122,54.830418,333.7,5.0,0.0,0.0,,5,9161247,SNHA   ,NAWIGATOR XXI       ,99,17,43,4,6,2,5,21,12,0,3.4,SZCZECIN            *7D

$WIND,,,T,,,R*12

$OWN,0,261187000,0,100000.0,3.0,15.948120,54.830437,336.2,7.0,0.0,0.0,,5,9161247,SNHA   ,NAWIGATOR XXI       ,99,17,43,4,6,2,5,21,12,0,3.4,SZCZECIN            *70

$WIND,,,T,,,R*12

$OWN,0,261187000,0,100000.0,3.0,15.948118,54.830448,338.4,8.0,0.0,0.0,,5,9161247,SNHA   ,NAWIGATOR XXI       ,99,17,43,4,6,2,5,21,12,0,3.4,SZCZECIN            *74

$WIND,,,T,,,R*12

$OWN,0,261187000,0,100000.0,3.1,15.948118,54.830467,340.9,10.0,0.0,0.0,,5,9161247,SNHA   ,NAWIGATOR XXI       ,99,17,43,4,6,2,5,21,12,0,3.4,SZCZECIN            *43

$WIND,,,T,,,R*12

