$OWN,0,261187000,0,0.0,9.9,15.968621,54.798317,267.2,270.0,0.0,0.0,,1,,,,,,,,,,,,,,,*5C

$WIND,,,T,,,R*12

$AIS,0,273399760,3,0.4,0.0,15.349664,54.830215,225.6,231.0,-39760.56,3725.08,,1,,,,,,,,,,,,,,,*46

$AIS,0,273212470,3,0.0,0.0,15.326219,54.826256,161.3,,-41270.64,3298.03,,1,,,,,,,,,,,,,,,*6F

$OWN,0,261187000,0,0.0,10.0,15.968542,54.798313,267.0,270.0,0.0,0.0,,1,,,,,,,,,,,,,,,*6D

$WIND,,,T,,,R*12

$AIS,0,273399760,3,0.4,0.0,15.349664,54.830215,225.6,231.0,-39755.47,3725.46,,1,,,,,,,,,,,,,,,*4A

$AIS,0,273212470,3,0.0,0.0,15.326219,54.826256,161.3,,-41265.56,3298.41,,1,,,,,,,,,,,,,,,*6C

$OWN,0,261187000,0,0.0,10.0,15.968458,54.798309,266.9,270.0,0.0,0.0,,1,,,,,,,,,,,,,,,*64

$WIND,,,T,,,R*12

$AIS,0,273399760,3,0.4,0.0,15.349664,54.830215,225.6,231.0,-39750.08,3725.84,,1,,,,,,,,,,,,,,,*4A

$AIS,0,273212470,3,0.0,0.0,15.326219,54.826256,161.3,,-41260.17,3298.79,,1,,,,,,,,,,,,,,,*67

$OWN,0,261187000,0,0.0,10.0,15.968458,54.798309,266.9,270.0,0.0,0.0,,1,,,,,,,,,,,,,,,*64

$WIND,,,T,,,R*12

$AIS,0,273212470,3,0.0,0.0,15.326219,54.826256,161.3,,-41260.17,3298.79,,1,,,,,,,,,,,,,,,*67

$OWN,0,261187000,0,0.0,10.0,15.968377,54.798306,266.8,270.0,0.0,0.0,,1,,,,,,,,,,,,,,,*60

$WIND,,,T,,,R*12

$AIS,0,273212470,3,0.0,0.0,15.326219,54.826256,161.3,,-41254.96,3299.16,,1,,,,,,,,,,,,,,,*61

$OWN,0,261187000,0,0.0,10.0,15.968293,54.798302,266.7,270.0,0.0,0.0,,1,,,,,,,,,,,,,,,*60

$WIND,,,T,,,R*12

$AIS,0,273212470,3,0.0,0.0,15.326219,54.826256,161.3,,-41249.57,3299.54,,1,,,,,,,,,,,,,,,*66

$OWN,0,261187000,0,0.0,10.1,15.968212,54.798298,266.7,270.0,0.0,0.0,,1,,,,,,,,,,,,,,,*6A

$WIND,,,T,,,R*12

$AIS,0,273212470,3,0.0,0.0,15.326219,54.826256,161.3,,-41244.36,3299.91,,1,,,,,,,,,,,,,,,*65

$OWN,0,261187000,0,0.0,10.1,15.968126,54.798298,266.7,270.0,0.0,0.0,,1,,,,,,,,,,,,,,,*6E

$WIND,,,T,,,R*12

$AIS,0,273212470,3,0.0,0.0,15.326219,54.826256,161.3,,-41238.85,3299.86,,1,,,,,,,,,,,,,,,*60

$AIS,0,273397740,3,0.0,1.4,15.342767,54.834267,123.0,326.0,-40167.78,4181.65,,1,,,,,,,,,,,,,,,*40

$OWN,0,261187000,0,0.0,10.1,15.968045,54.798294,266.8,270.0,0.0,0.0,,1,,,,,,,,,,,,,,,*69

$WIND,,,T,,,R*12

$AIS,0,273397740,3,0.0,1.4,15.342767,54.834267,123.0,326.0,-40162.58,4182.03,,1,,,,,,,,,,,,,,,*44

$OWN,0,261187000,0,0.0,10.2,15.967961,54.798290,266.8,270.0,0.0,0.0,,1,,,,,,,,,,,,,,,*6E

$WIND,,,T,,,R*12

$AIS,0,273397740,3,0.0,1.4,15.342767,54.834267,123.0,326.0,-40157.19,4182.41,,1,,,,,,,,,,,,,,,*41

$AIS,0,273370640,3,-4.5,0.0,15.355490,54.832817,,343.0,-39341.39,4013.89,,1,,,,,,,,,,,,,,,*4F

$OWN,0,261187000,0,0.0,10.2,15.967878,54.798286,266.8,270.0,0.0,0.0,,1,,,,,,,,,,,,,,,*60

$WIND,,,T,,,R*12

$AIS,0,273397740,3,0.0,1.4,15.342767,54.834267,123.0,326.0,-40151.86,4182.78,,1,,,,,,,,,,,,,,,*4B

$AIS,0,273370640,3,-4.5,0.0,15.355490,54.832817,,343.0,-39336.06,4014.27,,1,,,,,,,,,,,,,,,*40

$OWN,0,261187000,0,0.0,10.2,15.967795,54.798286,266.7,270.0,0.0,0.0,,1,,,,,,,,,,,,,,,*63

$WIND,,,T,,,R*12

$AIS,0,273397740,3,0.0,1.4,15.342767,54.834267,123.0,326.0,-40146.53,4182.73,,1,,,,,,,,,,,,,,,*4E

$AIS,0,273370640,3,-4.5,0.0,15.355490,54.832817,,343.0,-39330.73,4014.22,,1,,,,,,,,,,,,,,,*41

$OWN,0,261187000,0,0.0,10.3,15.967710,54.798283,266.6,270.0,0.0,0.0,,1,,,,,,,,,,,,,,,*6B

$WIND,,,T,,,R*12

$AIS,0,273397740,3,0.0,1.4,15.342767,54.834267,123.0,326.0,-40141.02,4183.11,,1,,,,,,,,,,,,,,,*48

$AIS,0,273370640,3,-4.5,0.0,15.355490,54.832817,,343.0,-39325.22,4014.60,,1,,,,,,,,,,,,,,,*47

$OWN,0,261187000,0,0.0,10.3,15.967627,54.798279,266.6,270.0,0.0,0.0,,1,,,,,,,,,,,,,,,*6B

$WIND,,,T,,,R*12

$AIS,0,273397740,3,0.0,1.4,15.342767,54.834267,123.0,326.0,-40135.69,4183.49,,1,,,,,,,,,,,,,,,*4B

$AIS,0,273370640,3,-4.5,0.0,15.355490,54.832817,,343.0,-39319.89,4014.97,,1,,,,,,,,,,,,,,,*41

$AIS,0,273399760,3,-0.0,0.0,15.349638,54.830219,225.6,231.0,-39698.31,3729.21,,1,,,,,,,,,,,,,,,*6A

$OWN,0,261187000,0,0.0,10.3,15.967542,54.798275,266.6,270.0,0.0,0.0,,1,,,,,,,,,,,,,,,*67

$WIND,,,T,,,R*12

$AIS,0,273397740,3,0.0,1.4,15.342816,54.834232,128.8,326.0,-40127.08,4180.01,,1,,,,,,,,,,,,,,,*4A

$AIS,0,273370640,3,-4.5,0.0,15.355490,54.832817,,343.0,-39314.44,4015.35,,1,,,,,,,,,,,,,,,*44

$AIS,0,273399760,3,-0.0,0.0,15.349638,54.830219,225.6,231.0,-39692.86,3729.58,,1,,,,,,,,,,,,,,,*62

$OWN,0,261187000,0,100000.0,10.3,15.967459,54.798275,266.6,270.0,0.0,0.0,,1,,,,,,,,,,,,,,,*5D

$WIND,,,T,,,R*12

$AIS,0,273397740,3,0.0,1.4,15.342816,54.834232,128.8,326.0,-40121.75,4179.97,,1,,,,,,,,,,,,,,,*4F

$AIS,0,273370640,3,-4.5,0.0,15.355490,54.832817,,343.0,-39309.11,4015.30,,1,,,,,,,,,,,,,,,*4D

$AIS,0,273399760,3,-0.0,0.0,15.349638,54.830219,225.6,231.0,-39687.53,3729.53,,1,,,,,,,,,,,,,,,*65

$OWN,0,261187000,0,0.0,10.4,15.967373,54.798271,266.6,270.0,0.0,0.0,,1,,,,,,,,,,,,,,,*60

$WIND,,,T,,,R*12

$AIS,0,273397740,3,0.0,1.4,15.342816,54.834232,128.8,326.0,-40116.24,4180.34,,1,,,,,,,,,,,,,,,*40

$AIS,0,273370640,3,-4.5,0.0,15.355490,54.832817,,343.0,-39303.60,4015.68,,1,,,,,,,,,,,,,,,*4C

$AIS,0,273399760,3,-0.0,0.0,15.349638,54.830219,225.6,231.0,-39682.02,3729.91,,1,,,,,,,,,,,,,,,*6A

$OWN,0,261187000,0,0.0,10.4,15.967288,54.798267,266.6,270.0,0.0,0.0,,1,,,,,,,,,,,,,,,*62

$WIND,,,T,,,R*12

$AIS,0,273397740,3,0.0,1.4,15.342816,54.834232,128.8,326.0,-40110.79,4180.72,,1,,,,,,,,,,,,,,,*4C

$AIS,0,273370640,3,-4.5,0.0,15.355490,54.832817,,343.0,-39298.14,4016.06,,1,,,,,,,,,,,,,,,*47

$AIS,0,273399760,3,-0.0,0.0,15.349638,54.830219,225.6,231.0,-39676.57,3730.29,,1,,,,,,,,,,,,,,,*6A

$OWN,0,261187000,0,0.0,10.4,15.967203,54.798264,266.5,270.0,0.0,0.0,,1,,,,,,,,,,,,,,,*61

$WIND,,,T,,,R*12

$AIS,0,273397740,3,0.0,1.4,15.342816,54.834232,128.8,326.0,-40105.34,4181.09,,1,,,,,,,,,,,,,,,*4C

$AIS,0,273370640,3,-4.5,0.0,15.355490,54.832817,,343.0,-39292.69,4016.43,,1,,,,,,,,,,,,,,,*46

$AIS,0,273399760,3,-0.0,0.0,15.349638,54.830219,225.6,231.0,-39671.11,3730.66,,1,,,,,,,,,,,,,,,*64

$OWN,0,261187000,0,0.0,10.4,15.967120,54.798260,266.4,271.0,0.0,0.0,,1,,,,,,,,,,,,,,,*67

$WIND,,,T,,,R*12

$AIS,0,273397740,3,0.0,1.4,15.342816,54.834232,128.8,326.0,-40100.01,4181.47,,1,,,,,,,,,,,,,,,*45

$AIS,0,273399760,3,-0.0,0.0,15.349638,54.830219,225.6,231.0,-39665.78,3731.04,,1,,,,,,,,,,,,,,,*6B

$OWN,0,261187000,0,0.0,10.4,15.967035,54.798256,266.4,271.0,0.0,0.0,,1,,,,,,,,,,,,,,,*67

$WIND,,,T,,,R*12

$AIS,0,273397740,3,0.0,1.4,15.342816,54.834232,128.8,326.0,-40094.56,4181.85,,1,,,,,,,,,,,,,,,*45

$AIS,0,273399760,3,-0.0,0.0,15.349638,54.830219,225.6,231.0,-39660.33,3731.42,,1,,,,,,,,,,,,,,,*63

$OWN,0,261187000,0,0.0,10.5,15.966950,54.798252,266.4,271.0,0.0,0.0,,1,,,,,,,,,,,,,,,*69

$WIND,,,T,,,R*12

$AIS,0,273397740,3,0.0,1.6,15.342883,54.834202,130.7,327.0,-40084.85,4178.79,,1,,,,,,,,,,,,,,,*45

$AIS,0,273399760,3,-0.0,0.0,15.349638,54.830219,225.6,231.0,-39654.88,3731.79,,1,,,,,,,,,,,,,,,*6C

$OWN,0,261187000,0,0.0,10.5,15.966865,54.798248,266.4,271.0,0.0,0.0,,1,,,,,,,,,,,,,,,*65

$WIND,,,T,,,R*12

$AIS,0,273397740,3,0.0,1.6,15.342883,54.834202,130.7,327.0,-40079.33,4179.16,,1,,,,,,,,,,,,,,,*42

$AIS,0,273399760,3,-0.0,0.0,15.349630,54.830223,225.6,231.0,-39649.85,3732.60,,1,,,,,,,,,,,,,,,*67

$OWN,0,261187000,0,0.0,10.5,15.966780,54.798248,266.4,271.0,0.0,0.0,,1,,,,,,,,,,,,,,,*61

$WIND,,,T,,,R*12

$AIS,0,273397740,3,0.0,1.6,15.342883,54.834202,130.7,327.0,-40073.88,4179.12,,1,,,,,,,,,,,,,,,*4C

$AIS,0,273399760,3,-0.0,0.0,15.349630,54.830223,225.6,231.0,-39644.40,3732.55,,1,,,,,,,,,,,,,,,*65

$OWN,0,261187000,0,0.0,10.5,15.966695,54.798244,266.6,270.0,0.0,0.0,,1,,,,,,,,,,,,,,,*6B

$WIND,,,T,,,R*12

$AIS,0,273397740,3,0.0,1.6,15.342883,54.834202,130.7,327.0,-40068.43,4179.49,,1,,,,,,,,,,,,,,,*4F

$AIS,0,273399760,3,-0.0,0.0,15.349630,54.830223,225.6,231.0,-39638.95,3732.93,,1,,,,,,,,,,,,,,,*6C

$OWN,0,261187000,0,-100000.0,10.5,15.966610,54.798241,266.6,270.0,0.0,0.0,,1,,,,,,,,,,,,,,,*7F

$WIND,,,T,,,R*12

$AIS,0,273397740,3,0.0,1.6,15.342883,54.834202,130.7,327.0,-40062.98,4179.87,,1,,,,,,,,,,,,,,,*41

$AIS,0,273399760,3,-0.0,0.0,15.349630,54.830223,225.6,231.0,-39633.50,3733.30,,1,,,,,,,,,,,,,,,*66

$OWN,0,261187000,0,0.0,10.5,15.966523,54.798241,266.7,270.0,0.0,0.0,,1,,,,,,,,,,,,,,,*61

$WIND,,,T,,,R*12

$AIS,0,273397740,3,0.0,1.6,15.342883,54.834202,130.7,327.0,-40057.41,4179.82,,1,,,,,,,,,,,,,,,*46

$AIS,0,273399760,3,-0.0,0.0,15.349630,54.830223,225.6,231.0,-39627.92,3733.25,,1,,,,,,,,,,,,,,,*69

$OWN,0,261187000,0,0.0,10.6,15.966438,54.798237,266.8,270.0,0.0,0.0,,1,,,,,,,,,,,,,,,*67

$WIND,,,T,,,R*12

$AIS,0,273397740,3,0.0,1.6,15.342883,54.834202,130.7,327.0,-40051.95,4180.19,,1,,,,,,,,,,,,,,,*4D

$AIS,0,273399760,3,-0.0,0.0,15.349630,54.830223,225.6,231.0,-39622.47,3733.63,,1,,,,,,,,,,,,,,,*66

$OWN,0,261187000,0,0.0,10.6,15.966352,54.798237,266.8,270.0,0.0,0.0,,1,,,,,,,,,,,,,,,*6C

$WIND,,,T,,,R*12

$AIS,0,273397740,3,0.0,1.6,15.342883,54.834202,130.7,327.0,-40046.38,4180.14,,1,,,,,,,,,,,,,,,*41

$AIS,0,273399760,3,-0.0,0.0,15.349630,54.830223,225.6,231.0,-39616.89,3733.58,,1,,,,,,,,,,,,,,,*6B

$AIS,0,273370640,3,3.6,0.0,15.355485,54.832813,,343.0,-39238.30,4018.51,,1,,,,,,,,,,,,,,,*6E

$OWN,0,261187000,0,0.0,10.6,15.966267,54.798233,266.8,270.0,0.0,0.0,,1,,,,,,,,,,,,,,,*6F

$WIND,,,T,,,R*12

$AIS,0,273397740,3,0.0,1.6,15.342883,54.834202,130.7,327.0,-40040.93,4180.52,,1,,,,,,,,,,,,,,,*44

$AIS,0,273399760,3,-0.0,0.0,15.349630,54.830223,225.6,231.0,-39611.44,3733.96,,1,,,,,,,,,,,,,,,*6F

$AIS,0,273370640,3,3.6,0.0,15.355485,54.832813,,343.0,-39232.85,4018.88,,1,,,,,,,,,,,,,,,*6E

$OWN,0,261187000,0,0.0,10.6,15.966180,54.798229,266.7,270.0,0.0,0.0,,1,,,,,,,,,,,,,,,*61

$WIND,,,T,,,R*12

$AIS,0,273397740,3,0.0,1.6,15.342883,54.834202,130.7,327.0,-40035.35,4180.90,,1,,,,,,,,,,,,,,,*44

$AIS,0,273399760,3,-0.0,0.0,15.349630,54.830223,225.6,231.0,-39605.87,3734.33,,1,,,,,,,,,,,,,,,*6D

$AIS,0,273370640,3,3.6,0.0,15.355485,54.832813,,343.0,-39227.27,4019.26,,1,,,,,,,,,,,,,,,*67

$OWN,0,261187000,0,0.0,10.6,15.966095,54.798225,266.7,270.0,0.0,0.0,,1,,,,,,,,,,,,,,,*68

$WIND,,,T,,,R*12

$AIS,0,273399760,3,-0.0,0.0,15.349630,54.830223,225.6,231.0,-39600.42,3734.71,,1,,,,,,,,,,,,,,,*67

$AIS,0,273370640,3,3.6,0.0,15.355485,54.832813,,343.0,-39221.82,4019.64,,1,,,,,,,,,,,,,,,*68

$OWN,0,261187000,0,0.0,10.6,15.966010,54.798222,266.6,270.0,0.0,0.0,,1,,,,,,,,,,,,,,,*63

$WIND,,,T,,,R*12

$AIS,0,273370640,3,3.6,0.0,15.355485,54.832813,,343.0,-39216.37,4020.01,,1,,,,,,,,,,,,,,,*6B

$OWN,0,261187000,0,0.0,10.6,15.965923,54.798218,266.6,270.0,0.0,0.0,,1,,,,,,,,,,,,,,,*60

$WIND,,,T,,,R*12

$AIS,0,273370640,3,3.6,0.0,15.355485,54.832813,,343.0,-39210.79,4020.39,,1,,,,,,,,,,,,,,,*6C

$AIS,0,273399760,3,0.0,0.0,15.349618,54.830227,225.6,231.0,-39590.18,3735.89,,1,,,,,,,,,,,,,,,*47

$OWN,0,261187000,0,0.0,10.7,15.965837,54.798214,266.5,270.0,0.0,0.0,,1,,,,,,,,,,,,,,,*6A

$WIND,,,T,,,R*12

$AIS,0,273370640,3,3.6,0.0,15.355485,54.832813,,343.0,-39205.22,4020.77,,1,,,,,,,,,,,,,,,*6C

$AIS,0,273399760,3,0.0,0.0,15.349618,54.830227,225.6,231.0,-39584.61,3736.27,,1,,,,,,,,,,,,,,,*4B

$OWN,0,261187000,0,0.0,10.7,15.965750,54.798210,266.5,270.0,0.0,0.0,,1,,,,,,,,,,,,,,,*60

$WIND,,,T,,,R*12

$AIS,0,273370640,3,3.6,0.0,15.355485,54.832813,,343.0,-39199.65,4021.14,,1,,,,,,,,,,,,,,,*6D

$AIS,0,273399760,3,0.0,0.0,15.349618,54.830227,225.6,231.0,-39579.03,3736.64,,1,,,,,,,,,,,,,,,*4A

$OWN,0,261187000,0,0.0,10.7,15.965665,54.798210,266.4,270.0,0.0,0.0,,1,,,,,,,,,,,,,,,*66

$WIND,,,T,,,R*12

$AIS,0,273370640,3,3.6,0.0,15.355485,54.832813,,343.0,-39194.19,4021.09,,1,,,,,,,,,,,,,,,*67

$AIS,0,273399760,3,0.0,0.0,15.349618,54.830227,225.6,231.0,-39573.58,3736.60,,1,,,,,,,,,,,,,,,*4A

$OWN,0,261187000,0,0.0,10.7,15.965578,54.798206,266.4,270.0,0.0,0.0,,1,,,,,,,,,,,,,,,*6E

$WIND,,,T,,,R*12

$AIS,0,273370640,3,3.6,0.0,15.355485,54.832813,,343.0,-39188.62,4021.47,,1,,,,,,,,,,,,,,,*6C

$AIS,0,273399760,3,0.0,0.0,15.349618,54.830227,225.6,231.0,-39568.00,3736.97,,1,,,,,,,,,,,,,,,*45

$OWN,0,261187000,0,0.0,10.7,15.965491,54.798203,266.4,270.0,0.0,0.0,,1,,,,,,,,,,,,,,,*6D

$WIND,,,T,,,R*12

$AIS,0,273399760,3,0.0,0.0,15.349618,54.830227,225.6,231.0,-39562.43,3737.35,,1,,,,,,,,,,,,,,,*41

$OWN,0,261187000,0,0.0,10.7,15.965405,54.798199,266.5,270.0,0.0,0.0,,1,,,,,,,,,,,,,,,*61

$WIND,,,T,,,R*12

$AIS,0,273399760,3,0.0,0.0,15.349618,54.830227,225.6,231.0,-39556.92,3737.72,,1,,,,,,,,,,,,,,,*49

$OWN,0,261187000,0,0.0,10.7,15.965319,54.798195,266.6,270.0,0.0,0.0,,1,,,,,,,,,,,,,,,*64

$WIND,,,T,,,R*12

$AIS,0,273399760,3,0.0,0.0,15.349618,54.830227,225.6,231.0,-39551.34,3738.10,,1,,,,,,,,,,,,,,,*49

$OWN,0,261187000,0,0.0,10.7,15.965232,54.798195,266.6,270.0,0.0,0.0,,1,,,,,,,,,,,,,,,*6C

$WIND,,,T,,,R*12

$AIS,0,273399760,3,0.0,0.0,15.349618,54.830227,225.6,231.0,-39545.77,3738.05,,1,,,,,,,,,,,,,,,*4F

$OWN,0,261187000,0,0.0,10.8,15.965145,54.798191,266.6,270.0,0.0,0.0,,1,,,,,,,,,,,,,,,*64

$WIND,,,T,,,R*12

$AIS,0,273399760,3,0.0,0.0,15.349618,54.830227,225.6,231.0,-39540.19,3738.43,,1,,,,,,,,,,,,,,,*40

$OWN,0,261187000,0,0.0,10.8,15.965058,54.798187,266.7,270.0,0.0,0.0,,1,,,,,,,,,,,,,,,*6F

$WIND,,,T,,,R*12

$OWN,0,261187000,0,0.0,10.8,15.964972,54.798183,266.7,270.0,0.0,0.0,,1,,,,,,,,,,,,,,,*6B

$WIND,,,T,,,R*12

$OWN,0,261187000,0,0.0,10.8,15.964884,54.798183,266.7,270.0,0.0,0.0,,1,,,,,,,,,,,,,,,*63

$WIND,,,T,,,R*12

$OWN,0,261187000,0,0.0,10.8,15.964797,54.798180,266.7,270.0,0.0,0.0,,1,,,,,,,,,,,,,,,*6D

$WIND,,,T,,,R*12

$AIS,0,273418870,0,0.0,0.2,15.282050,54.828876,117.6,62.0,-43859.65,3629.43,,1,,,,,,,,,,,,,,,*7E

$OWN,0,261187000,0,0.0,10.8,15.964710,54.798176,266.7,270.0,0.0,0.0,,1,,,,,,,,,,,,,,,*6B

$WIND,,,T,,,R*12

$AIS,0,273418870,0,0.0,0.2,15.282050,54.828876,117.6,62.0,-43854.07,3629.80,,1,,,,,,,,,,,,,,,*78

$OWN,0,261187000,0,0.0,10.8,15.964623,54.798172,266.7,270.0,0.0,0.0,,1,,,,,,,,,,,,,,,*6E

$WIND,,,T,,,R*12

$AIS,0,273418870,0,0.0,0.2,15.282050,54.828876,117.6,62.0,-43848.50,3630.17,,1,,,,,,,,,,,,,,,*71

$AIS,0,273370640,3,-7.5,0.0,15.355467,54.832813,,343.0,-39128.46,4024.77,,1,,,,,,,,,,,,,,,*40

$OWN,0,261187000,0,0.0,10.8,15.964535,54.798168,266.7,270.0,0.0,0.0,,1,,,,,,,,,,,,,,,*61

$WIND,,,T,,,R*12

$AIS,0,273418870,0,0.0,0.2,15.282050,54.828876,117.6,62.0,-43842.80,3630.54,,1,,,,,,,,,,,,,,,*71

$AIS,0,273370640,3,-7.5,0.0,15.355467,54.832813,,343.0,-39122.77,4025.14,,1,,,,,,,,,,,,,,,*4C

$OWN,0,261187000,0,0.0,10.8,15.964448,54.798168,266.8,270.0,0.0,0.0,,1,,,,,,,,,,,,,,,*65

$WIND,,,T,,,R*12

$AIS,0,273418870,0,0.0,0.2,15.282050,54.828876,117.6,62.0,-43837.22,3630.48,,1,,,,,,,,,,,,,,,*76

$AIS,0,273370640,3,-7.5,0.0,15.355467,54.832813,,343.0,-39117.19,4025.09,,1,,,,,,,,,,,,,,,*4E

$OWN,0,261187000,0,0.0,10.8,15.964361,54.798164,266.8,270.0,0.0,0.0,,1,,,,,,,,,,,,,,,*65

$WIND,,,T,,,R*12

$AIS,0,273418870,0,0.0,0.2,15.282050,54.828876,117.6,62.0,-43831.65,3630.85,,1,,,,,,,,,,,,,,,*72

$AIS,0,273370640,3,-7.5,0.0,15.355467,54.832813,,343.0,-39111.62,4025.47,,1,,,,,,,,,,,,,,,*4E

$OWN,0,261187000,0,0.0,10.9,15.964275,54.798161,266.8,270.0,0.0,0.0,,1,,,,,,,,,,,,,,,*65

$WIND,,,T,,,R*12

$AIS,0,273418870,0,0.0,0.2,15.282050,54.828876,117.6,62.0,-43826.14,3631.22,,1,,,,,,,,,,,,,,,*7E

$AIS,0,273370640,3,-7.5,0.0,15.355467,54.832813,,343.0,-39106.11,4025.85,,1,,,,,,,,,,,,,,,*42

$OWN,0,261187000,0,0.0,10.9,15.964187,54.798157,266.7,270.0,0.0,0.0,,1,,,,,,,,,,,,,,,*61

$WIND,,,T,,,R*12

$AIS,0,273418870,0,0.0,0.2,15.282050,54.828876,117.6,62.0,-43820.44,3631.59,,1,,,,,,,,,,,,,,,*71

$AIS,0,273370640,3,-7.5,0.0,15.355467,54.832813,,343.0,-39100.41,4026.22,,1,,,,,,,,,,,,,,,*4F

$AIS,0,273399760,3,0.2,0.1,15.349607,54.830235,225.6,231.0,-39479.35,3742.56,,1,,,,,,,,,,,,,,,*42

$OWN,0,261187000,0,0.0,10.9,15.964098,54.798157,266.8,270.0,0.0,0.0,,1,,,,,,,,,,,,,,,*61

$WIND,,,T,,,R*12

$AIS,0,273418870,0,0.0,0.2,15.282050,54.828876,117.6,62.0,-43814.74,3631.54,,1,,,,,,,,,,,,,,,*78

$AIS,0,273370640,3,-7.5,0.0,15.355467,54.832813,,343.0,-39094.71,4026.17,,1,,,,,,,,,,,,,,,*46

$AIS,0,273399760,3,0.2,0.1,15.349607,54.830235,225.6,231.0,-39473.65,3742.51,,1,,,,,,,,,,,,,,,*4A

$OWN,0,261187000,0,0.0,10.9,15.964011,54.798153,266.7,270.0,0.0,0.0,,1,,,,,,,,,,,,,,,*6B

$WIND,,,T,,,R*12

$AIS,0,273418870,0,0.0,0.2,15.282050,54.828876,117.6,62.0,-43809.17,3631.91,,1,,,,,,,,,,,,,,,*78

$AIS,0,273370640,3,-7.5,0.0,15.355467,54.832813,,343.0,-39089.14,4026.55,,1,,,,,,,,,,,,,,,*4F

$AIS,0,273399760,3,0.2,0.1,15.349607,54.830235,225.6,231.0,-39468.08,3742.89,,1,,,,,,,,,,,,,,,*4E

$OWN,0,261187000,0,0.0,10.9,15.963923,54.798149,266.7,270.0,0.0,0.0,,1,,,,,,,,,,,,,,,*6F

$WIND,,,T,,,R*12

$AIS,0,273418870,0,0.0,0.2,15.282050,54.828876,117.6,62.0,-43803.53,3632.28,,1,,,,,,,,,,,,,,,*73

$AIS,0,273370640,3,-7.5,0.0,15.355467,54.832813,,343.0,-39083.50,4026.92,,1,,,,,,,,,,,,,,,*4E

$AIS,0,273399760,3,0.2,0.1,15.349607,54.830235,225.6,231.0,-39462.44,3743.26,,1,,,,,,,,,,,,,,,*48

$OWN,0,261187000,0,0.0,10.9,15.963837,54.798145,266.8,270.0,0.0,0.0,,1,,,,,,,,,,,,,,,*68

$WIND,,,T,,,R*12

$AIS,0,273370640,3,-7.5,0.0,15.355467,54.832813,,343.0,-39077.93,4027.30,,1,,,,,,,,,,,,,,,*43

$AIS,0,273399760,3,0.2,0.1,15.349607,54.830235,225.6,231.0,-39456.87,3743.64,,1,,,,,,,,,,,,,,,*46

$OWN,0,261187000,0,-100000.0,10.9,15.963750,54.798141,266.8,270.0,0.0,0.0,,1,,,,,,,,,,,,,,,*7E

$WIND,,,T,,,R*12

$AIS,0,273370640,3,-7.5,0.0,15.355467,54.832813,,343.0,-39072.35,4027.68,,1,,,,,,,,,,,,,,,*47

$AIS,0,273399760,3,0.2,0.1,15.349607,54.830235,225.6,231.0,-39451.29,3744.01,,1,,,,,,,,,,,,,,,*41

$OWN,0,261187000,0,0.0,10.9,15.963661,54.798141,266.8,270.0,0.0,0.0,,1,,,,,,,,,,,,,,,*61

$WIND,,,T,,,R*12

$AIS,0,273399760,3,0.2,0.1,15.349607,54.830235,225.6,231.0,-39445.60,3743.96,,1,,,,,,,,,,,,,,,*40

$OWN,0,261187000,0,0.0,10.9,15.963573,54.798138,266.8,270.0,0.0,0.0,,1,,,,,,,,,,,,,,,*6F

$WIND,,,T,,,R*12

$AIS,0,273399760,3,0.2,0.1,15.349607,54.830235,225.6,231.0,-39439.96,3744.34,,1,,,,,,,,,,,,,,,*4D

$OWN,0,261187000,0,0.0,10.9,15.963485,54.798134,266.9,270.0,0.0,0.0,,1,,,,,,,,,,,,,,,*6A

$WIND,,,T,,,R*12

$AIS,0,273399760,3,0.2,0.1,15.349607,54.830235,225.6,231.0,-39434.26,3744.71,,1,,,,,,,,,,,,,,,*4A

$OWN,0,261187000,0,0.0,10.9,15.963398,54.798130,266.9,270.0,0.0,0.0,,1,,,,,,,,,,,,,,,*65

$WIND,,,T,,,R*12

$AIS,0,273399760,3,0.2,0.1,15.349607,54.830235,225.6,231.0,-39428.69,3745.09,,1,,,,,,,,,,,,,,,*42

$OWN,0,261187000,0,0.0,10.9,15.963310,54.798130,266.9,270.0,0.0,0.0,,1,,,,,,,,,,,,,,,*65

$WIND,,,T,,,R*12

$AIS,0,273399760,3,-0.2,0.1,15.349611,54.830235,225.6,231.0,-39422.75,3745.04,,1,,,,,,,,,,,,,,,*62

$OWN,0,261187000,0,0.0,10.9,15.963222,54.798126,266.9,270.0,0.0,0.0,,1,,,,,,,,,,,,,,,*62

$WIND,,,T,,,R*12

$AIS,0,273399760,3,-0.2,0.1,15.349611,54.830235,225.6,231.0,-39417.05,3745.41,,1,,,,,,,,,,,,,,,*62

$OWN,0,261187000,0,100000.0,10.9,15.963133,54.798122,266.8,270.0,0.0,0.0,,1,,,,,,,,,,,,,,,*55

$WIND,,,T,,,R*12

$AIS,0,273399760,3,-0.2,0.1,15.349611,54.830235,225.6,231.0,-39411.35,3745.79,,1,,,,,,,,,,,,,,,*6C

$OWN,0,261187000,0,0.0,10.9,15.963047,54.798119,266.8,270.0,0.0,0.0,,1,,,,,,,,,,,,,,,*6E

$WIND,,,T,,,R*12

$AIS,0,273399760,3,-0.2,0.1,15.349611,54.830235,225.6,231.0,-39405.84,3746.16,,1,,,,,,,,,,,,,,,*69

$OWN,0,261187000,0,0.0,11.0,15.962958,54.798115,266.7,270.0,0.0,0.0,,1,,,,,,,,,,,,,,,*63

$WIND,,,T,,,R*12

$AIS,0,273399760,3,-0.2,0.1,15.349611,54.830235,225.6,231.0,-39400.14,3746.54,,1,,,,,,,,,,,,,,,*63

$AIS,0,273370640,3,-4.5,0.1,15.355474,54.832829,359.3,343.0,-39021.07,4031.90,,1,,,,,,,,,,,,,,,*6B

$OWN,0,261187000,0,0.0,11.0,15.962870,54.798111,266.6,270.0,0.0,0.0,,1,,,,,,,,,,,,,,,*6D

$WIND,,,T,,,R*12

$AIS,0,273399760,3,-0.2,0.1,15.349611,54.830235,225.6,231.0,-39394.44,3746.91,,1,,,,,,,,,,,,,,,*65

$AIS,0,273370640,3,-4.5,0.1,15.355474,54.832829,359.3,343.0,-39015.37,4032.28,,1,,,,,,,,,,,,,,,*6F

$OWN,0,261187000,0,0.0,11.0,15.962782,54.798107,266.5,271.0,0.0,0.0,,1,,,,,,,,,,,,,,,*6A

$WIND,,,T,,,R*12

$AIS,0,273399760,3,-0.2,0.1,15.349611,54.830235,225.6,231.0,-39388.81,3747.29,,1,,,,,,,,,,,,,,,*63

$AIS,0,273370640,3,-4.5,0.1,15.355474,54.832829,359.3,343.0,-39009.73,4032.65,,1,,,,,,,,,,,,,,,*6B

$OWN,0,261187000,0,0.0,11.0,15.962693,54.798103,266.5,271.0,0.0,0.0,,1,,,,,,,,,,,,,,,*6F

$WIND,,,T,,,R*12

$AIS,0,273399760,3,-0.2,0.1,15.349611,54.830235,225.6,231.0,-39383.11,3747.66,,1,,,,,,,,,,,,,,,*6A

$AIS,0,273370640,3,-4.5,0.1,15.355474,54.832829,359.3,343.0,-39004.04,4033.03,,1,,,,,,,,,,,,,,,*67

$OWN,0,261187000,0,0.0,11.0,15.962605,54.798100,266.5,271.0,0.0,0.0,,1,,,,,,,,,,,,,,,*63

$WIND,,,T,,,R*12

$AIS,0,273399760,3,-0.2,0.1,15.349611,54.830235,225.6,231.0,-39377.47,3748.04,,1,,,,,,,,,,,,,,,*69

$AIS,0,273370640,3,-4.5,0.1,15.355474,54.832829,359.3,343.0,-38998.40,4033.40,,1,,,,,,,,,,,,,,,*6D

$OWN,0,261187000,0,-100000.0,11.0,15.962517,54.798096,266.5,270.0,0.0,0.0,,1,,,,,,,,,,,,,,,*70

$WIND,,,T,,,R*12

$AIS,0,273399760,3,-0.2,0.1,15.349611,54.830235,225.6,231.0,-39371.78,3748.41,,1,,,,,,,,,,,,,,,*62

$AIS,0,273370640,3,-4.5,0.1,15.355474,54.832829,359.3,343.0,-38992.70,4033.78,,1,,,,,,,,,,,,,,,*6F

$OWN,0,261187000,0,0.0,11.0,15.962428,54.798096,266.6,270.0,0.0,0.0,,1,,,,,,,,,,,,,,,*62

$WIND,,,T,,,R*12

$AIS,0,273399760,3,-0.0,0.0,15.349615,54.830231,225.6,231.0,-39365.84,3747.93,,1,,,,,,,,,,,,,,,*67

$AIS,0,273370640,3,-4.5,0.1,15.355474,54.832829,359.3,343.0,-38987.01,4033.73,,1,,,,,,,,,,,,,,,*66

$OWN,0,261187000,0,0.0,11.0,15.962428,54.798096,266.6,270.0,0.0,0.0,,1,,,,,,,,,,,,,,,*62

$WIND,,,T,,,R*12

$AIS,0,273399760,3,-0.0,0.0,15.349615,54.830231,225.6,231.0,-39365.84,3747.93,,1,,,,,,,,,,,,,,,*67

$AIS,0,273370640,3,-4.5,0.1,15.355474,54.832829,359.3,343.0,-38987.01,4033.73,,1,,,,,,,,,,,,,,,*66

$OWN,0,261187000,0,0.0,11.0,15.962340,54.798092,266.7,270.0,0.0,0.0,,1,,,,,,,,,,,,,,,*6E

$WIND,,,T,,,R*12

$AIS,0,273399760,3,-0.0,0.0,15.349615,54.830231,225.6,231.0,-39360.20,3748.31,,1,,,,,,,,,,,,,,,*6B

$AIS,0,273370640,3,-4.5,0.1,15.355474,54.832829,359.3,343.0,-38981.37,4034.10,,1,,,,,,,,,,,,,,,*67

$OWN,0,261187000,0,0.0,11.0,15.962163,54.798088,266.8,270.0,0.0,0.0,,1,,,,,,,,,,,,,,,*69

$WIND,,,T,,,R*12

$AIS,0,273399760,3,-0.0,0.0,15.349615,54.830231,225.6,231.0,-39348.81,3748.63,,1,,,,,,,,,,,,,,,*6D

$AIS,0,273370640,3,-4.5,0.1,15.355474,54.832829,359.3,343.0,-38969.98,4034.43,,1,,,,,,,,,,,,,,,*62

$OWN,0,261187000,0,0.0,11.0,15.962073,54.798084,266.9,270.0,0.0,0.0,,1,,,,,,,,,,,,,,,*64

$WIND,,,T,,,R*12

$AIS,0,273399760,3,-0.0,0.0,15.349615,54.830231,225.6,231.0,-39343.05,3749.01,,1,,,,,,,,,,,,,,,*6F

$AIS,0,273370640,3,-4.5,0.1,15.355474,54.832829,359.3,343.0,-38964.22,4034.80,,1,,,,,,,,,,,,,,,*61

$OWN,0,261187000,0,0.0,11.0,15.961985,54.798084,266.9,270.0,0.0,0.0,,1,,,,,,,,,,,,,,,*67

$WIND,,,T,,,R*12

$AIS,0,273399760,3,-0.0,0.0,15.349615,54.830231,225.6,231.0,-39337.35,3748.96,,1,,,,,,,,,,,,,,,*60

$OWN,0,261187000,0,0.0,11.0,15.961897,54.798080,266.8,270.0,0.0,0.0,,1,,,,,,,,,,,,,,,*60

$WIND,,,T,,,R*12

$AIS,0,273399760,3,-0.0,0.0,15.349615,54.830231,225.6,231.0,-39331.72,3749.33,,1,,,,,,,,,,,,,,,*6B

$AIS,0,273212470,3,0.0,0.0,15.326219,54.826260,111.7,,-40838.65,3320.84,,1,,,,,,,,,,,,,,,*62

$OWN,0,261187000,0,0.0,11.0,15.961808,54.798077,266.7,270.0,0.0,0.0,,1,,,,,,,,,,,,,,,*61

$WIND,,,T,,,R*12

$AIS,0,273399760,3,-0.0,0.0,15.349615,54.830231,225.6,231.0,-39326.02,3749.71,,1,,,,,,,,,,,,,,,*6C

$AIS,0,273212470,3,0.0,0.0,15.326219,54.826260,111.7,,-40832.95,3321.21,,1,,,,,,,,,,,,,,,*69

$OWN,0,261187000,0,0.0,11.0,15.961720,54.798073,266.6,270.0,0.0,0.0,,1,,,,,,,,,,,,,,,*61

$WIND,,,T,,,R*12

$AIS,0,273399760,3,-0.0,0.0,15.349615,54.830231,225.6,231.0,-39320.38,3750.08,,1,,,,,,,,,,,,,,,*65

$AIS,0,273212470,3,0.0,0.0,15.326219,54.826260,111.7,,-40827.31,3321.58,,1,,,,,,,,,,,,,,,*6D

$OWN,0,261187000,0,0.0,11.0,15.961632,54.798069,266.5,270.0,0.0,0.0,,1,,,,,,,,,,,,,,,*6B

$WIND,,,T,,,R*12

$AIS,0,273399760,3,-0.0,0.0,15.349615,54.830231,225.6,231.0,-39314.68,3750.46,,1,,,,,,,,,,,,,,,*6D

$AIS,0,273212470,3,0.0,0.0,15.326219,54.826260,111.7,,-40821.61,3321.95,,1,,,,,,,,,,,,,,,*6F

$OWN,0,261187000,0,0.0,11.0,15.961542,54.798065,266.5,270.0,0.0,0.0,,1,,,,,,,,,,,,,,,*63

$WIND,,,T,,,R*12

$AIS,0,273399760,3,-0.0,0.0,15.349615,54.830231,225.6,231.0,-39308.93,3750.83,,1,,,,,,,,,,,,,,,*6D

$AIS,0,273212470,3,0.0,0.0,15.326219,54.826260,111.7,,-40815.85,3322.33,,1,,,,,,,,,,,,,,,*6D

$OWN,0,261187000,0,0.0,11.0,15.961455,54.798061,266.4,270.0,0.0,0.0,,1,,,,,,,,,,,,,,,*61

$WIND,,,T,,,R*12

$AIS,0,273212470,3,0.0,0.0,15.326219,54.826260,111.7,,-40810.28,3322.70,,1,,,,,,,,,,,,,,,*68

$OWN,0,261187000,0,100000.0,11.0,15.961365,54.798058,266.5,270.0,0.0,0.0,,1,,,,,,,,,,,,,,,*5F

$WIND,,,T,,,R*12

$AIS,0,273212470,3,0.0,0.0,15.326219,54.826260,111.7,,-40804.46,3323.07,,1,,,,,,,,,,,,,,,*64

$OWN,0,261187000,0,0.0,11.1,15.961277,54.798054,266.5,270.0,0.0,0.0,,1,,,,,,,,,,,,,,,*61

$WIND,,,T,,,R*12

$AIS,0,273212470,3,0.0,0.0,15.326219,54.826260,111.7,,-40798.82,3323.45,,1,,,,,,,,,,,,,,,*60

$AIS,0,273418870,0,0.0,0.2,15.282097,54.828880,114.0,63.0,-43630.52,3641.63,,1,,,,,,,,,,,,,,,*71

$OWN,0,261187000,0,0.0,11.1,15.961186,54.798050,266.5,270.0,0.0,0.0,,1,,,,,,,,,,,,,,,*68

$WIND,,,T,,,R*12

$AIS,0,273212470,3,0.0,0.0,15.326219,54.826260,111.7,,-40793.00,3323.82,,1,,,,,,,,,,,,,,,*6A

$AIS,0,273418870,0,0.0,0.2,15.282097,54.828880,114.0,63.0,-43624.70,3642.00,,1,,,,,,,,,,,,,,,*72

$OWN,0,261187000,0,0.0,11.1,15.961099,54.798050,266.5,270.0,0.0,0.0,,1,,,,,,,,,,,,,,,*67

$WIND,,,T,,,R*12

$AIS,0,273212470,3,0.0,0.0,15.326219,54.826260,111.7,,-40787.36,3323.77,,1,,,,,,,,,,,,,,,*60

$AIS,0,273418870,0,0.0,0.2,15.282097,54.828880,114.0,63.0,-43619.06,3641.95,,1,,,,,,,,,,,,,,,*72

$AIS,0,273370640,3,2.2,0.0,15.355503,54.832829,,343.0,-38899.71,4038.07,,1,,,,,,,,,,,,,,,*69

$OWN,0,261187000,0,0.0,11.1,15.961010,54.798042,266.4,270.0,0.0,0.0,,1,,,,,,,,,,,,,,,*64

$WIND,,,T,,,R*12

$AIS,0,273212470,3,0.0,0.0,15.326219,54.826260,111.7,,-40781.67,3324.56,,1,,,,,,,,,,,,,,,*66

$AIS,0,273418870,0,0.0,0.2,15.282097,54.828880,114.0,63.0,-43613.37,3642.74,,1,,,,,,,,,,,,,,,*76

$AIS,0,273370640,3,2.2,0.0,15.355503,54.832829,,343.0,-38894.02,4038.87,,1,,,,,,,,,,,,,,,*68

$OWN,0,261187000,0,0.0,11.1,15.960921,54.798038,266.4,271.0,0.0,0.0,,1,,,,,,,,,,,,,,,*62

$WIND,,,T,,,R*12

$AIS,0,273418870,0,0.0,0.2,15.282097,54.828880,114.0,63.0,-43607.67,3643.11,,1,,,,,,,,,,,,,,,*74

$AIS,0,273370640,3,2.2,0.0,15.355503,54.832829,,343.0,-38888.32,4039.24,,1,,,,,,,,,,,,,,,*6E

$OWN,0,261187000,0,0.0,11.1,15.960834,54.798038,266.3,271.0,0.0,0.0,,1,,,,,,,,,,,,,,,*60

$WIND,,,T,,,R*12

$AIS,0,273418870,0,0.0,0.2,15.282097,54.828880,114.0,63.0,-43602.03,3643.06,,1,,,,,,,,,,,,,,,*75

$AIS,0,273370640,3,2.2,0.0,15.355503,54.832829,,343.0,-38882.69,4039.19,,1,,,,,,,,,,,,,,,*64

$OWN,0,261187000,0,0.0,11.1,15.960743,54.798031,266.3,271.0,0.0,0.0,,1,,,,,,,,,,,,,,,*66

$WIND,,,T,,,R*12

$AIS,0,273418870,0,0.0,0.2,15.282097,54.828880,114.0,63.0,-43596.21,3643.85,,1,,,,,,,,,,,,,,,*70

$AIS,0,273370640,3,2.2,0.0,15.355503,54.832829,,343.0,-38876.87,4039.99,,1,,,,,,,,,,,,,,,*67

$OWN,0,261187000,0,0.0,11.1,15.960655,54.798031,266.4,270.0,0.0,0.0,,1,,,,,,,,,,,,,,,*66

$WIND,,,T,,,R*12

$AIS,0,273418870,0,0.0,0.2,15.282097,54.828880,114.0,63.0,-43590.58,3643.79,,1,,,,,,,,,,,,,,,*7B

$AIS,0,273370640,3,2.2,0.0,15.355503,54.832829,,343.0,-38871.23,4039.94,,1,,,,,,,,,,,,,,,*63

$AIS,0,273399760,3,0.0,0.0,15.349624,54.830231,225.6,231.0,-39251.40,3754.15,,1,,,,,,,,,,,,,,,*4A

$OWN,0,261187000,0,-100000.0,11.1,15.960565,54.798027,266.4,270.0,0.0,0.0,,1,,,,,,,,,,,,,,,*7D

$WIND,,,T,,,R*12

$AIS,0,273418870,0,0.0,0.2,15.282097,54.828880,114.0,63.0,-43584.76,3644.16,,1,,,,,,,,,,,,,,,*7C

$AIS,0,273370640,3,2.2,0.0,15.355503,54.832829,,343.0,-38865.41,4040.32,,1,,,,,,,,,,,,,,,*60

$AIS,0,273399760,3,0.0,0.0,15.349624,54.830231,225.6,231.0,-39245.58,3754.53,,1,,,,,,,,,,,,,,,*44

$OWN,0,261187000,0,0.0,11.1,15.960477,54.798023,266.5,270.0,0.0,0.0,,1,,,,,,,,,,,,,,,*66

$WIND,,,T,,,R*12

$AIS,0,273418870,0,0.0,0.2,15.282097,54.828880,114.0,63.0,-43579.12,3644.53,,1,,,,,,,,,,,,,,,*7D

$AIS,0,273370640,3,2.2,0.0,15.355503,54.832829,,343.0,-38859.78,4040.69,,1,,,,,,,,,,,,,,,*6B

$AIS,0,273399760,3,0.0,0.0,15.349624,54.830231,225.6,231.0,-39239.95,3754.90,,1,,,,,,,,,,,,,,,*41

$OWN,0,261187000,0,0.0,11.1,15.960388,54.798023,266.6,270.0,0.0,0.0,,1,,,,,,,,,,,,,,,*62

$WIND,,,T,,,R*12

$AIS,0,273418870,0,0.0,0.2,15.282097,54.828880,114.0,63.0,-43573.42,3644.48,,1,,,,,,,,,,,,,,,*78

$AIS,0,273370640,3,2.2,0.0,15.355503,54.832829,,343.0,-38854.08,4040.64,,1,,,,,,,,,,,,,,,*6C

$AIS,0,273399760,3,0.0,0.0,15.349624,54.830231,225.6,231.0,-39234.25,3754.85,,1,,,,,,,,,,,,,,,*43

$OWN,0,261187000,0,0.0,11.1,15.960299,54.798019,266.6,270.0,0.0,0.0,,1,,,,,,,,,,,,,,,*6A

$WIND,,,T,,,R*12

$AIS,0,273370640,3,2.2,0.0,15.355503,54.832829,,343.0,-38848.32,4041.02,,1,,,,,,,,,,,,,,,*69

$AIS,0,273399760,3,0.0,0.0,15.349624,54.830231,225.6,231.0,-39228.49,3755.23,,1,,,,,,,,,,,,,,,*49

$OWN,0,261187000,0,0.0,11.1,15.960210,54.798016,266.7,270.0,0.0,0.0,,1,,,,,,,,,,,,,,,*65

$WIND,,,T,,,R*12

$AIS,0,273370640,3,2.2,0.0,15.355503,54.832829,,343.0,-38842.62,4041.39,,1,,,,,,,,,,,,,,,*6E

$AIS,0,273399760,3,0.0,0.0,15.349624,54.830231,225.6,231.0,-39222.79,3755.60,,1,,,,,,,,,,,,,,,*47

$OWN,0,261187000,0,0.0,11.1,15.960122,54.798012,266.7,270.0,0.0,0.0,,1,,,,,,,,,,,,,,,*63

$WIND,,,T,,,R*12

$AIS,0,273399760,3,0.0,0.0,15.349624,54.830231,225.6,231.0,-39217.16,3755.98,,1,,,,,,,,,,,,,,,*4F

$OWN,0,261187000,0,0.0,11.1,15.960033,54.798012,266.7,270.0,0.0,0.0,,1,,,,,,,,,,,,,,,*62

$WIND,,,T,,,R*12

$AIS,0,273399760,3,0.0,0.0,15.349624,54.830231,225.6,231.0,-39211.46,3755.93,,1,,,,,,,,,,,,,,,*47

$OWN,0,261187000,0,0.0,11.1,15.959944,54.798008,266.6,270.0,0.0,0.0,,1,,,,,,,,,,,,,,,*6B

$WIND,,,T,,,R*12

$AIS,0,273399760,3,0.0,0.0,15.349624,54.830231,225.6,231.0,-39205.70,3756.30,,1,,,,,,,,,,,,,,,*4D

$OWN,0,261187000,0,0.0,11.1,15.959855,54.798004,266.5,270.0,0.0,0.0,,1,,,,,,,,,,,,,,,*65

$WIND,,,T,,,R*12

$AIS,0,273399760,3,0.0,0.0,15.349624,54.830231,225.6,231.0,-39200.00,3756.68,,1,,,,,,,,,,,,,,,*42

$OWN,0,261187000,0,100000.0,11.1,15.959766,54.797997,266.4,270.0,0.0,0.0,,1,,,,,,,,,,,,,,,*56

$WIND,,,T,,,R*12

$AIS,0,273399760,3,0.0,0.0,15.349624,54.830231,225.6,231.0,-39188.67,3757.85,,1,,,,,,,,,,,,,,,*42

$OWN,0,261187000,0,0.0,11.1,15.959679,54.797993,266.3,270.0,0.0,0.0,,1,,,,,,,,,,,,,,,*6B

$WIND,,,T,,,R*12

$AIS,0,273399760,3,0.0,0.0,15.349624,54.830231,225.6,231.0,-39182.85,3758.22,,1,,,,,,,,,,,,,,,*46

$OWN,0,261187000,0,0.0,11.1,15.959588,54.797989,266.3,270.0,0.0,0.0,,1,,,,,,,,,,,,,,,*6D

$WIND,,,T,,,R*12

$AIS,0,273399760,3,0.0,0.0,15.349624,54.830231,225.6,231.0,-39177.21,3758.60,,1,,,,,,,,,,,,,,,*44

$OWN,0,261187000,0,0.0,11.1,15.959500,54.797985,266.3,270.0,0.0,0.0,,1,,,,,,,,,,,,,,,*61

$WIND,,,T,,,R*12

$AIS,0,273399760,3,0.0,0.0,15.349624,54.830231,225.6,231.0,-39171.52,3758.55,,1,,,,,,,,,,,,,,,*40

$OWN,0,261187000,0,0.0,11.1,15.959412,54.797985,266.4,270.0,0.0,0.0,,1,,,,,,,,,,,,,,,*64

$WIND,,,T,,,R*12

$AIS,0,273399760,3,0.0,0.0,15.349624,54.830231,225.6,231.0,-39165.76,3758.92,,1,,,,,,,,,,,,,,,*48

$OWN,0,261187000,0,0.0,11.1,15.959322,54.797981,266.3,270.0,0.0,0.0,,1,,,,,,,,,,,,,,,*63

$WIND,,,T,,,R*12

$AIS,0,273399760,3,0.0,0.0,15.349624,54.830231,225.6,231.0,-39160.06,3759.30,,1,,,,,,,,,,,,,,,*43

$AIS,0,273370640,3,6.4,0.2,15.355495,54.832825,32.4,343.0,-38780.39,4044.68,,1,,,,,,,,,,,,,,,*79

$OWN,0,261187000,0,0.0,11.1,15.959233,54.797977,266.4,270.0,0.0,0.0,,1,,,,,,,,,,,,,,,*6C

$WIND,,,T,,,R*12

$AIS,0,273399760,3,0.0,0.0,15.349624,54.830231,225.6,231.0,-39154.30,3759.67,,1,,,,,,,,,,,,,,,*43

$AIS,0,273370640,3,6.4,0.2,15.355495,54.832825,32.4,343.0,-38774.63,4045.05,,1,,,,,,,,,,,,,,,*77

$OWN,0,261187000,0,0.0,11.1,15.959144,54.797974,266.4,271.0,0.0,0.0,,1,,,,,,,,,,,,,,,*6D

$WIND,,,T,,,R*12

$AIS,0,273399760,3,0.0,0.0,15.349624,54.830231,225.6,231.0,-39148.61,3760.05,,1,,,,,,,,,,,,,,,*44

$AIS,0,273370640,3,6.4,0.2,15.355495,54.832825,32.4,343.0,-38768.93,4045.43,,1,,,,,,,,,,,,,,,*77

$OWN,0,261187000,0,0.0,11.1,15.959055,54.797970,266.4,271.0,0.0,0.0,,1,,,,,,,,,,,,,,,*68

$WIND,,,T,,,R*12

$AIS,0,273399760,3,0.0,0.0,15.349624,54.830231,225.6,231.0,-39142.91,3760.00,,1,,,,,,,,,,,,,,,*44

$AIS,0,273370640,3,6.4,0.2,15.355495,54.832825,32.4,343.0,-38763.24,4045.38,,1,,,,,,,,,,,,,,,*7C

$OWN,0,261187000,0,0.0,11.1,15.958966,54.797970,266.4,271.0,0.0,0.0,,1,,,,,,,,,,,,,,,*60

$WIND,,,T,,,R*12

$AIS,0,273370640,3,6.4,0.2,15.355495,54.832825,32.4,343.0,-38757.60,4045.75,,1,,,,,,,,,,,,,,,*72

$OWN,0,261187000,0,0.0,11.1,15.958879,54.797966,266.4,270.0,0.0,0.0,,1,,,,,,,,,,,,,,,*69

$WIND,,,T,,,R*12

$AIS,0,273370640,3,6.4,0.2,15.355495,54.832825,32.4,343.0,-38751.90,4046.13,,1,,,,,,,,,,,,,,,*78

$AIS,0,273399760,3,0.0,0.0,15.349622,54.830231,225.6,231.0,-39131.70,3760.75,,1,,,,,,,,,,,,,,,*4B

$OWN,0,261187000,0,0.0,11.1,15.958790,54.797962,266.4,270.0,0.0,0.0,,1,,,,,,,,,,,,,,,*65

$WIND,,,T,,,R*12

$AIS,0,273370640,3,6.4,0.2,15.355495,54.832825,32.4,343.0,-38746.15,4046.51,,1,,,,,,,,,,,,,,,*75

$AIS,0,273399760,3,0.0,0.0,15.349622,54.830231,225.6,231.0,-39125.94,3761.12,,1,,,,,,,,,,,,,,,*44

$OWN,0,261187000,0,0.0,11.1,15.958700,54.797958,266.4,270.0,0.0,0.0,,1,,,,,,,,,,,,,,,*65

$WIND,,,T,,,R*12

$AIS,0,273370640,3,6.4,0.2,15.355495,54.832825,32.4,343.0,-38746.15,4046.51,,1,,,,,,,,,,,,,,,*75

$AIS,0,273399760,3,0.0,0.0,15.349622,54.830231,225.6,231.0,-39125.94,3761.12,,1,,,,,,,,,,,,,,,*44

$OWN,0,261187000,0,0.0,11.1,15.958611,54.797958,266.5,270.0,0.0,0.0,,1,,,,,,,,,,,,,,,*65

$WIND,,,T,,,R*12

$AIS,0,273370640,3,6.4,0.2,15.355495,54.832825,32.4,343.0,-38740.45,4046.46,,1,,,,,,,,,,,,,,,*70

$AIS,0,273399760,3,0.0,0.0,15.349622,54.830231,225.6,231.0,-39120.24,3761.08,,1,,,,,,,,,,,,,,,*41

$OWN,0,261187000,0,0.0,11.1,15.958524,54.797955,266.5,270.0,0.0,0.0,,1,,,,,,,,,,,,,,,*6D

$WIND,,,T,,,R*12

$AIS,0,273370640,3,6.4,0.2,15.355495,54.832825,32.4,343.0,-38734.81,4046.83,,1,,,,,,,,,,,,,,,*72

$AIS,0,273399760,3,0.0,0.0,15.349622,54.830231,225.6,231.0,-39114.61,3761.45,,1,,,,,,,,,,,,,,,*4E

$OWN,0,261187000,0,0.0,11.1,15.958435,54.797951,266.5,270.0,0.0,0.0,,1,,,,,,,,,,,,,,,*68

$WIND,,,T,,,R*12

$AIS,0,273370640,3,6.4,0.2,15.355495,54.832825,32.4,343.0,-38729.12,4047.21,,1,,,,,,,,,,,,,,,*7D

$AIS,0,273399760,3,0.0,0.0,15.349622,54.830231,225.6,231.0,-39108.91,3761.83,,1,,,,,,,,,,,,,,,*46

$OWN,0,261187000,0,0.0,11.1,15.958345,54.797947,266.6,270.0,0.0,0.0,,1,,,,,,,,,,,,,,,*6C

$WIND,,,T,,,R*12

$AIS,0,273399760,3,0.0,0.0,15.349622,54.830231,225.6,231.0,-39103.15,3762.20,,1,,,,,,,,,,,,,,,*4B

$OWN,0,261187000,0,0.0,11.1,15.958257,54.797943,266.6,270.0,0.0,0.0,,1,,,,,,,,,,,,,,,*6A

$WIND,,,T,,,R*12

$AIS,0,273399760,3,0.0,0.0,15.349622,54.830231,225.6,231.0,-39097.45,3762.58,,1,,,,,,,,,,,,,,,*4D

$OWN,0,261187000,0,0.0,11.1,15.958168,54.797943,266.6,270.0,0.0,0.0,,1,,,,,,,,,,,,,,,*65

$WIND,,,T,,,R*12

$AIS,0,273399760,3,0.0,0.0,15.349622,54.830231,225.6,231.0,-39091.76,3762.53,,1,,,,,,,,,,,,,,,*40

$OWN,0,261187000,0,0.0,11.1,15.958078,54.797939,266.6,270.0,0.0,0.0,,1,,,,,,,,,,,,,,,*68

$WIND,,,T,,,R*12

$AIS,0,273399760,3,0.0,0.0,15.349622,54.830231,225.6,231.0,-39086.00,3762.90,,1,,,,,,,,,,,,,,,*48

$OWN,0,261187000,0,0.0,11.1,15.957990,54.797935,266.5,270.0,0.0,0.0,,1,,,,,,,,,,,,,,,*67

$WIND,,,T,,,R*12

$AIS,0,273399760,3,0.0,0.0,15.349620,54.830227,225.6,231.0,-39080.43,3762.85,,1,,,,,,,,,,,,,,,*48

$OWN,0,261187000,0,0.0,11.1,15.957902,54.797932,266.4,270.0,0.0,0.0,,1,,,,,,,,,,,,,,,*6A

$WIND,,,T,,,R*12

$AIS,0,273399760,3,0.0,0.0,15.349620,54.830227,225.6,231.0,-39074.79,3763.23,,1,,,,,,,,,,,,,,,*47

$OWN,0,261187000,0,0.0,11.1,15.957813,54.797928,266.4,270.0,0.0,0.0,,1,,,,,,,,,,,,,,,*60

$WIND,,,T,,,R*12

$AIS,0,273399760,3,0.0,0.0,15.349620,54.830227,225.6,231.0,-39069.09,3763.60,,1,,,,,,,,,,,,,,,*4B

$OWN,0,261187000,0,0.0,11.1,15.957724,54.797924,266.3,270.0,0.0,0.0,,1,,,,,,,,,,,,,,,*60

$WIND,,,T,,,R*12

$AIS,0,273399760,3,0.0,0.0,15.349620,54.830227,225.6,231.0,-39063.33,3763.98,,1,,,,,,,,,,,,,,,*4F

$OWN,0,261187000,0,0.0,11.1,15.957635,54.797920,266.4,271.0,0.0,0.0,,1,,,,,,,,,,,,,,,*63

$WIND,,,T,,,R*12

$AIS,0,273399760,3,0.0,0.0,15.349620,54.830227,225.6,231.0,-39057.64,3764.35,,1,,,,,,,,,,,,,,,*4A

$AIS,0,273370640,3,2.2,0.0,15.355487,54.832817,,343.0,-38678.28,4049.32,,1,,,,,,,,,,,,,,,*64

$OWN,0,261187000,0,0.0,11.1,15.957545,54.797916,266.4,271.0,0.0,0.0,,1,,,,,,,,,,,,,,,*62

$WIND,,,T,,,R*12

$AIS,0,273399760,3,0.0,0.0,15.349620,54.830227,225.6,231.0,-39051.88,3764.73,,1,,,,,,,,,,,,,,,*4C

$AIS,0,273370640,3,2.2,0.0,15.355487,54.832817,,343.0,-38672.52,4049.69,,1,,,,,,,,,,,,,,,*6D

$OWN,0,261187000,0,0.0,11.1,15.957457,54.797913,266.5,271.0,0.0,0.0,,1,,,,,,,,,,,,,,,*64

$WIND,,,T,,,R*12

$AIS,0,273399760,3,0.0,0.0,15.349620,54.830227,225.6,231.0,-39046.18,3765.10,,1,,,,,,,,,,,,,,,*47

$AIS,0,273370640,3,2.2,0.0,15.355487,54.832817,,343.0,-38666.83,4050.07,,1,,,,,,,,,,,,,,,*64

$OWN,0,261187000,0,0.0,11.1,15.957368,54.797913,266.5,271.0,0.0,0.0,,1,,,,,,,,,,,,,,,*6F

$WIND,,,T,,,R*12

$AIS,0,273399760,3,0.0,0.0,15.349620,54.830227,225.6,231.0,-39040.48,3765.05,,1,,,,,,,,,,,,,,,*40

$AIS,0,273370640,3,2.2,0.0,15.355487,54.832817,,343.0,-38661.13,4050.02,,1,,,,,,,,,,,,,,,*6F

$OWN,0,261187000,0,0.0,11.1,15.957278,54.797909,266.5,271.0,0.0,0.0,,1,,,,,,,,,,,,,,,*64

$WIND,,,T,,,R*12

$AIS,0,273399760,3,0.0,0.0,15.349620,54.830227,225.6,231.0,-39034.72,3765.43,,1,,,,,,,,,,,,,,,*48

$AIS,0,273370640,3,2.2,0.0,15.355487,54.832817,,343.0,-38655.37,4050.39,,1,,,,,,,,,,,,,,,*66

$OWN,0,261187000,0,-100000.0,11.1,15.957190,54.797905,266.6,270.0,0.0,0.0,,1,,,,,,,,,,,,,,,*73

$WIND,,,T,,,R*12

$AIS,0,273399760,3,0.0,0.0,15.349620,54.830227,225.6,231.0,-39029.03,3765.80,,1,,,,,,,,,,,,,,,*4D

$AIS,0,273370640,3,2.2,0.0,15.355487,54.832817,,343.0,-38649.67,4050.77,,1,,,,,,,,,,,,,,,*64

$OWN,0,261187000,0,0.0,11.1,15.957102,54.797905,266.5,270.0,0.0,0.0,,1,,,,,,,,,,,,,,,*67

$WIND,,,T,,,R*12

$AIS,0,273399760,3,0.0,0.0,15.349618,54.830223,225.6,231.0,-39023.52,3765.33,,1,,,,,,,,,,,,,,,*44

$AIS,0,273370640,3,2.2,0.0,15.355487,54.832817,,343.0,-38644.04,4050.72,,1,,,,,,,,,,,,,,,*69

$OWN,0,261187000,0,-100000.0,11.1,15.957011,54.797901,266.5,270.0,0.0,0.0,,1,,,,,,,,,,,,,,,*7C

$WIND,,,T,,,R*12

$AIS,0,273399760,3,0.0,0.0,15.349618,54.830223,225.6,231.0,-39017.70,3765.70,,1,,,,,,,,,,,,,,,*44

$AIS,0,273370640,3,2.2,0.0,15.355487,54.832817,,343.0,-38638.22,4051.10,,1,,,,,,,,,,,,,,,*63

$OWN,0,261187000,0,0.0,11.1,15.956923,54.797894,266.5,270.0,0.0,0.0,,1,,,,,,,,,,,,,,,*64

$WIND,,,T,,,R*12

$AIS,0,273399760,3,0.0,0.0,15.349618,54.830223,225.6,231.0,-39012.06,3766.50,,1,,,,,,,,,,,,,,,*41

$AIS,0,273370640,3,2.2,0.0,15.355487,54.832817,,343.0,-38632.58,4051.90,,1,,,,,,,,,,,,,,,*6C

$OWN,0,261187000,0,0.0,11.1,15.956835,54.797894,266.5,270.0,0.0,0.0,,1,,,,,,,,,,,,,,,*62

$WIND,,,T,,,R*12

$AIS,0,273399760,3,0.0,0.0,15.349618,54.830223,225.6,231.0,-39006.36,3766.45,,1,,,,,,,,,,,,,,,*43

$AIS,0,273370640,3,2.2,0.0,15.355487,54.832817,,343.0,-38626.89,4051.85,,1,,,,,,,,,,,,,,,*61

$OWN,0,261187000,0,0.0,11.1,15.956747,54.797890,266.6,270.0,0.0,0.0,,1,,,,,,,,,,,,,,,*6F

$WIND,,,T,,,R*12

$AIS,0,273399760,3,0.0,0.0,15.349618,54.830223,225.6,231.0,-39000.73,3766.83,,1,,,,,,,,,,,,,,,*4E

$AIS,0,273370640,3,2.2,0.0,15.355487,54.832817,,343.0,-38621.25,4052.22,,1,,,,,,,,,,,,,,,*6E

$OWN,0,261187000,0,0.0,11.1,15.956656,54.797890,266.7,270.0,0.0,0.0,,1,,,,,,,,,,,,,,,*6F

$WIND,,,T,,,R*12

$AIS,0,273399760,3,0.0,0.0,15.349618,54.830223,225.6,231.0,-38994.91,3766.78,,1,,,,,,,,,,,,,,,*43

$OWN,0,261187000,0,0.0,11.1,15.956569,54.797886,266.7,270.0,0.0,0.0,,1,,,,,,,,,,,,,,,*67

$WIND,,,T,,,R*12

$AIS,0,273399760,3,0.0,0.0,15.349618,54.830223,225.6,231.0,-38989.27,3767.16,,1,,,,,,,,,,,,,,,*4B

$AIS,0,273212470,3,0.0,0.0,15.326220,54.826260,150.9,,-40496.28,3339.39,,1,,,,,,,,,,,,,,,*6C

$OWN,0,261187000,0,0.0,11.1,15.956480,54.797882,266.7,270.0,0.0,0.0,,1,,,,,,,,,,,,,,,*65

$WIND,,,T,,,R*12

$AIS,0,273399760,3,0.0,0.0,15.349618,54.830223,225.6,231.0,-38983.58,3767.53,,1,,,,,,,,,,,,,,,*48

$AIS,0,273212470,3,0.0,0.0,15.326220,54.826260,150.9,,-40490.59,3339.77,,1,,,,,,,,,,,,,,,*66

$OWN,0,261187000,0,100000.0,11.1,15.956390,54.797878,266.7,270.0,0.0,0.0,,1,,,,,,,,,,,,,,,*57

$WIND,,,T,,,R*12

$AIS,0,273399760,3,0.0,0.0,15.349618,54.830223,225.6,231.0,-38977.82,3767.90,,1,,,,,,,,,,,,,,,*4B

$AIS,0,273212470,3,0.0,0.0,15.326220,54.826260,150.9,,-40484.83,3340.14,,1,,,,,,,,,,,,,,,*6F

$OWN,0,261187000,0,100000.0,11.1,15.956302,54.797874,266.5,270.0,0.0,0.0,,1,,,,,,,,,,,,,,,*52

$WIND,,,T,,,R*12

$AIS,0,273399760,3,-0.0,0.0,15.349618,54.830219,225.6,231.0,-38972.12,3767.86,,1,,,,,,,,,,,,,,,*64

$AIS,0,273212470,3,0.0,0.0,15.326220,54.826260,150.9,,-40479.13,3340.51,,1,,,,,,,,,,,,,,,*65

$OWN,0,261187000,0,100000.0,11.1,15.956213,54.797871,266.4,270.0,0.0,0.0,,1,,,,,,,,,,,,,,,*57

$WIND,,,T,,,R*12

$AIS,0,273399760,3,-0.0,0.0,15.349618,54.830219,225.6,231.0,-38966.43,3768.23,,1,,,,,,,,,,,,,,,*65

$AIS,0,273212470,3,0.0,0.0,15.326220,54.826260,150.9,,-40473.43,3340.89,,1,,,,,,,,,,,,,,,*6F

$OWN,0,261187000,0,100000.0,11.1,15.956125,54.797867,266.3,271.0,0.0,0.0,,1,,,,,,,,,,,,,,,*50

$WIND,,,T,,,R*12

$AIS,0,273399760,3,-0.0,0.0,15.349618,54.830219,225.6,231.0,-38960.79,3768.61,,1,,,,,,,,,,,,,,,*6C

$AIS,0,273212470,3,0.0,0.0,15.326220,54.826260,150.9,,-40467.79,3341.26,,1,,,,,,,,,,,,,,,*67

$OWN,0,261187000,0,100000.0,11.1,15.956035,54.797863,266.3,271.0,0.0,0.0,,1,,,,,,,,,,,,,,,*54

$WIND,,,T,,,R*12

$AIS,0,273399760,3,-0.0,0.0,15.349618,54.830219,225.6,231.0,-38954.97,3768.98,,1,,,,,,,,,,,,,,,*6D

$AIS,0,273212470,3,0.0,0.0,15.326220,54.826260,150.9,,-40461.97,3341.63,,1,,,,,,,,,,,,,,,*60

$OWN,0,261187000,0,100000.0,11.1,15.955947,54.797859,266.4,272.0,0.0,0.0,,1,,,,,,,,,,,,,,,*56

$WIND,,,T,,,R*12

$AIS,0,273399760,3,-0.0,0.0,15.349618,54.830219,225.6,231.0,-38949.33,3769.36,,1,,,,,,,,,,,,,,,*6A

$AIS,0,273212470,3,0.0,0.0,15.326220,54.826260,150.9,,-40456.34,3342.00,,1,,,,,,,,,,,,,,,*6B

$OWN,0,261187000,0,100000.0,11.1,15.955856,54.797855,266.6,273.0,0.0,0.0,,1,,,,,,,,,,,,,,,*58

$WIND,,,T,,,R*12

$AIS,0,273399760,3,-0.0,0.0,15.349618,54.830219,225.6,231.0,-38943.51,3769.73,,1,,,,,,,,,,,,,,,*65

$AIS,0,273212470,3,0.0,0.0,15.326220,54.826260,150.9,,-40450.52,3342.38,,1,,,,,,,,,,,,,,,*66

$OWN,0,261187000,0,100000.0,11.1,15.955769,54.797855,266.8,274.0,0.0,0.0,,1,,,,,,,,,,,,,,,*52

$WIND,,,T,,,R*12

$AIS,0,273399760,3,-0.0,0.0,15.349618,54.830219,225.6,231.0,-38937.88,3769.68,,1,,,,,,,,,,,,,,,*68

$AIS,0,273212470,3,0.0,0.0,15.326220,54.826260,150.9,,-40444.88,3342.33,,1,,,,,,,,,,,,,,,*6F

$OWN,0,261187000,0,100000.0,11.1,15.955680,54.797855,267.1,276.0,0.0,0.0,,1,,,,,,,,,,,,,,,*5E

$WIND,,,T,,,R*12

$AIS,0,273399760,3,-0.0,0.0,15.349618,54.830219,225.6,231.0,-38932.18,3769.63,,1,,,,,,,,,,,,,,,*6F

$AIS,0,273212470,3,0.0,0.0,15.326220,54.826260,150.9,,-40439.18,3342.28,,1,,,,,,,,,,,,,,,*66

$OWN,0,261187000,0,100000.0,11.1,15.955591,54.797855,267.4,278.0,0.0,0.0,,1,,,,,,,,,,,,,,,*56

$WIND,,,T,,,R*12

$AIS,0,273399760,3,-0.0,0.0,15.349618,54.830219,225.6,231.0,-38926.48,3769.58,,1,,,,,,,,,,,,,,,*67

$OWN,0,261187000,0,100000.0,11.1,15.955503,54.797855,267.6,280.0,0.0,0.0,,1,,,,,,,,,,,,,,,*58

$WIND,,,T,,,R*12

$AIS,0,273399760,3,-0.0,0.0,15.349618,54.830219,225.6,231.0,-38920.85,3769.53,,1,,,,,,,,,,,,,,,*6B

$OWN,0,261187000,0,100000.0,11.1,15.955417,54.797855,267.9,282.0,0.0,0.0,,1,,,,,,,,,,,,,,,*51

$WIND,,,T,,,R*12

$OWN,0,261187000,0,100000.0,11.0,15.955330,54.797855,268.3,285.0,0.0,0.0,,1,,,,,,,,,,,,,,,*50

$WIND,,,T,,,R*12

$AIS,0,273399760,3,-0.2,0.0,15.349618,54.830219,225.6,231.0,-38909.70,3769.44,,1,,,,,,,,,,,,,,,*6E

$OWN,0,261187000,0,100000.0,11.0,15.955245,54.797859,268.8,288.0,0.0,0.0,,5,9161247,SNHA   ,NAWIGATOR XXI       ,99,17,43,4,6,2,5,21,12,0,3.4,SZCZECIN            *4C

$WIND,,,T,,,R*12

$AIS,0,273399760,3,-0.2,0.0,15.349618,54.830219,225.6,231.0,-38904.25,3768.97,,1,,,,,,,,,,,,,,,*6C

$OWN,0,261187000,0,100000.0,11.0,15.955162,54.797867,269.5,294.0,0.0,0.0,,5,9161247,SNHA   ,NAWIGATOR XXI       ,99,17,43,4,6,2,5,21,12,0,3.4,SZCZECIN            *46

$WIND,,,T,,,R*12

$AIS,0,273399760,3,-0.2,0.0,15.349618,54.830219,225.6,231.0,-38898.92,3768.07,,1,,,,,,,,,,,,,,,*6D

$OWN,0,261187000,0,100000.0,10.9,15.955078,54.797871,270.4,298.0,0.0,0.0,,5,9161247,SNHA   ,NAWIGATOR XXI       ,99,17,43,4,6,2,5,21,12,0,3.4,SZCZECIN            *46

$WIND,,,T,,,R*12

$AIS,0,273399760,3,-0.2,0.0,15.349618,54.830219,225.6,231.0,-38893.52,3767.60,,1,,,,,,,,,,,,,,,*64

$OWN,0,261187000,0,100000.0,10.8,15.954998,54.797882,271.5,301.0,0.0,0.0,,5,9161247,SNHA   ,NAWIGATOR XXI       ,99,17,43,4,6,2,5,21,12,0,3.4,SZCZECIN            *4C

$WIND,,,T,,,R*12

$AIS,0,273399760,3,-0.2,0.0,15.349618,54.830219,225.6,231.0,-38888.38,3766.28,,1,,,,,,,,,,,,,,,*6F

$OWN,0,261187000,0,100000.0,10.7,15.954922,54.797894,272.8,305.0,0.0,0.0,,5,9161247,SNHA   ,NAWIGATOR XXI       ,99,17,43,4,6,2,5,21,12,0,3.4,SZCZECIN            *4F

$WIND,,,T,,,R*12

$AIS,0,273399760,3,-0.2,0.0,15.349618,54.830219,225.6,231.0,-38883.48,3764.97,,1,,,,,,,,,,,,,,,*65

$OWN,0,261187000,0,100000.0,10.6,15.954846,54.797905,274.2,309.0,0.0,0.0,,5,9161247,SNHA   ,NAWIGATOR XXI       ,99,17,43,4,6,2,5,21,12,0,3.4,SZCZECIN            *44

$WIND,,,T,,,R*12

$AIS,0,273399760,3,-0.2,0.0,15.349618,54.830219,225.6,231.0,-38878.64,3763.65,,1,,,,,,,,,,,,,,,*65

$OWN,0,261187000,0,100000.0,10.4,15.954775,54.797924,275.7,312.0,0.0,0.0,,5,9161247,SNHA   ,NAWIGATOR XXI       ,99,17,43,4,6,2,5,21,12,0,3.4,SZCZECIN            *44

$WIND,,,T,,,R*12

$AIS,0,273399760,3,-0.2,0.0,15.349618,54.830219,225.6,231.0,-38874.04,3761.49,,1,,,,,,,,,,,,,,,*63

$OWN,0,261187000,0,100000.0,10.3,15.954706,54.797943,277.4,316.0,0.0,0.0,,5,9161247,SNHA   ,NAWIGATOR XXI       ,99,17,43,4,6,2,5,21,12,0,3.4,SZCZECIN            *43

$WIND,,,T,,,R*12

$AIS,0,273399760,3,-0.2,0.0,15.349618,54.830219,225.6,231.0,-38869.63,3759.33,,1,,,,,,,,,,,,,,,*68

$OWN,0,261187000,0,100000.0,10.1,15.954641,54.797962,279.1,320.0,0.0,0.0,,5,9161247,SNHA   ,NAWIGATOR XXI       ,99,17,43,4,6,2,5,21,12,0,3.4,SZCZECIN            *4E

$WIND,,,T,,,R*12

$AIS,0,273399760,3,-0.2,0.0,15.349618,54.830219,225.6,231.0,-38865.47,3757.17,,1,,,,,,,,,,,,,,,*6A

$OWN,0,261187000,0,100000.0,9.9,15.954581,54.797981,281.0,324.0,0.0,0.0,,5,9161247,SNHA   ,NAWIGATOR XXI       ,99,17,43,4,6,2,5,21,12,0,3.4,SZCZECIN            *7E

$WIND,,,T,,,R*12

$OWN,0,261187000,0,100000.0,9.7,15.954525,54.798008,283.0,328.0,0.0,0.0,,5,9161247,SNHA   ,NAWIGATOR XXI       ,99,17,43,4,6,2,5,21,12,0,3.4,SZCZECIN            *77

$WIND,,,T,,,R*12

$OWN,0,261187000,0,100000.0,9.7,15.954525,54.798008,283.0,328.0,0.0,0.0,,5,9161247,SNHA   ,NAWIGATOR XXI       ,99,17,43,4,6,2,5,21,12,0,3.4,SZCZECIN            *77

$WIND,,,T,,,R*12

$OWN,0,261187000,0,100000.0,9.5,15.954473,54.798031,285.1,332.0,0.0,0.0,,5,9161247,SNHA   ,NAWIGATOR XXI       ,99,17,43,4,6,2,5,21,12,0,3.4,SZCZECIN            *71

$WIND,,,T,,,R*12

$OWN,0,261187000,0,100000.0,9.3,15.954425,54.798054,287.4,335.0,0.0,0.0,,5,9161247,SNHA   ,NAWIGATOR XXI       ,99,17,43,4,6,2,5,21,12,0,3.4,SZCZECIN            *77

$WIND,,,T,,,R*12

$OWN,0,261187000,0,100000.0,9.1,15.954382,54.798084,289.8,339.0,0.0,0.0,,5,9161247,SNHA   ,NAWIGATOR XXI       ,99,17,43,4,6,2,5,21,12,0,3.4,SZCZECIN            *7C

$WIND,,,T,,,R*12

$OWN,0,261187000,0,100000.0,8.8,15.954344,54.798111,292.3,343.0,0.0,0.0,,5,9161247,SNHA   ,NAWIGATOR XXI       ,99,17,43,4,6,2,5,21,12,0,3.4,SZCZECIN            *7F

$WIND,,,T,,,R*12

$OWN,0,261187000,0,100000.0,8.6,15.954309,54.798141,294.8,346.0,0.0,0.0,,5,9161247,SNHA   ,NAWIGATOR XXI       ,99,17,43,4,6,2,5,21,12,0,3.4,SZCZECIN            *75

$WIND,,,T,,,R*12

$OWN,0,261187000,0,100000.0,8.4,15.954278,54.798168,297.3,350.0,0.0,0.0,,5,9161247,SNHA   ,NAWIGATOR XXI       ,99,17,43,4,6,2,5,21,12,0,3.4,SZCZECIN            *74

$WIND,,,T,,,R*12

$OWN,0,261187000,0,100000.0,8.1,15.954250,54.798195,300.0,353.0,0.0,0.0,,5,9161247,SNHA   ,NAWIGATOR XXI       ,99,17,43,4,6,2,5,21,12,0,3.4,SZCZECIN            *76

$WIND,,,T,,,R*12

$OWN,0,261187000,0,100000.0,7.9,15.954228,54.798225,302.7,356.0,0.0,0.0,,5,9161247,SNHA   ,NAWIGATOR XXI       ,99,17,43,4,6,2,5,21,12,0,3.4,SZCZECIN            *76

$WIND,,,T,,,R*12

$OWN,0,261187000,0,100000.0,7.6,15.954208,54.798256,305.4,0.0,0.0,0.0,,5,9161247,SNHA   ,NAWIGATOR XXI       ,99,17,43,4,6,2,5,21,12,0,3.4,SZCZECIN            *7B

$WIND,,,T,,,R*12

$OWN,0,261187000,0,100000.0,7.2,15.954182,54.798309,311.2,3.0,0.0,0.0,,5,9161247,SNHA   ,NAWIGATOR XXI       ,99,17,43,4,6,2,5,21,12,0,3.4,SZCZECIN            *75

$WIND,,,T,,,R*12

$OWN,0,261187000,0,100000.0,6.8,15.954164,54.798367,316.9,7.0,0.0,0.0,,5,9161247,SNHA   ,NAWIGATOR XXI       ,99,17,43,4,6,2,5,21,12,0,3.4,SZCZECIN            *76

$WIND,,,T,,,R*12

$OWN,0,261187000,0,100000.0,6.6,15.954160,54.798393,319.8,10.0,0.0,0.0,,5,9161247,SNHA   ,NAWIGATOR XXI       ,99,17,43,4,6,2,5,21,12,0,3.4,SZCZECIN            *4F

$WIND,,,T,,,R*12

$OWN,0,261187000,0,100000.0,6.4,15.954157,54.798420,322.9,13.0,0.0,0.0,,5,9161247,SNHA   ,NAWIGATOR XXI       ,99,17,43,4,6,2,5,21,12,0,3.4,SZCZECIN            *4C

$WIND,,,T,,,R*12

$OWN,0,261187000,0,100000.0,6.2,15.954160,54.798447,326.1,16.0,0.0,0.0,,5,9161247,SNHA   ,NAWIGATOR XXI       ,99,17,43,4,6,2,5,21,12,0,3.4,SZCZECIN            *46

$WIND,,,T,,,R*12

$OWN,0,261187000,0,100000.0,6.0,15.954166,54.798473,329.3,20.0,0.0,0.0,,5,9161247,SNHA   ,NAWIGATOR XXI       ,99,17,43,4,6,2,5,21,12,0,3.4,SZCZECIN            *4D

$WIND,,,T,,,R*12

$OWN,0,261187000,0,100000.0,6.0,15.954166,54.798473,329.3,23.0,0.0,0.0,,5,9161247,SNHA   ,NAWIGATOR XXI       ,99,17,43,4,6,2,5,21,12,0,3.4,SZCZECIN            *4E

$WIND,,,T,,,R*12

$OWN,0,261187000,0,100000.0,5.8,15.954175,54.798496,332.7,26.0,0.0,0.0,,5,9161247,SNHA   ,NAWIGATOR XXI       ,99,17,43,4,6,2,5,21,12,0,3.4,SZCZECIN            *47

$WIND,,,T,,,R*12

$OWN,0,261187000,0,100000.0,5.7,15.954185,54.798523,336.0,29.0,0.0,0.0,,5,9161247,SNHA   ,NAWIGATOR XXI       ,99,17,43,4,6,2,5,21,12,0,3.4,SZCZECIN            *44

$WIND,,,T,,,R*12

$OWN,0,261187000,0,100000.0,5.4,15.954208,54.798565,342.3,32.0,0.0,0.0,,5,9161247,SNHA   ,NAWIGATOR XXI       ,99,17,43,4,6,2,5,21,12,0,3.4,SZCZECIN            *49

$WIND,,,T,,,R*12

$OWN,0,261187000,0,100000.0,5.3,15.954224,54.798592,345.6,35.0,0.0,0.0,,5,9161247,SNHA   ,NAWIGATOR XXI       ,99,17,43,4,6,2,5,21,12,0,3.4,SZCZECIN            *4D

$WIND,,,T,,,R*12

$OWN,0,261187000,0,100000.0,5.2,15.954240,54.798611,348.8,38.0,0.0,0.0,,5,9161247,SNHA   ,NAWIGATOR XXI       ,99,17,43,4,6,2,5,21,12,0,3.4,SZCZECIN            *48

$WIND,,,T,,,R*12

$OWN,0,261187000,0,100000.0,5.1,15.954258,54.798630,352.2,42.0,0.0,0.0,,5,9161247,SNHA   ,NAWIGATOR XXI       ,99,17,43,4,6,2,5,21,12,0,3.4,SZCZECIN            *4D

$WIND,,,T,,,R*12

$OWN,0,261187000,0,100000.0,5.1,15.954258,54.798630,352.2,45.0,0.0,0.0,,5,9161247,SNHA   ,NAWIGATOR XXI       ,99,17,43,4,6,2,5,21,12,0,3.4,SZCZECIN            *4A

$WIND,,,T,,,R*12

$OWN,0,261187000,0,100000.0,4.9,15.954280,54.798649,355.6,48.0,0.0,0.0,,5,9161247,SNHA   ,NAWIGATOR XXI       ,99,17,43,4,6,2,5,21,12,0,3.4,SZCZECIN            *46

$WIND,,,T,,,R*12

$OWN,0,261187000,0,100000.0,4.8,15.954304,54.798668,359.0,51.0,0.0,0.0,,5,9161247,SNHA   ,NAWIGATOR XXI       ,99,17,43,4,6,2,5,21,12,0,3.4,SZCZECIN            *4B

$WIND,,,T,,,R*12

$OWN,0,261187000,0,100000.0,4.8,15.954325,54.798687,2.4,54.0,0.0,0.0,,5,9161247,SNHA   ,NAWIGATOR XXI       ,99,17,43,4,6,2,5,21,12,0,3.4,SZCZECIN            *45

$WIND,,,T,,,R*12

$OWN,0,261187000,0,100000.0,4.7,15.954350,54.798702,5.8,57.0,0.0,0.0,,5,9161247,SNHA   ,NAWIGATOR XXI       ,99,17,43,4,6,2,5,21,12,0,3.4,SZCZECIN            *4C

$WIND,,,T,,,R*12

$OWN,0,261187000,0,100000.0,4.6,15.954376,54.798717,9.2,60.0,0.0,0.0,,5,9161247,SNHA   ,NAWIGATOR XXI       ,99,17,43,4,6,2,5,21,12,0,3.4,SZCZECIN            *4F

$WIND,,,T,,,R*12

$OWN,0,261187000,0,100000.0,4.5,15.954405,54.798733,12.6,63.0,0.0,0.0,,5,9161247,SNHA   ,NAWIGATOR XXI       ,99,17,43,4,6,2,5,21,12,0,3.4,SZCZECIN            *74

$WIND,,,T,,,R*12

$OWN,0,261187000,0,100000.0,4.4,15.954433,54.798748,16.1,66.0,0.0,0.0,,5,9161247,SNHA   ,NAWIGATOR XXI       ,99,17,43,4,6,2,5,21,12,0,3.4,SZCZECIN            *7A

$WIND,,,T,,,R*12

$OWN,0,261187000,0,100000.0,4.4,15.954463,54.798763,19.3,69.0,0.0,0.0,,5,9161247,SNHA   ,NAWIGATOR XXI       ,99,17,43,4,6,2,5,21,12,0,3.4,SZCZECIN            *74

$WIND,,,T,,,R*12

$OWN,0,261187000,0,100000.0,4.3,15.954523,54.798786,25.9,72.0,0.0,0.0,,5,9161247,SNHA   ,NAWIGATOR XXI       ,99,17,43,4,6,2,5,21,12,0,3.4,SZCZECIN            *72

$WIND,,,T,,,R*12

$OWN,0,261187000,0,100000.0,4.2,15.954556,54.798794,29.4,75.0,0.0,0.0,,5,9161247,SNHA   ,NAWIGATOR XXI       ,99,17,43,4,6,2,5,21,12,0,3.4,SZCZECIN            *74

$WIND,,,T,,,R*12

$OWN,0,261187000,0,100000.0,4.2,15.954590,54.798805,32.7,78.0,0.0,0.0,,5,9161247,SNHA   ,NAWIGATOR XXI       ,99,17,43,4,6,2,5,21,12,0,3.4,SZCZECIN            *7D

$WIND,,,T,,,R*12

$OWN,0,261187000,0,100000.0,4.2,15.954623,54.798813,35.9,81.0,0.0,0.0,,5,9161247,SNHA   ,NAWIGATOR XXI       ,99,17,43,4,6,2,5,21,12,0,3.4,SZCZECIN            *7E

$WIND,,,T,,,R*12

$OWN,0,261187000,0,100000.0,4.2,15.954623,54.798813,35.9,83.0,0.0,0.0,,5,9161247,SNHA   ,NAWIGATOR XXI       ,99,17,43,4,6,2,5,21,12,0,3.4,SZCZECIN            *7C

$WIND,,,T,,,R*12

$OWN,0,261187000,0,100000.0,4.1,15.954657,54.798820,39.0,86.0,0.0,0.0,,5,9161247,SNHA   ,NAWIGATOR XXI       ,99,17,43,4,6,2,5,21,12,0,3.4,SZCZECIN            *7C

$WIND,,,T,,,R*12

$OWN,0,261187000,0,100000.0,4.1,15.954690,54.798828,42.2,89.0,0.0,0.0,,5,9161247,SNHA   ,NAWIGATOR XXI       ,99,17,43,4,6,2,5,21,12,0,3.4,SZCZECIN            *7E

$WIND,,,T,,,R*12

$OWN,0,261187000,0,100000.0,4.1,15.954725,54.798832,45.5,92.0,0.0,0.0,,5,9161247,SNHA   ,NAWIGATOR XXI       ,99,17,43,4,6,2,5,21,12,0,3.4,SZCZECIN            *70

$WIND,,,T,,,R*12

$OWN,0,261187000,0,100000.0,4.0,15.954760,54.798836,48.7,95.0,0.0,0.0,,5,9161247,SNHA   ,NAWIGATOR XXI       ,99,17,43,4,6,2,5,21,12,0,3.4,SZCZECIN            *7C

$WIND,,,T,,,R*12

$OWN,0,261187000,0,100000.0,4.0,15.954793,54.798840,51.8,98.0,0.0,0.0,,5,9161247,SNHA   ,NAWIGATOR XXI       ,99,17,43,4,6,2,5,21,12,0,3.4,SZCZECIN            *7B

$WIND,,,T,,,R*12

$OWN,0,261187000,0,100000.0,4.0,15.954830,54.798843,54.9,101.0,0.0,0.0,,5,9161247,SNHA   ,NAWIGATOR XXI       ,99,17,43,4,6,2,5,21,12,0,3.4,SZCZECIN            *4B

$WIND,,,T,,,R*12

$OWN,0,261187000,0,100000.0,3.9,15.954900,54.798843,60.9,104.0,0.0,0.0,,5,9161247,SNHA   ,NAWIGATOR XXI       ,99,17,43,4,6,2,5,21,12,0,3.4,SZCZECIN            *45

$WIND,,,T,,,R*12

$AIS,0,273370640,3,6.4,0.0,15.355489,54.832829,,343.0,-38502.46,3946.36,,1,,,,,,,,,,,,,,,*66

$OWN,0,261187000,0,100000.0,3.9,15.954933,54.798843,64.0,106.0,0.0,0.0,,5,9161247,SNHA   ,NAWIGATOR XXI       ,99,17,43,4,6,2,5,21,12,0,3.4,SZCZECIN            *4A

$WIND,,,T,,,R*12

$AIS,0,273370640,3,6.4,0.0,15.355489,54.832829,,343.0,-38504.60,3946.38,,1,,,,,,,,,,,,,,,*6A

$OWN,0,261187000,0,100000.0,3.9,15.954968,54.798843,67.0,109.0,0.0,0.0,,5,9161247,SNHA   ,NAWIGATOR XXI       ,99,17,43,4,6,2,5,21,12,0,3.4,SZCZECIN            *48

$WIND,,,T,,,R*12

$AIS,0,273370640,3,6.4,0.0,15.355489,54.832829,,343.0,-38506.87,3946.40,,1,,,,,,,,,,,,,,,*6E

$OWN,0,261187000,0,100000.0,3.9,15.954968,54.798843,67.0,112.0,0.0,0.0,,5,9161247,SNHA   ,NAWIGATOR XXI       ,99,17,43,4,6,2,5,21,12,0,3.4,SZCZECIN            *42

$WIND,,,T,,,R*12

$AIS,0,273370640,3,6.4,0.0,15.355489,54.832829,,343.0,-38506.87,3946.40,,1,,,,,,,,,,,,,,,*6E

$OWN,0,261187000,0,100000.0,3.9,15.955002,54.798840,69.9,115.0,0.0,0.0,,5,9161247,SNHA   ,NAWIGATOR XXI       ,99,17,43,4,6,2,5,21,12,0,3.4,SZCZECIN            *45

$WIND,,,T,,,R*12

$AIS,0,273370640,3,6.4,0.0,15.355489,54.832829,,343.0,-38509.02,3946.84,,1,,,,,,,,,,,,,,,*64

$AIS,0,273399760,3,-0.0,0.0,15.349628,54.830215,225.6,231.0,-38887.95,3659.31,,1,,,,,,,,,,,,,,,*6F

$OWN,0,261187000,0,100000.0,3.9,15.955037,54.798836,72.9,118.0,0.0,0.0,,5,9161247,SNHA   ,NAWIGATOR XXI       ,99,17,43,4,6,2,5,21,12,0,3.4,SZCZECIN            *45

$WIND,,,T,,,R*12

$AIS,0,273370640,3,6.4,0.0,15.355489,54.832829,,343.0,-38511.28,3947.28,,1,,,,,,,,,,,,,,,*62

$AIS,0,273399760,3,-0.0,0.0,15.349628,54.830215,225.6,231.0,-38890.22,3659.75,,1,,,,,,,,,,,,,,,*65

$OWN,0,261187000,0,100000.0,3.9,15.955070,54.798828,75.9,120.0,0.0,0.0,,5,9161247,SNHA   ,NAWIGATOR XXI       ,99,17,43,4,6,2,5,21,12,0,3.4,SZCZECIN            *45

$WIND,,,T,,,R*12

$AIS,0,273370640,3,6.4,0.0,15.355489,54.832829,,343.0,-38513.36,3948.15,,1,,,,,,,,,,,,,,,*6E

$AIS,0,273399760,3,-0.0,0.0,15.349628,54.830215,225.6,231.0,-38892.30,3660.62,,1,,,,,,,,,,,,,,,*68

$OWN,0,261187000,0,100000.0,3.8,15.955102,54.798824,78.9,123.0,0.0,0.0,,1,,,,,,,,,,,,,,,*57

$WIND,,,T,,,R*12

$AIS,0,273370640,3,6.4,0.0,15.355489,54.832829,,343.0,-38515.45,3948.59,,1,,,,,,,,,,,,,,,*64

$AIS,0,273399760,3,-0.0,0.0,15.349628,54.830215,225.6,231.0,-38894.39,3661.06,,1,,,,,,,,,,,,,,,*64

$OWN,0,261187000,0,100000.0,3.8,15.955135,54.798817,81.9,126.0,0.0,0.0,,1,,,,,,,,,,,,,,,*50

$WIND,,,T,,,R*12

$AIS,0,273370640,3,6.4,0.0,15.355489,54.832829,,343.0,-38517.59,3949.46,,1,,,,,,,,,,,,,,,*64

$AIS,0,273399760,3,-0.0,0.0,15.349628,54.830215,225.6,231.0,-38896.53,3661.93,,1,,,,,,,,,,,,,,,*66

$OWN,0,261187000,0,100000.0,3.8,15.955198,54.798805,87.6,129.0,0.0,0.0,,1,,,,,,,,,,,,,,,*52

$WIND,,,T,,,R*12

$AIS,0,273370640,3,6.4,0.0,15.355489,54.832829,,343.0,-38521.63,3950.77,,1,,,,,,,,,,,,,,,*62

$AIS,0,273399760,3,-0.0,0.0,15.349628,54.830215,225.6,231.0,-38900.57,3663.24,,1,,,,,,,,,,,,,,,*62

$OWN,0,261187000,0,100000.0,3.8,15.955229,54.798794,90.4,132.0,0.0,0.0,,1,,,,,,,,,,,,,,,*52

$WIND,,,T,,,R*12

$AIS,0,273370640,3,6.4,0.0,15.355489,54.832829,,343.0,-38523.59,3952.06,,1,,,,,,,,,,,,,,,*6D

$AIS,0,273399760,3,-0.0,0.0,15.349628,54.830215,225.6,231.0,-38902.53,3664.53,,1,,,,,,,,,,,,,,,*63

$AIS,0,273212470,3,0.0,0.0,15.326220,54.826256,152.9,250.0,-40410.21,3237.17,,1,,,,,,,,,,,,,,,*46

$OWN,0,261187000,0,100000.0,3.8,15.955256,54.798786,93.3,134.0,0.0,0.0,,1,,,,,,,,,,,,,,,*5B

$WIND,,,T,,,R*12

$AIS,0,273399760,3,-0.0,0.0,15.349628,54.830215,225.6,231.0,-38904.31,3665.39,,1,,,,,,,,,,,,,,,*6C

$AIS,0,273212470,3,0.0,0.0,15.326220,54.826256,152.9,250.0,-40411.98,3238.03,,1,,,,,,,,,,,,,,,*4F

$OWN,0,261187000,0,100000.0,3.8,15.955285,54.798775,96.1,137.0,0.0,0.0,,1,,,,,,,,,,,,,,,*5D

$WIND,,,T,,,R*12

$AIS,0,273399760,3,-0.0,0.0,15.349628,54.830215,225.6,231.0,-38906.15,3666.68,,1,,,,,,,,,,,,,,,*6F

$AIS,0,273212470,3,0.0,0.0,15.326220,54.826256,152.9,250.0,-40413.82,3239.32,,1,,,,,,,,,,,,,,,*45

$OWN,0,261187000,0,100000.0,3.8,15.955285,54.798775,96.1,140.0,0.0,0.0,,1,,,,,,,,,,,,,,,*5D

$WIND,,,T,,,R*12

$AIS,0,273399760,3,-0.0,0.0,15.349628,54.830215,225.6,231.0,-38906.15,3666.68,,1,,,,,,,,,,,,,,,*6F

$AIS,0,273212470,3,0.0,0.0,15.326220,54.826256,152.9,250.0,-40413.82,3239.32,,1,,,,,,,,,,,,,,,*45

$OWN,0,261187000,0,100000.0,3.8,15.955314,54.798763,99.0,143.0,0.0,0.0,,1,,,,,,,,,,,,,,,*5E

$WIND,,,T,,,R*12

$AIS,0,273399760,3,-0.0,0.0,15.349628,54.830215,225.6,231.0,-38907.99,3667.97,,1,,,,,,,,,,,,,,,*6B

$AIS,0,273212470,3,0.0,0.0,15.326220,54.826256,152.9,250.0,-40415.66,3240.61,,1,,,,,,,,,,,,,,,*41

$OWN,0,261187000,0,100000.0,3.8,15.955340,54.798752,101.8,146.0,0.0,0.0,,1,,,,,,,,,,,,,,,*60

$WIND,,,T,,,R*12

$AIS,0,273212470,3,0.0,0.0,15.326220,54.826256,152.9,250.0,-40419.09,3243.19,,1,,,,,,,,,,,,,,,*48

$AIS,0,273418880,0,0.0,0.3,15.458226,54.812565,56.7,109.0,-31949.31,1651.60,,1,,,,,,,,,,,,,,,*75

$OWN,0,261187000,0,100000.0,3.7,15.955390,54.798725,107.2,149.0,0.0,0.0,,1,,,,,,,,,,,,,,,*61

$WIND,,,T,,,R*12

$AIS,0,273212470,3,0.0,0.0,15.326220,54.826256,152.9,250.0,-40420.56,3244.90,,1,,,,,,,,,,,,,,,*4E

$AIS,0,273418880,0,0.0,0.3,15.458226,54.812565,56.7,109.0,-31950.78,1653.31,,1,,,,,,,,,,,,,,,*76

$OWN,0,261187000,0,100000.0,3.7,15.955390,54.798725,107.2,149.0,0.0,0.0,,1,,,,,,,,,,,,,,,*61

$WIND,,,T,,,R*12

$AIS,0,273212470,3,0.0,0.0,15.326220,54.826256,152.9,250.0,-40422.03,3246.19,,1,,,,,,,,,,,,,,,*4F

$AIS,0,273418880,0,0.0,0.3,15.458226,54.812565,56.7,109.0,-31952.25,1654.60,,1,,,,,,,,,,,,,,,*7F

$AIS,0,273418870,0,0.0,0.2,15.282311,54.828846,104.3,66.0,-43240.06,3560.61,,1,,,,,,,,,,,,,,,*71

$OWN,0,261187000,0,100000.0,3.7,15.955413,54.798714,109.9,152.0,0.0,0.0,,1,,,,,,,,,,,,,,,*60

$WIND,,,T,,,R*12

$AIS,0,273212470,3,0.0,0.0,15.326220,54.826256,152.9,250.0,-40423.56,3247.90,,1,,,,,,,,,,,,,,,*4E

$AIS,0,273418880,0,0.0,0.3,15.458226,54.812565,56.7,109.0,-31953.79,1656.31,,1,,,,,,,,,,,,,,,*71

$AIS,0,273418870,0,0.0,0.2,15.282311,54.828846,104.3,66.0,-43241.60,3562.32,,1,,,,,,,,,,,,,,,*74

$OWN,0,261187000,0,100000.0,3.7,15.955457,54.798683,115.5,157.0,0.0,0.0,,1,,,,,,,,,,,,,,,*6B

$WIND,,,T,,,R*12

$AIS,0,273212470,3,0.0,0.0,15.326220,54.826256,152.9,250.0,-40424.85,3249.61,,1,,,,,,,,,,,,,,,*47

$AIS,0,273418880,0,0.0,0.3,15.458226,54.812565,56.7,109.0,-31955.07,1658.01,,1,,,,,,,,,,,,,,,*73

$AIS,0,273418870,0,0.0,0.2,15.282311,54.828846,104.3,66.0,-43242.88,3564.03,,1,,,,,,,,,,,,,,,*75

$OWN,0,261187000,0,100000.0,3.7,15.955477,54.798672,118.3,160.0,0.0,0.0,,1,,,,,,,,,,,,,,,*68

$WIND,,,T,,,R*12

$AIS,0,273212470,3,0.0,0.0,15.326220,54.826256,152.9,250.0,-40426.14,3250.89,,1,,,,,,,,,,,,,,,*43

$AIS,0,273418880,0,0.0,0.3,15.458226,54.812565,56.7,109.0,-31956.36,1659.30,,1,,,,,,,,,,,,,,,*71

$AIS,0,273418870,0,0.0,0.2,15.282311,54.828846,104.3,66.0,-43244.17,3565.32,,1,,,,,,,,,,,,,,,*76

$AIS,0,273370640,3,-7.5,0.0,15.355500,54.832798,,343.0,-38538.82,3962.38,,1,,,,,,,,,,,,,,,*47

$OWN,0,261187000,0,100000.0,3.7,15.955495,54.798653,121.1,163.0,0.0,0.0,,1,,,,,,,,,,,,,,,*6C

$WIND,,,T,,,R*12

$AIS,0,273418880,0,0.0,0.3,15.458226,54.812565,56.7,109.0,-31957.53,1661.43,,1,,,,,,,,,,,,,,,*7C

$AIS,0,273418870,0,0.0,0.2,15.282311,54.828846,104.3,66.0,-43245.33,3567.45,,1,,,,,,,,,,,,,,,*73

$AIS,0,273370640,3,-7.5,0.0,15.355500,54.832798,,343.0,-38539.98,3964.51,,1,,,,,,,,,,,,,,,*44

$OWN,0,261187000,0,100000.0,3.7,15.955512,54.798637,123.8,165.0,0.0,0.0,,1,,,,,,,,,,,,,,,*6D

$WIND,,,T,,,R*12

$AIS,0,273418880,0,0.0,0.3,15.458226,54.812565,56.7,109.0,-31958.63,1663.13,,1,,,,,,,,,,,,,,,*77

$AIS,0,273418870,0,0.0,0.2,15.282311,54.828846,104.3,66.0,-43246.44,3569.16,,1,,,,,,,,,,,,,,,*78

$AIS,0,273370640,3,-7.5,0.0,15.355500,54.832798,,343.0,-38541.08,3966.22,,1,,,,,,,,,,,,,,,*44

$OWN,0,261187000,0,100000.0,3.7,15.955512,54.798637,123.8,168.0,0.0,0.0,,1,,,,,,,,,,,,,,,*60

$WIND,,,T,,,R*12

$AIS,0,273418880,0,0.0,0.3,15.458226,54.812565,56.7,109.0,-31958.63,1663.13,,1,,,,,,,,,,,,,,,*77

$AIS,0,273418870,0,0.0,0.2,15.282311,54.828846,104.3,66.0,-43246.44,3569.16,,1,,,,,,,,,,,,,,,*78

$AIS,0,273370640,3,-7.5,0.0,15.355500,54.832798,,343.0,-38541.08,3966.22,,1,,,,,,,,,,,,,,,*44

$OWN,0,261187000,0,100000.0,3.7,15.955528,54.798622,126.4,171.0,0.0,0.0,,1,,,,,,,,,,,,,,,*6C

$WIND,,,T,,,R*12

$AIS,0,273418880,0,0.0,0.3,15.458226,54.812565,56.7,109.0,-31959.67,1664.84,,1,,,,,,,,,,,,,,,*7B

$AIS,0,273418870,0,0.0,0.2,15.282311,54.828846,104.3,66.0,-43247.48,3570.87,,1,,,,,,,,,,,,,,,*75

$AIS,0,273370640,3,-7.5,0.0,15.355500,54.832798,,343.0,-38542.12,3967.92,,1,,,,,,,,,,,,,,,*46

$AIS,0,273399760,3,-0.2,0.0,15.349653,54.830215,225.6,231.0,-38920.18,3683.78,,1,,,,,,,,,,,,,,,*62

$OWN,0,261187000,0,100000.0,3.7,15.955544,54.798607,129.0,174.0,0.0,0.0,,1,,,,,,,,,,,,,,,*6F

$WIND,,,T,,,R*12

$AIS,0,273418870,0,0.0,0.2,15.282311,54.828846,104.3,66.0,-43248.46,3572.58,,1,,,,,,,,,,,,,,,*74

$AIS,0,273370640,3,-7.5,0.0,15.355500,54.832798,,343.0,-38543.10,3969.63,,1,,,,,,,,,,,,,,,*45

$AIS,0,273399760,3,-0.2,0.0,15.349653,54.830215,225.6,231.0,-38921.16,3685.49,,1,,,,,,,,,,,,,,,*69

$OWN,0,261187000,0,100000.0,3.7,15.955555,54.798588,131.8,176.0,0.0,0.0,,1,,,,,,,,,,,,,,,*68

$WIND,,,T,,,R*12

$AIS,0,273418870,0,0.0,0.2,15.282311,54.828846,104.3,66.0,-43249.19,3574.71,,1,,,,,,,,,,,,,,,*72

$AIS,0,273370640,3,-7.5,0.0,15.355500,54.832798,,343.0,-38543.84,3971.76,,1,,,,,,,,,,,,,,,*45

$AIS,0,273399760,3,-0.2,0.0,15.349653,54.830215,225.6,231.0,-38921.89,3687.62,,1,,,,,,,,,,,,,,,*64

$OWN,0,261187000,0,100000.0,3.7,15.955568,54.798569,134.5,179.0,0.0,0.0,,1,,,,,,,,,,,,,,,*6E

$WIND,,,T,,,R*12

$AIS,0,273418870,0,0.0,0.2,15.282311,54.828846,104.3,66.0,-43250.05,3576.84,,1,,,,,,,,,,,,,,,*7F

$AIS,0,273370640,3,-7.5,0.0,15.355500,54.832798,,343.0,-38544.70,3973.89,,1,,,,,,,,,,,,,,,*4B

$AIS,0,273399760,3,-0.2,0.0,15.349653,54.830215,225.6,231.0,-38922.75,3689.75,,1,,,,,,,,,,,,,,,*6C

$OWN,0,261187000,0,100000.0,3.7,15.955579,54.798553,137.0,182.0,0.0,0.0,,1,,,,,,,,,,,,,,,*65

$WIND,,,T,,,R*12

$AIS,0,273370640,3,-7.5,0.0,15.355500,54.832798,,343.0,-38545.37,3975.59,,1,,,,,,,,,,,,,,,*42

$AIS,0,273399760,3,-0.2,0.0,15.349653,54.830215,225.6,231.0,-38923.42,3691.45,,1,,,,,,,,,,,,,,,*63

$OWN,0,261187000,0,100000.0,3.7,15.955586,54.798534,139.8,185.0,0.0,0.0,,1,,,,,,,,,,,,,,,*65

$WIND,,,T,,,R*12

$AIS,0,273370640,3,-7.5,0.0,15.355500,54.832798,,343.0,-38545.86,3977.72,,1,,,,,,,,,,,,,,,*43

$AIS,0,273399760,3,-0.2,0.0,15.349653,54.830215,225.6,231.0,-38923.91,3693.58,,1,,,,,,,,,,,,,,,*63

$OWN,0,261187000,0,100000.0,3.6,15.955595,54.798515,142.5,188.0,0.0,0.0,,1,,,,,,,,,,,,,,,*69

$WIND,,,T,,,R*12

$AIS,0,273370640,3,-7.5,0.0,15.355500,54.832798,,343.0,-38546.41,3979.84,,1,,,,,,,,,,,,,,,*4C

$AIS,0,273399760,3,-0.2,0.0,15.349653,54.830215,225.6,231.0,-38924.47,3695.71,,1,,,,,,,,,,,,,,,*62

$AIS,0,273212470,3,0.0,0.0,15.326220,54.826256,129.8,250.0,-40433.73,3268.37,,1,,,,,,,,,,,,,,,*45

$OWN,0,261187000,0,100000.0,3.6,15.955602,54.798500,144.9,190.0,0.0,0.0,,1,,,,,,,,,,,,,,,*63

$WIND,,,T,,,R*12

$AIS,0,273370640,3,-0.7,0.0,15.355487,54.832813,,343.0,-38547.68,3983.25,,5,9682423,UBAN4 @,MURMAN@@@@@@@@@@@@@@,90,34,53,8,10,2,5,31,0,0,6.4,OFFSHORE@@@@@@@@@@@@*2B

$AIS,0,273399760,3,-0.2,0.0,15.349653,54.830215,225.6,231.0,-38924.89,3697.41,,1,,,,,,,,,,,,,,,*61

$AIS,0,273212470,3,0.0,0.0,15.326220,54.826256,129.8,250.0,-40434.16,3270.07,,1,,,,,,,,,,,,,,,*4B

$OWN,0,261187000,0,100000.0,3.6,15.955606,54.798481,147.4,193.0,0.0,0.0,,1,,,,,,,,,,,,,,,*62

$WIND,,,T,,,R*12

$AIS,0,273370640,3,-0.7,0.0,15.355487,54.832813,,343.0,-38547.99,3985.38,,5,9682423,UBAN4 @,MURMAN@@@@@@@@@@@@@@,90,34,53,8,10,2,5,31,0,0,6.4,OFFSHORE@@@@@@@@@@@@*2F

$AIS,0,273399760,3,-0.2,0.0,15.349653,54.830215,225.6,231.0,-38925.20,3699.53,,1,,,,,,,,,,,,,,,*6E

$AIS,0,273212470,3,0.0,0.0,15.326220,54.826256,129.8,250.0,-40434.47,3272.19,,1,,,,,,,,,,,,,,,*42

$OWN,0,261187000,0,100000.0,3.6,15.955611,54.798462,150.0,196.0,0.0,0.0,,1,,,,,,,,,,,,,,,*6E

$WIND,,,T,,,R*12

$AIS,0,273370640,3,-0.7,0.0,15.355487,54.832813,,343.0,-38548.30,3987.50,,5,9682423,UBAN4 @,MURMAN@@@@@@@@@@@@@@,90,34,53,8,10,2,5,31,0,0,6.4,OFFSHORE@@@@@@@@@@@@*2F

$AIS,0,273399760,3,-0.2,0.0,15.349653,54.830215,225.6,231.0,-38925.51,3701.66,,1,,,,,,,,,,,,,,,*6E

$AIS,0,273212470,3,0.0,0.0,15.326220,54.826256,129.8,250.0,-40434.78,3274.32,,1,,,,,,,,,,,,,,,*41

$AIS,0,273418880,0,0.0,0.4,15.458273,54.812580,58.2,108.0,-31961.99,1684.38,,1,,,,,,,,,,,,,,,*7E

$OWN,0,261187000,0,100000.0,3.6,15.955613,54.798447,152.6,198.0,0.0,0.0,,1,,,,,,,,,,,,,,,*61

$WIND,,,T,,,R*12

$AIS,0,273370640,3,-0.7,0.0,15.355487,54.832813,,343.0,-38548.42,3989.20,,5,9682423,UBAN4 @,MURMAN@@@@@@@@@@@@@@,90,34,53,8,10,2,5,31,0,0,6.4,OFFSHORE@@@@@@@@@@@@*23

$AIS,0,273399760,3,0.2,0.0,15.349648,54.830219,225.6,231.0,-38925.93,3703.78,,1,,,,,,,,,,,,,,,*46

$AIS,0,273212470,3,0.0,0.0,15.326220,54.826256,129.8,250.0,-40434.90,3276.02,,1,,,,,,,,,,,,,,,*46

$AIS,0,273418880,0,0.0,0.4,15.458273,54.812580,58.2,108.0,-31962.11,1686.08,,1,,,,,,,,,,,,,,,*7C

$OWN,0,261187000,0,100000.0,3.6,15.955615,54.798424,155.2,201.0,0.0,0.0,,1,,,,,,,,,,,,,,,*62

$WIND,,,T,,,R*12

$AIS,0,273370640,3,-0.7,0.0,15.355487,54.832813,,343.0,-38548.54,3991.75,,5,9682423,UBAN4 @,MURMAN@@@@@@@@@@@@@@,90,34,53,8,10,2,5,31,0,0,6.4,OFFSHORE@@@@@@@@@@@@*2D

$AIS,0,273399760,3,0.2,0.0,15.349648,54.830219,225.6,231.0,-38926.05,3706.33,,1,,,,,,,,,,,,,,,*40

$AIS,0,273212470,3,0.0,0.0,15.326220,54.826256,129.8,250.0,-40435.02,3278.57,,1,,,,,,,,,,,,,,,*42

$AIS,0,273418880,0,0.0,0.4,15.458273,54.812580,58.2,108.0,-31962.23,1688.63,,1,,,,,,,,,,,,,,,*7E

$OWN,0,261187000,0,100000.0,3.6,15.955613,54.798409,157.9,204.0,0.0,0.0,,1,,,,,,,,,,,,,,,*67

$WIND,,,T,,,R*12

$AIS,0,273370640,3,-0.7,0.0,15.355487,54.832813,,343.0,-38548.42,3993.45,,5,9682423,UBAN4 @,MURMAN@@@@@@@@@@@@@@,90,34,53,8,10,2,5,31,0,0,6.4,OFFSHORE@@@@@@@@@@@@*2B

$AIS,0,273399760,3,0.2,0.0,15.349648,54.830219,225.6,231.0,-38925.93,3708.03,,1,,,,,,,,,,,,,,,*41

$AIS,0,273212470,3,0.0,0.0,15.326220,54.826256,129.8,250.0,-40434.90,3280.26,,1,,,,,,,,,,,,,,,*49

$AIS,0,273418880,0,0.0,0.4,15.458273,54.812580,58.2,108.0,-31962.11,1690.32,,1,,,,,,,,,,,,,,,*72

$AIS,0,273418870,0,0.0,0.2,15.282347,54.828846,101.6,67.0,-43250.66,3594.67,,1,,,,,,,,,,,,,,,*79

$OWN,0,261187000,0,100000.0,3.6,15.955610,54.798389,160.5,207.0,0.0,0.0,,1,,,,,,,,,,,,,,,*60

$WIND,,,T,,,R*12

$AIS,0,273370640,3,-0.7,0.0,15.355487,54.832813,,343.0,-38548.23,3995.57,,5,9682423,UBAN4 @,MURMAN@@@@@@@@@@@@@@,90,34,53,8,10,2,5,31,0,0,6.4,OFFSHORE@@@@@@@@@@@@*29

$AIS,0,273399760,3,0.2,0.0,15.349648,54.830219,225.6,231.0,-38925.75,3710.15,,1,,,,,,,,,,,,,,,*47

$AIS,0,273212470,3,0.0,0.0,15.326220,54.826256,129.8,250.0,-40434.71,3282.38,,1,,,,,,,,,,,,,,,*4B

$AIS,0,273418880,0,0.0,0.4,15.458273,54.812580,58.2,108.0,-31961.93,1692.44,,1,,,,,,,,,,,,,,,*78

$AIS,0,273418870,0,0.0,0.2,15.282347,54.828846,101.6,67.0,-43250.48,3596.79,,1,,,,,,,,,,,,,,,*78

$OWN,0,261187000,0,100000.0,3.6,15.955606,54.798370,163.3,209.0,0.0,0.0,,1,,,,,,,,,,,,,,,*6A

$WIND,,,T,,,R*12

$AIS,0,273370640,3,-0.7,0.0,15.355487,54.832813,,343.0,-38547.99,3997.69,,5,9682423,UBAN4 @,MURMAN@@@@@@@@@@@@@@,90,34,53,8,10,2,5,31,0,0,6.4,OFFSHORE@@@@@@@@@@@@*28

$AIS,0,273399760,3,0.2,0.0,15.349648,54.830219,225.6,231.0,-38925.50,3712.27,,1,,,,,,,,,,,,,,,*43

$AIS,0,273212470,3,0.0,0.0,15.326220,54.826256,129.8,250.0,-40434.47,3284.50,,1,,,,,,,,,,,,,,,*46

$AIS,0,273418880,0,0.0,0.4,15.458273,54.812580,58.2,108.0,-31961.68,1694.56,,1,,,,,,,,,,,,,,,*79

$AIS,0,273418870,0,0.0,0.2,15.282347,54.828846,101.6,67.0,-43250.23,3598.91,,1,,,,,,,,,,,,,,,*7D

$OWN,0,261187000,0,100000.0,3.6,15.955600,54.798355,165.9,212.0,0.0,0.0,,1,,,,,,,,,,,,,,,*6D

$WIND,,,T,,,R*12

$AIS,0,273370640,3,-5.4,0.0,15.355478,54.832802,,343.0,-38548.12,3998.11,,5,9682423,UBAN4 @,MURMAN@@@@@@@@@@@@@@,90,34,53,8,10,2,5,31,0,0,6.4,OFFSHORE@@@@@@@@@@@@*22

$AIS,0,273399760,3,0.2,0.0,15.349648,54.830219,225.6,231.0,-38925.07,3713.96,,1,,,,,,,,,,,,,,,*4A

$AIS,0,273212470,3,0.0,0.0,15.326220,54.826256,129.8,250.0,-40434.04,3286.20,,1,,,,,,,,,,,,,,,*44

$AIS,0,273418880,0,0.0,0.4,15.458273,54.812580,58.2,108.0,-31961.25,1696.26,,1,,,,,,,,,,,,,,,*75

$AIS,0,273418870,0,0.0,0.2,15.282347,54.828846,101.6,67.0,-43249.81,3600.61,,1,,,,,,,,,,,,,,,*70

$OWN,0,261187000,0,100000.0,3.6,15.955593,54.798336,168.5,215.0,0.0,0.0,,1,,,,,,,,,,,,,,,*67

$WIND,,,T,,,R*12

$AIS,0,273370640,3,-5.4,0.0,15.355478,54.832802,,343.0,-38547.69,4000.23,,5,9682423,UBAN4 @,MURMAN@@@@@@@@@@@@@@,90,34,53,8,10,2,5,31,0,0,6.4,OFFSHORE@@@@@@@@@@@@*2F

$AIS,0,273399760,3,0.2,0.0,15.349648,54.830219,225.6,231.0,-38924.65,3716.08,,1,,,,,,,,,,,,,,,*4D

$AIS,0,273418880,0,0.0,0.4,15.458273,54.812580,58.2,108.0,-31960.82,1698.38,,1,,,,,,,,,,,,,,,*78

$AIS,0,273418870,0,0.0,0.2,15.282347,54.828846,101.6,67.0,-43249.38,3602.72,,1,,,,,,,,,,,,,,,*72

$OWN,0,261187000,0,100000.0,3.6,15.955586,54.798317,171.2,217.0,0.0,0.0,,1,,,,,,,,,,,,,,,*6D

$WIND,,,T,,,R*12

$AIS,0,273370640,3,-5.4,0.0,15.355478,54.832802,,343.0,-38547.27,4002.35,,5,9682423,UBAN4 @,MURMAN@@@@@@@@@@@@@@,90,34,53,8,10,2,5,31,0,0,6.4,OFFSHORE@@@@@@@@@@@@*20

$AIS,0,273399760,3,0.2,0.0,15.349648,54.830219,225.6,231.0,-38924.22,3718.20,,1,,,,,,,,,,,,,,,*4A

$AIS,0,273418880,0,0.0,0.4,15.458273,54.812580,58.2,108.0,-31960.39,1700.50,,1,,,,,,,,,,,,,,,*76

$AIS,0,273418870,0,0.0,0.2,15.282347,54.828846,101.6,67.0,-43248.95,3604.84,,1,,,,,,,,,,,,,,,*7B

$OWN,0,261187000,0,100000.0,3.6,15.955579,54.798302,173.7,220.0,0.0,0.0,,1,,,,,,,,,,,,,,,*6A

$WIND,,,T,,,R*12

$AIS,0,273370640,3,-5.4,0.0,15.355478,54.832802,,343.0,-38546.78,4004.04,,5,9682423,UBAN4 @,MURMAN@@@@@@@@@@@@@@,90,34,53,8,10,2,5,31,0,0,6.4,OFFSHORE@@@@@@@@@@@@*2F

$AIS,0,273399760,3,0.2,0.0,15.349648,54.830219,225.6,231.0,-38923.73,3719.89,,1,,,,,,,,,,,,,,,*4B

$AIS,0,273418880,0,0.0,0.4,15.458273,54.812580,58.2,108.0,-31959.90,1702.19,,1,,,,,,,,,,,,,,,*70

$AIS,0,273418870,0,0.0,0.2,15.282347,54.828846,101.6,67.0,-43248.46,3606.54,,1,,,,,,,,,,,,,,,*7A

$OWN,0,261187000,0,100000.0,3.5,15.955566,54.798283,176.2,220.0,0.0,0.0,,1,,,,,,,,,,,,,,,*6F

$WIND,,,T,,,R*12

$AIS,0,273370640,3,-5.4,0.0,15.355478,54.832802,,343.0,-38545.98,4006.16,,5,9682423,UBAN4 @,MURMAN@@@@@@@@@@@@@@,90,34,53,8,10,2,5,31,0,0,6.4,OFFSHORE@@@@@@@@@@@@*23

$AIS,0,273399760,3,0.2,0.0,15.349648,54.830219,225.6,231.0,-38922.93,3722.01,,1,,,,,,,,,,,,,,,*4C

$AIS,0,273418870,0,0.0,0.2,15.282347,54.828846,101.6,67.0,-43247.66,3608.65,,1,,,,,,,,,,,,,,,*7B

$OWN,0,261187000,0,100000.0,3.5,15.955555,54.798267,178.7,223.0,0.0,0.0,,1,,,,,,,,,,,,,,,*6D

$WIND,,,T,,,R*12

$AIS,0,273370640,3,-5.4,0.0,15.355478,54.832802,,343.0,-38545.24,4007.85,,5,9682423,UBAN4 @,MURMAN@@@@@@@@@@@@@@,90,34,53,8,10,2,5,31,0,0,6.4,OFFSHORE@@@@@@@@@@@@*2F

$AIS,0,273418870,0,0.0,0.2,15.282347,54.828846,101.6,67.0,-43246.93,3610.34,,1,,,,,,,,,,,,,,,*7D

$OWN,0,261187000,0,100000.0,3.5,15.955544,54.798252,181.3,226.0,0.0,0.0,,1,,,,,,,,,,,,,,,*6C

$WIND,,,T,,,R*12

$AIS,0,273370640,3,-5.4,0.0,15.355478,54.832802,,343.0,-38544.51,4009.54,,5,9682423,UBAN4 @,MURMAN@@@@@@@@@@@@@@,90,34,53,8,10,2,5,31,0,0,6.4,OFFSHORE@@@@@@@@@@@@*2E

$AIS,0,273418870,0,0.0,0.2,15.282347,54.828846,101.6,67.0,-43246.19,3612.03,,1,,,,,,,,,,,,,,,*79

$AIS,0,273399760,3,-0.0,0.0,15.349637,54.830219,225.6,231.0,-38922.19,3725.40,,1,,,,,,,,,,,,,,,*6B

$OWN,0,261187000,0,100000.0,3.5,15.955530,54.798237,184.0,228.0,0.0,0.0,,1,,,,,,,,,,,,,,,*64

$WIND,,,T,,,R*12

$AIS,0,273370640,3,-5.4,0.0,15.355478,54.832802,,343.0,-38543.65,4011.23,,5,9682423,UBAN4 @,MURMAN@@@@@@@@@@@@@@,90,34,53,8,10,2,5,31,0,0,6.4,OFFSHORE@@@@@@@@@@@@*27

$AIS,0,273418870,0,0.0,0.2,15.282347,54.828846,101.6,67.0,-43245.33,3613.72,,1,,,,,,,,,,,,,,,*75

$AIS,0,273399760,3,-0.0,0.0,15.349637,54.830219,225.6,231.0,-38921.34,3727.09,,1,,,,,,,,,,,,,,,*68

$OWN,0,261187000,0,100000.0,3.5,15.955515,54.798222,186.5,231.0,0.0,0.0,,1,,,,,,,,,,,,,,,*68

$WIND,,,T,,,R*12

$AIS,0,273370640,3,-5.4,0.0,15.355478,54.832802,,343.0,-38542.67,4012.92,,5,9682423,UBAN4 @,MURMAN@@@@@@@@@@@@@@,90,34,53,8,10,2,5,31,0,0,6.4,OFFSHORE@@@@@@@@@@@@*2D

$AIS,0,273399760,3,-0.0,0.0,15.349637,54.830219,225.6,231.0,-38920.36,3728.78,,1,,,,,,,,,,,,,,,*62

$OWN,0,261187000,0,100000.0,3.5,15.955499,54.798206,189.1,234.0,0.0,0.0,,1,,,,,,,,,,,,,,,*65

$WIND,,,T,,,R*12

$AIS,0,273370640,3,-5.4,0.0,15.355478,54.832802,,343.0,-38541.63,4014.61,,5,9682423,UBAN4 @,MURMAN@@@@@@@@@@@@@@,90,34,53,8,10,2,5,31,0,0,6.4,OFFSHORE@@@@@@@@@@@@*20

$AIS,0,273399760,3,-0.0,0.0,15.349637,54.830219,225.6,231.0,-38919.32,3730.47,,1,,,,,,,,,,,,,,,*69

$OWN,0,261187000,0,100000.0,3.5,15.955480,54.798191,191.9,240.0,0.0,0.0,,1,,,,,,,,,,,,,,,*62

$WIND,,,T,,,R*12

$AIS,0,273370640,3,-5.4,0.0,15.355478,54.832802,,343.0,-38540.40,4016.30,,5,9682423,UBAN4 @,MURMAN@@@@@@@@@@@@@@,90,34,53,8,10,2,5,31,0,0,6.4,OFFSHORE@@@@@@@@@@@@*26

$AIS,0,273399760,3,-0.0,0.0,15.349637,54.830219,225.6,231.0,-38918.09,3732.16,,1,,,,,,,,,,,,,,,*66

$OWN,0,261187000,0,100000.0,3.5,15.955462,54.798180,194.5,242.0,0.0,0.0,,1,,,,,,,,,,,,,,,*65

$WIND,,,T,,,R*12

$AIS,0,273399760,3,-0.0,0.0,15.349637,54.830219,225.6,231.0,-38916.93,3733.42,,1,,,,,,,,,,,,,,,*6B

$OWN,0,261187000,0,100000.0,3.5,15.955441,54.798164,197.1,245.0,0.0,0.0,,1,,,,,,,,,,,,,,,*6E

$WIND,,,T,,,R*12

$AIS,0,273399760,3,-0.0,0.0,15.349637,54.830219,225.6,231.0,-38915.64,3735.11,,1,,,,,,,,,,,,,,,*60

$OWN,0,261187000,0,100000.0,3.4,15.955421,54.798153,199.9,248.0,0.0,0.0,,1,,,,,,,,,,,,,,,*66

$WIND,,,T,,,R*12

$AIS,0,273399760,3,-0.0,0.0,15.349637,54.830219,225.6,231.0,-38914.35,3736.37,,1,,,,,,,,,,,,,,,*62

$OWN,0,261187000,0,100000.0,3.4,15.955421,54.798153,199.9,248.0,0.0,0.0,,1,,,,,,,,,,,,,,,*66

$WIND,,,T,,,R*12

$AIS,0,273399760,3,-0.0,0.0,15.349637,54.830219,225.6,231.0,-38913.01,3737.63,,1,,,,,,,,,,,,,,,*62

$OWN,0,261187000,0,100000.0,3.4,15.955400,54.798141,202.5,250.0,0.0,0.0,,1,,,,,,,,,,,,,,,*62

$WIND,,,T,,,R*12

$AIS,0,273399760,3,-0.0,0.0,15.349637,54.830219,225.6,231.0,-38911.60,3738.89,,1,,,,,,,,,,,,,,,*6C

$OWN,0,261187000,0,100000.0,3.4,15.955379,54.798130,205.2,253.0,0.0,0.0,,1,,,,,,,,,,,,,,,*6E

$WIND,,,T,,,R*12

$OWN,0,261187000,0,100000.0,3.4,15.955354,54.798119,207.9,256.0,0.0,0.0,,1,,,,,,,,,,,,,,,*66

$WIND,,,T,,,R*12

$OWN,0,261187000,0,100000.0,3.4,15.955330,54.798111,210.5,258.0,0.0,0.0,,1,,,,,,,,,,,,,,,*68

$WIND,,,T,,,R*12

$OWN,0,261187000,0,100000.0,3.4,15.955305,54.798100,213.2,261.0,0.0,0.0,,1,,,,,,,,,,,,,,,*60

$WIND,,,T,,,R*12

$AIS,0,273418870,0,0.0,0.2,15.282389,54.828838,99.8,67.0,-43228.19,3627.99,,1,,,,,,,,,,,,,,,*41

$OWN,0,261187000,0,100000.0,3.4,15.955280,54.798092,215.7,263.0,0.0,0.0,,1,,,,,,,,,,,,,,,*67

$WIND,,,T,,,R*12

$AIS,0,273418870,0,0.0,0.2,15.282389,54.828838,99.8,67.0,-43224.94,3629.66,,1,,,,,,,,,,,,,,,*46

$OWN,0,261187000,0,100000.0,3.4,15.955229,54.798077,220.7,267.0,0.0,0.0,,1,,,,,,,,,,,,,,,*6D

$WIND,,,T,,,R*12

$AIS,0,273418870,0,0.0,0.2,15.282389,54.828838,99.8,67.0,-43223.29,3630.49,,1,,,,,,,,,,,,,,,*42

$AIS,0,273370640,3,-2.9,0.0,15.355472,54.832802,,343.0,-38524.72,4028.90,,1,,,,,,,,,,,,,,,*46

$OWN,0,261187000,0,100000.0,3.4,15.955200,54.798065,223.3,269.0,0.0,0.0,,1,,,,,,,,,,,,,,,*6C

$WIND,,,T,,,R*12

$AIS,0,273418870,0,0.0,0.2,15.282389,54.828838,99.8,67.0,-43221.45,3631.75,,1,,,,,,,,,,,,,,,*44

$AIS,0,273370640,3,-2.9,0.0,15.355472,54.832802,,343.0,-38522.88,4030.16,,1,,,,,,,,,,,,,,,*42

$OWN,0,261187000,0,100000.0,3.4,15.955173,54.798061,225.8,271.0,0.0,0.0,,1,,,,,,,,,,,,,,,*6B

$WIND,,,T,,,R*12

$AIS,0,273418870,0,0.0,0.2,15.282389,54.828838,99.8,67.0,-43219.73,3632.15,,1,,,,,,,,,,,,,,,*4F

$AIS,0,273370640,3,-2.9,0.0,15.355472,54.832802,,343.0,-38521.17,4030.57,,1,,,,,,,,,,,,,,,*42

$OWN,0,261187000,0,100000.0,3.4,15.955143,54.798054,228.3,271.0,0.0,0.0,,1,,,,,,,,,,,,,,,*68

$WIND,,,T,,,R*12

$AIS,0,273418870,0,0.0,0.2,15.282389,54.828838,99.8,67.0,-43217.77,3632.98,,1,,,,,,,,,,,,,,,*40

$AIS,0,273370640,3,-2.9,0.0,15.355472,54.832802,,343.0,-38519.21,4031.40,,1,,,,,,,,,,,,,,,*4B

