$OWN,0,261187000,0,0.0,8.6,15.945840,54.854378,357.9,1.0,0.0,0.0,,1,,,,,,,,,,,,,,,*5F

$WIND,,,T,,,R*12

$OWN,0,261187000,0,0.0,8.6,15.945838,54.854420,358.0,1.0,0.0,0.0,,1,,,,,,,,,,,,,,,*5C

$WIND,,,T,,,R*12

$OWN,0,261187000,0,0.0,8.5,15.945837,54.854496,358.3,1.0,0.0,0.0,,1,,,,,,,,,,,,,,,*5E

$WIND,,,T,,,R*12

$OWN,0,261187000,0,0.0,8.6,15.945838,54.854538,358.5,1.0,0.0,0.0,,1,,,,,,,,,,,,,,,*51

$WIND,,,T,,,R*12

$OWN,0,261187000,0,0.0,8.6,15.945838,54.854538,358.5,1.0,0.0,0.0,,1,,,,,,,,,,,,,,,*51

$WIND,,,T,,,R*12

$OWN,0,261187000,0,0.0,8.6,15.945838,54.854576,358.6,1.0,0.0,0.0,,1,,,,,,,,,,,,,,,*58

$WIND,,,T,,,R*12

$OWN,0,261187000,0,0.0,8.6,15.945837,54.854614,358.7,1.0,0.0,0.0,,1,,,,,,,,,,,,,,,*51

$WIND,,,T,,,R*12

$OWN,0,261187000,0,0.0,8.6,15.945837,54.854652,358.7,1.0,0.0,0.0,,1,,,,,,,,,,,,,,,*53

$WIND,,,T,,,R*12

$OWN,0,261187000,0,-100000.0,8.6,15.945835,54.854694,358.7,1.0,0.0,0.0,,1,,,,,,,,,,,,,,,*47

$WIND,,,T,,,R*12

$OWN,0,261187000,0,0.0,8.6,15.945833,54.854733,358.6,1.0,0.0,0.0,,1,,,,,,,,,,,,,,,*50

$WIND,,,T,,,R*12

$OWN,0,261187000,0,0.0,8.6,15.945830,54.854771,358.6,1.0,0.0,0.0,,1,,,,,,,,,,,,,,,*55

$WIND,,,T,,,R*12

$AIS,0,273399760,3,0.4,0.1,15.349393,54.830116,235.6,231.0,-38314.03,-2585.10,,1,,,,,,,,,,,,,,,*60

$OWN,0,261187000,0,-100000.0,8.6,15.945830,54.854813,358.7,1.0,0.0,0.0,,1,,,,,,,,,,,,,,,*43

$WIND,,,T,,,R*12

$AIS,0,273399760,3,0.4,0.1,15.349393,54.830116,235.6,231.0,-38313.91,-2589.34,,1,,,,,,,,,,,,,,,*66

$OWN,0,261187000,0,-100000.0,8.6,15.945828,54.854851,358.8,0.0,0.0,0.0,,1,,,,,,,,,,,,,,,*42

$WIND,,,T,,,R*12

$AIS,0,273399760,3,0.4,0.1,15.349393,54.830116,235.6,231.0,-38313.91,-2589.34,,1,,,,,,,,,,,,,,,*66

$OWN,0,261187000,0,0.0,8.6,15.945827,54.854931,358.7,0.0,0.0,0.0,,1,,,,,,,,,,,,,,,*59

$WIND,,,T,,,R*12

$AIS,0,273399760,3,0.4,0.1,15.349393,54.830116,235.6,231.0,-38313.78,-2598.26,,1,,,,,,,,,,,,,,,*62

$OWN,0,261187000,0,-100000.0,8.6,15.945824,54.854973,358.8,0.0,0.0,0.0,,1,,,,,,,,,,,,,,,*4F

$WIND,,,T,,,R*12

$AIS,0,273399760,3,0.4,0.1,15.349393,54.830116,235.6,231.0,-38313.60,-2602.93,,1,,,,,,,,,,,,,,,*65

$OWN,0,261187000,0,-100000.0,8.6,15.945824,54.854973,358.8,0.0,0.0,0.0,,1,,,,,,,,,,,,,,,*4F

$WIND,,,T,,,R*12

$AIS,0,273399760,3,0.4,0.1,15.349393,54.830116,235.6,231.0,-38313.60,-2602.93,,1,,,,,,,,,,,,,,,*65

$OWN,0,261187000,0,-100000.0,8.6,15.945824,54.855011,358.8,359.0,0.0,0.0,,1,,,,,,,,,,,,,,,*4C

$WIND,,,T,,,R*12

$AIS,0,273399760,3,0.4,0.1,15.349393,54.830116,235.6,231.0,-38313.60,-2607.17,,1,,,,,,,,,,,,,,,*6C

$OWN,0,261187000,0,-100000.0,8.6,15.945820,54.855049,358.6,359.0,0.0,0.0,,1,,,,,,,,,,,,,,,*4B

$WIND,,,T,,,R*12

$AIS,0,273399760,3,0.4,0.1,15.349393,54.830116,235.6,231.0,-38313.35,-2611.42,,1,,,,,,,,,,,,,,,*6B

$OWN,0,261187000,0,-100000.0,8.6,15.945817,54.855091,358.5,359.0,0.0,0.0,,1,,,,,,,,,,,,,,,*49

$WIND,,,T,,,R*12

$AIS,0,273399760,3,0.4,0.1,15.349393,54.830116,235.6,231.0,-38313.17,-2616.09,,1,,,,,,,,,,,,,,,*63

$OWN,0,261187000,0,-100000.0,8.6,15.945813,54.855129,358.5,359.0,0.0,0.0,,1,,,,,,,,,,,,,,,*4F

$WIND,,,T,,,R*12

$AIS,0,273399760,3,0.4,0.1,15.349393,54.830116,235.6,231.0,-38312.93,-2620.34,,1,,,,,,,,,,,,,,,*65

$OWN,0,261187000,0,-100000.0,8.6,15.945811,54.855167,358.4,358.0,0.0,0.0,,1,,,,,,,,,,,,,,,*47

$WIND,,,T,,,R*12

$OWN,0,261187000,0,-100000.0,8.6,15.945808,54.855209,358.3,358.0,0.0,0.0,,1,,,,,,,,,,,,,,,*43

$WIND,,,T,,,R*12

$OWN,0,261187000,0,0.0,8.6,15.945805,54.855247,358.2,358.0,0.0,0.0,,1,,,,,,,,,,,,,,,*59

$WIND,,,T,,,R*12

$OWN,0,261187000,0,0.0,8.6,15.945802,54.855289,358.2,358.0,0.0,0.0,,1,,,,,,,,,,,,,,,*5C

$WIND,,,T,,,R*12

$OWN,0,261187000,0,0.0,8.6,15.945798,54.855328,358.1,358.0,0.0,0.0,,1,,,,,,,,,,,,,,,*59

$WIND,,,T,,,R*12

$OWN,0,261187000,0,0.0,8.6,15.945797,54.855370,358.1,358.0,0.0,0.0,,1,,,,,,,,,,,,,,,*5B

$WIND,,,T,,,R*12

$OWN,0,261187000,0,0.0,8.6,15.945791,54.855408,357.9,358.0,0.0,0.0,,1,,,,,,,,,,,,,,,*52

$WIND,,,T,,,R*12

$OWN,0,261187000,0,0.0,8.6,15.945788,54.855446,357.8,358.0,0.0,0.0,,1,,,,,,,,,,,,,,,*51

$WIND,,,T,,,R*12

$OWN,0,261187000,0,0.0,8.6,15.945784,54.855488,357.6,358.0,0.0,0.0,,1,,,,,,,,,,,,,,,*51

$WIND,,,T,,,R*12

$OWN,0,261187000,0,0.0,8.6,15.945778,54.855526,357.5,358.0,0.0,0.0,,1,,,,,,,,,,,,,,,*54

$WIND,,,T,,,R*12

$OWN,0,261187000,0,100000.0,8.6,15.945773,54.855568,357.3,358.0,0.0,0.0,,1,,,,,,,,,,,,,,,*62

$WIND,,,T,,,R*12

$OWN,0,261187000,0,0.0,8.6,15.945768,54.855606,357.1,358.0,0.0,0.0,,1,,,,,,,,,,,,,,,*50

$WIND,,,T,,,R*12

$OWN,0,261187000,0,0.0,8.6,15.945764,54.855648,357.1,359.0,0.0,0.0,,1,,,,,,,,,,,,,,,*57

$WIND,,,T,,,R*12

$OWN,0,261187000,0,0.0,8.6,15.945760,54.855686,357.2,359.0,0.0,0.0,,1,,,,,,,,,,,,,,,*52

$WIND,,,T,,,R*12

$OWN,0,261187000,0,0.0,8.6,15.945758,54.855728,357.2,359.0,0.0,0.0,,1,,,,,,,,,,,,,,,*5C

$WIND,,,T,,,R*12

$OWN,0,261187000,0,0.0,8.6,15.945755,54.855766,357.2,359.0,0.0,0.0,,1,,,,,,,,,,,,,,,*5B

$WIND,,,T,,,R*12

$OWN,0,261187000,0,0.0,8.6,15.945751,54.855804,357.2,359.0,0.0,0.0,,1,,,,,,,,,,,,,,,*54

$WIND,,,T,,,R*12

$OWN,0,261187000,0,0.0,8.6,15.945746,54.855846,357.1,359.0,0.0,0.0,,1,,,,,,,,,,,,,,,*57

$WIND,,,T,,,R*12

$OWN,0,261187000,0,0.0,8.6,15.945742,54.855885,357.0,359.0,0.0,0.0,,1,,,,,,,,,,,,,,,*5D

$WIND,,,T,,,R*12

$OWN,0,261187000,0,0.0,8.6,15.945737,54.855927,356.9,359.0,0.0,0.0,,1,,,,,,,,,,,,,,,*5E

$WIND,,,T,,,R*12

$OWN,0,261187000,0,0.0,8.6,15.945733,54.855965,356.9,358.0,0.0,0.0,,1,,,,,,,,,,,,,,,*5D

$WIND,,,T,,,R*12

$OWN,0,261187000,0,0.0,8.6,15.945730,54.856007,357.0,359.0,0.0,0.0,,1,,,,,,,,,,,,,,,*59

$WIND,,,T,,,R*12

$OWN,0,261187000,0,100000.0,8.6,15.945726,54.856045,357.0,359.0,0.0,0.0,,1,,,,,,,,,,,,,,,*69

$WIND,,,T,,,R*12

$OWN,0,261187000,0,0.0,8.6,15.945722,54.856087,357.0,359.0,0.0,0.0,,1,,,,,,,,,,,,,,,*52

$WIND,,,T,,,R*12

$OWN,0,261187000,0,0.0,8.6,15.945720,54.856125,357.2,359.0,0.0,0.0,,1,,,,,,,,,,,,,,,*5B

$WIND,,,T,,,R*12

$OWN,0,261187000,0,100000.0,8.6,15.945719,54.856167,357.3,359.0,0.0,0.0,,1,,,,,,,,,,,,,,,*67

$WIND,,,T,,,R*12

$OWN,0,261187000,0,100000.0,8.7,15.945715,54.856205,357.2,359.0,0.0,0.0,,1,,,,,,,,,,,,,,,*6C

$WIND,,,T,,,R*12

$OWN,0,261187000,0,100000.0,8.7,15.945712,54.856247,357.2,0.0,0.0,0.0,,1,,,,,,,,,,,,,,,*62

$WIND,,,T,,,R*12

$OWN,0,261187000,0,0.0,8.7,15.945708,54.856285,357.2,0.0,0.0,0.0,,1,,,,,,,,,,,,,,,*56

$WIND,,,T,,,R*12

$OWN,0,261187000,0,100000.0,8.6,15.945704,54.856323,357.0,0.0,0.0,0.0,,1,,,,,,,,,,,,,,,*65

$WIND,,,T,,,R*12

$OWN,0,261187000,0,0.0,8.7,15.945699,54.856365,357.0,0.0,0.0,0.0,,1,,,,,,,,,,,,,,,*52

$WIND,,,T,,,R*12

$OWN,0,261187000,0,0.0,8.7,15.945695,54.856403,357.0,0.0,0.0,0.0,,1,,,,,,,,,,,,,,,*59

$WIND,,,T,,,R*12

$OWN,0,261187000,0,0.0,8.7,15.945692,54.856445,357.0,0.0,0.0,0.0,,1,,,,,,,,,,,,,,,*5C

$WIND,,,T,,,R*12

$OWN,0,261187000,0,0.0,8.7,15.945690,54.856483,357.2,0.0,0.0,0.0,,1,,,,,,,,,,,,,,,*56

$WIND,,,T,,,R*12

$OWN,0,261187000,0,0.0,8.7,15.945690,54.856525,357.6,0.0,0.0,0.0,,1,,,,,,,,,,,,,,,*5F

$WIND,,,T,,,R*12

$OWN,0,261187000,0,0.0,8.7,15.945690,54.856567,357.8,0.0,0.0,0.0,,1,,,,,,,,,,,,,,,*57

$WIND,,,T,,,R*12

$OWN,0,261187000,0,0.0,8.7,15.945690,54.856606,357.9,0.0,0.0,0.0,,1,,,,,,,,,,,,,,,*52

$WIND,,,T,,,R*12

$OWN,0,261187000,0,0.0,8.7,15.945688,54.856644,357.9,0.0,0.0,0.0,,1,,,,,,,,,,,,,,,*5D

$WIND,,,T,,,R*12

$OWN,0,261187000,0,0.0,8.7,15.945685,54.856686,357.8,0.0,0.0,0.0,,1,,,,,,,,,,,,,,,*5F

$WIND,,,T,,,R*12

$OWN,0,261187000,0,-100000.0,8.7,15.945682,54.856724,357.8,0.0,0.0,0.0,,1,,,,,,,,,,,,,,,*4D

$WIND,,,T,,,R*12

$OWN,0,261187000,0,0.0,8.7,15.945679,54.856766,357.8,0.0,0.0,0.0,,1,,,,,,,,,,,,,,,*53

$WIND,,,T,,,R*12

$OWN,0,261187000,0,0.0,8.7,15.945675,54.856804,357.7,0.0,0.0,0.0,,1,,,,,,,,,,,,,,,*5B

$WIND,,,T,,,R*12

$OWN,0,261187000,0,-100000.0,8.7,15.945672,54.856846,357.7,0.0,0.0,0.0,,1,,,,,,,,,,,,,,,*46

$WIND,,,T,,,R*12

$OWN,0,261187000,0,0.0,8.7,15.945670,54.856888,357.9,0.0,0.0,0.0,,1,,,,,,,,,,,,,,,*54

$WIND,,,T,,,R*12

$OWN,0,261187000,0,0.0,8.7,15.945670,54.856926,358.1,359.0,0.0,0.0,,1,,,,,,,,,,,,,,,*59

$WIND,,,T,,,R*12

$OWN,0,261187000,0,0.0,8.7,15.945670,54.856926,358.1,359.0,0.0,0.0,,1,,,,,,,,,,,,,,,*59

$WIND,,,T,,,R*12

$OWN,0,261187000,0,0.0,8.7,15.945668,54.856964,358.0,359.0,0.0,0.0,,1,,,,,,,,,,,,,,,*57

$WIND,,,T,,,R*12

$OWN,0,261187000,0,-100000.0,8.7,15.945666,54.857006,358.1,359.0,0.0,0.0,,1,,,,,,,,,,,,,,,*48

$WIND,,,T,,,R*12

$OWN,0,261187000,0,-100000.0,8.7,15.945665,54.857044,358.2,359.0,0.0,0.0,,1,,,,,,,,,,,,,,,*4E

$WIND,,,T,,,R*12

$OWN,0,261187000,0,-100000.0,8.7,15.945665,54.857086,358.2,359.0,0.0,0.0,,1,,,,,,,,,,,,,,,*40

$WIND,,,T,,,R*12

$OWN,0,261187000,0,0.0,8.7,15.945660,54.857128,358.0,358.0,0.0,0.0,,1,,,,,,,,,,,,,,,*5F

$WIND,,,T,,,R*12

$OWN,0,261187000,0,0.0,8.7,15.945650,54.857208,357.7,358.0,0.0,0.0,,1,,,,,,,,,,,,,,,*55

$WIND,,,T,,,R*12

$OWN,0,261187000,0,0.0,8.7,15.945643,54.857288,357.7,358.0,0.0,0.0,,1,,,,,,,,,,,,,,,*5F

$WIND,,,T,,,R*12

$OWN,0,261187000,0,0.0,8.7,15.945640,54.857327,357.6,358.0,0.0,0.0,,1,,,,,,,,,,,,,,,*59

$WIND,,,T,,,R*12

$OWN,0,261187000,0,0.0,8.7,15.945637,54.857368,357.7,358.0,0.0,0.0,,1,,,,,,,,,,,,,,,*53

$WIND,,,T,,,R*12

$OWN,0,261187000,0,0.0,8.7,15.945635,54.857407,357.8,358.0,0.0,0.0,,1,,,,,,,,,,,,,,,*50

$WIND,,,T,,,R*12

$OWN,0,261187000,0,0.0,8.7,15.945633,54.857449,357.8,358.0,0.0,0.0,,1,,,,,,,,,,,,,,,*5C

$WIND,,,T,,,R*12

$OWN,0,261187000,0,0.0,8.7,15.945628,54.857491,357.6,358.0,0.0,0.0,,1,,,,,,,,,,,,,,,*5D

$WIND,,,T,,,R*12

$OWN,0,261187000,0,0.0,8.7,15.945623,54.857529,357.4,359.0,0.0,0.0,,1,,,,,,,,,,,,,,,*57

$WIND,,,T,,,R*12

$OWN,0,261187000,0,100000.0,8.8,15.945619,54.857571,357.2,359.0,0.0,0.0,,1,,,,,,,,,,,,,,,*6B

$WIND,,,T,,,R*12

$OWN,0,261187000,0,100000.0,8.7,15.945612,54.857609,357.1,359.0,0.0,0.0,,1,,,,,,,,,,,,,,,*60

$WIND,,,T,,,R*12

$OWN,0,261187000,0,100000.0,8.7,15.945608,54.857651,357.2,359.0,0.0,0.0,,1,,,,,,,,,,,,,,,*65

$WIND,,,T,,,R*12

$OWN,0,261187000,0,100000.0,8.8,15.945605,54.857689,357.2,0.0,0.0,0.0,,1,,,,,,,,,,,,,,,*6D

$WIND,,,T,,,R*12

$OWN,0,261187000,0,100000.0,8.8,15.945605,54.857689,357.2,0.0,0.0,0.0,,1,,,,,,,,,,,,,,,*6D

$WIND,,,T,,,R*12

$OWN,0,261187000,0,100000.0,8.8,15.945601,54.857731,357.2,0.0,0.0,0.0,,1,,,,,,,,,,,,,,,*6B

$WIND,,,T,,,R*12

$OWN,0,261187000,0,0.0,8.8,15.945600,54.857773,357.4,0.0,0.0,0.0,,1,,,,,,,,,,,,,,,*5B

$WIND,,,T,,,R*12

$OWN,0,261187000,0,0.0,8.7,15.945599,54.857811,357.5,0.0,0.0,0.0,,1,,,,,,,,,,,,,,,*5D

$WIND,,,T,,,R*12

$OWN,0,261187000,0,0.0,8.8,15.945597,54.857849,357.5,0.0,0.0,0.0,,1,,,,,,,,,,,,,,,*51

$WIND,,,T,,,R*12

$OWN,0,261187000,0,100000.0,8.8,15.945593,54.857891,357.4,0.0,0.0,0.0,,1,,,,,,,,,,,,,,,*60

$WIND,,,T,,,R*12

$OWN,0,261187000,0,0.0,8.8,15.945588,54.857933,357.4,0.0,0.0,0.0,,1,,,,,,,,,,,,,,,*52

$WIND,,,T,,,R*12

$OWN,0,261187000,0,0.0,8.8,15.945585,54.857971,357.4,0.0,0.0,0.0,,1,,,,,,,,,,,,,,,*59

$WIND,,,T,,,R*12

$OWN,0,261187000,0,0.0,8.8,15.945581,54.858013,357.4,0.0,0.0,0.0,,1,,,,,,,,,,,,,,,*5F

$WIND,,,T,,,R*12

$OWN,0,261187000,0,0.0,8.8,15.945580,54.858055,357.5,0.0,0.0,0.0,,1,,,,,,,,,,,,,,,*5D

$WIND,,,T,,,R*12

$OWN,0,261187000,0,0.0,8.8,15.945579,54.858093,357.7,0.0,0.0,0.0,,1,,,,,,,,,,,,,,,*53

$WIND,,,T,,,R*12

$OWN,0,261187000,0,0.0,8.8,15.945579,54.858135,357.9,0.0,0.0,0.0,,1,,,,,,,,,,,,,,,*50

$WIND,,,T,,,R*12

$OWN,0,261187000,0,0.0,8.8,15.945579,54.858173,358.0,0.0,0.0,0.0,,1,,,,,,,,,,,,,,,*54

$WIND,,,T,,,R*12

$OWN,0,261187000,0,0.0,8.8,15.945575,54.858212,358.0,1.0,0.0,0.0,,1,,,,,,,,,,,,,,,*5D

$WIND,,,T,,,R*12

$OWN,0,261187000,0,0.0,8.8,15.945574,54.858253,358.0,1.0,0.0,0.0,,1,,,,,,,,,,,,,,,*59

$WIND,,,T,,,R*12

$OWN,0,261187000,0,100000.0,8.8,15.945572,54.858292,358.0,1.0,0.0,0.0,,1,,,,,,,,,,,,,,,*63

$WIND,,,T,,,R*12

$OWN,0,261187000,0,100000.0,8.8,15.945568,54.858334,358.0,1.0,0.0,0.0,,1,,,,,,,,,,,,,,,*65

$WIND,,,T,,,R*12

$OWN,0,261187000,0,100000.0,8.8,15.945567,54.858372,358.1,1.0,0.0,0.0,,1,,,,,,,,,,,,,,,*69

$WIND,,,T,,,R*12

$OWN,0,261187000,0,100000.0,8.8,15.945565,54.858414,358.3,1.0,0.0,0.0,,1,,,,,,,,,,,,,,,*6E

$WIND,,,T,,,R*12

$OWN,0,261187000,0,100000.0,8.8,15.945565,54.858452,358.4,2.0,0.0,0.0,,1,,,,,,,,,,,,,,,*68

$WIND,,,T,,,R*12

$OWN,0,261187000,0,100000.0,8.8,15.945565,54.858494,358.6,3.0,0.0,0.0,,1,,,,,,,,,,,,,,,*61

$WIND,,,T,,,R*12

$OWN,0,261187000,0,100000.0,8.8,15.945568,54.858532,358.9,4.0,0.0,0.0,,1,,,,,,,,,,,,,,,*69

$WIND,,,T,,,R*12

$OWN,0,261187000,0,100000.0,8.8,15.945570,54.858574,359.2,5.0,0.0,0.0,,1,,,,,,,,,,,,,,,*69

$WIND,,,T,,,R*12

$OWN,0,261187000,0,100000.0,8.8,15.945572,54.858612,359.4,6.0,0.0,0.0,,1,,,,,,,,,,,,,,,*6D

$WIND,,,T,,,R*12

$OWN,0,261187000,0,100000.0,8.7,15.945575,54.858654,359.6,8.0,0.0,0.0,,1,,,,,,,,,,,,,,,*6B

$WIND,,,T,,,R*12

$OWN,0,261187000,0,100000.0,8.7,15.945577,54.858692,359.8,9.0,0.0,0.0,,1,,,,,,,,,,,,,,,*6C

$WIND,,,T,,,R*12

$OWN,0,261187000,0,100000.0,8.7,15.945579,54.858734,0.1,11.0,0.0,0.0,,1,,,,,,,,,,,,,,,*50

$WIND,,,T,,,R*12

$OWN,0,261187000,0,100000.0,8.7,15.945583,54.858772,0.4,13.0,0.0,0.0,,1,,,,,,,,,,,,,,,*50

$WIND,,,T,,,R*12

$OWN,0,261187000,0,100000.0,8.7,15.945588,54.858810,0.9,15.0,0.0,0.0,,1,,,,,,,,,,,,,,,*5B

$WIND,,,T,,,R*12

$OWN,0,261187000,0,100000.0,8.6,15.945597,54.858849,1.6,17.0,0.0,0.0,,1,,,,,,,,,,,,,,,*54

$WIND,,,T,,,R*12

$OWN,0,261187000,0,100000.0,8.6,15.945608,54.858887,2.4,19.0,0.0,0.0,,1,,,,,,,,,,,,,,,*5C

$WIND,,,T,,,R*12

$OWN,0,261187000,0,100000.0,8.5,15.945623,54.858925,3.4,21.0,0.0,0.0,,1,,,,,,,,,,,,,,,*55

$WIND,,,T,,,R*12

$OWN,0,261187000,0,100000.0,8.5,15.945640,54.858959,4.4,24.0,0.0,0.0,,1,,,,,,,,,,,,,,,*59

$WIND,,,T,,,R*12

$OWN,0,261187000,0,100000.0,8.5,15.945659,54.858994,5.5,26.0,0.0,0.0,,1,,,,,,,,,,,,,,,*52

$WIND,,,T,,,R*12

$OWN,0,261187000,0,100000.0,8.4,15.945677,54.859032,6.5,29.0,0.0,0.0,,1,,,,,,,,,,,,,,,*57

$WIND,,,T,,,R*12

$OWN,0,261187000,0,100000.0,8.3,15.945697,54.859062,7.6,31.0,0.0,0.0,,1,,,,,,,,,,,,,,,*50

$WIND,,,T,,,R*12

$OWN,0,261187000,0,100000.0,8.2,15.945720,54.859097,9.0,34.0,0.0,0.0,,1,,,,,,,,,,,,,,,*5B

$WIND,,,T,,,R*12

$OWN,0,261187000,0,100000.0,8.2,15.945745,54.859127,10.3,36.0,0.0,0.0,,1,,,,,,,,,,,,,,,*6B

$WIND,,,T,,,R*12

$OWN,0,261187000,0,100000.0,8.1,15.945770,54.859161,11.6,39.0,0.0,0.0,,1,,,,,,,,,,,,,,,*67

$WIND,,,T,,,R*12

$OWN,0,261187000,0,100000.0,8.0,15.945798,54.859192,12.9,41.0,0.0,0.0,,1,,,,,,,,,,,,,,,*6F

$WIND,,,T,,,R*12

$OWN,0,261187000,0,100000.0,7.9,15.945827,54.859219,14.5,44.0,0.0,0.0,,1,,,,,,,,,,,,,,,*6D

$WIND,,,T,,,R*12

$OWN,0,261187000,0,100000.0,7.8,15.945860,54.859245,16.3,47.0,0.0,0.0,,1,,,,,,,,,,,,,,,*61

$WIND,,,T,,,R*12

$OWN,0,261187000,0,100000.0,7.6,15.945891,54.859272,17.9,49.0,0.0,0.0,,1,,,,,,,,,,,,,,,*60

$WIND,,,T,,,R*12

$OWN,0,261187000,0,100000.0,7.5,15.945927,54.859295,19.7,52.0,0.0,0.0,,1,,,,,,,,,,,,,,,*6C

$WIND,,,T,,,R*12

$OWN,0,261187000,0,100000.0,7.4,15.945962,54.859318,21.5,55.0,0.0,0.0,,1,,,,,,,,,,,,,,,*66

$WIND,,,T,,,R*12

$OWN,0,261187000,0,100000.0,7.3,15.945996,54.859341,23.2,57.0,0.0,0.0,,1,,,,,,,,,,,,,,,*61

$WIND,,,T,,,R*12

$OWN,0,261187000,0,100000.0,7.2,15.946035,54.859364,25.0,60.0,0.0,0.0,,1,,,,,,,,,,,,,,,*64

$WIND,,,T,,,R*12

$OWN,0,261187000,0,100000.0,7.0,15.946072,54.859379,27.0,63.0,0.0,0.0,,1,,,,,,,,,,,,,,,*68

$WIND,,,T,,,R*12

$OWN,0,261187000,0,100000.0,6.9,15.946112,54.859398,29.0,66.0,0.0,0.0,,1,,,,,,,,,,,,,,,*63

$WIND,,,T,,,R*12

$OWN,0,261187000,0,100000.0,6.8,15.946152,54.859413,31.0,68.0,0.0,0.0,,1,,,,,,,,,,,,,,,*65

$WIND,,,T,,,R*12

$OWN,0,261187000,0,100000.0,6.7,15.946190,54.859428,33.0,71.0,0.0,0.0,,1,,,,,,,,,,,,,,,*66

$WIND,,,T,,,R*12

$OWN,0,261187000,0,100000.0,6.5,15.946230,54.859444,35.1,74.0,0.0,0.0,,1,,,,,,,,,,,,,,,*65

$WIND,,,T,,,R*12

$OWN,0,261187000,0,100000.0,6.4,15.946272,54.859455,37.1,76.0,0.0,0.0,,1,,,,,,,,,,,,,,,*62

$WIND,,,T,,,R*12

$OWN,0,261187000,0,100000.0,6.3,15.946312,54.859467,39.2,79.0,0.0,0.0,,1,,,,,,,,,,,,,,,*61

$WIND,,,T,,,R*12

$OWN,0,261187000,0,100000.0,6.1,15.946350,54.859478,41.3,81.0,0.0,0.0,,1,,,,,,,,,,,,,,,*62

$WIND,,,T,,,R*12

$OWN,0,261187000,0,100000.0,6.0,15.946390,54.859486,43.5,84.0,0.0,0.0,,1,,,,,,,,,,,,,,,*6F

$WIND,,,T,,,R*12

$OWN,0,261187000,0,100000.0,5.9,15.946430,54.859493,45.8,86.0,0.0,0.0,,1,,,,,,,,,,,,,,,*65

$WIND,,,T,,,R*12

$AIS,0,273418880,0,0.0,0.5,15.464437,54.811893,109.6,59.0,-30976.38,-5190.23,,1,,,,,,,,,,,,,,,*53

$OWN,0,261187000,0,100000.0,5.8,15.946470,54.859501,48.0,89.0,0.0,0.0,,1,,,,,,,,,,,,,,,*60

$WIND,,,T,,,R*12

$AIS,0,273418880,0,0.0,0.5,15.464437,54.811893,109.6,59.0,-30978.96,-5191.06,,1,,,,,,,,,,,,,,,*5F

$AIS,0,273399760,3,0.2,0.0,15.349287,54.830055,236.2,231.0,-38361.99,-3113.17,,1,,,,,,,,,,,,,,,*6E

$OWN,0,261187000,0,100000.0,5.7,15.946510,54.859509,50.2,91.0,0.0,0.0,,1,,,,,,,,,,,,,,,*62

$WIND,,,T,,,R*12

$AIS,0,273418880,0,0.0,0.5,15.464437,54.811893,109.6,59.0,-30981.53,-5191.89,,1,,,,,,,,,,,,,,,*57

$AIS,0,273399760,3,0.2,0.0,15.349287,54.830055,236.2,231.0,-38364.57,-3114.00,,1,,,,,,,,,,,,,,,*68

$OWN,0,261187000,0,100000.0,5.5,15.946550,54.859512,52.5,94.0,0.0,0.0,,1,,,,,,,,,,,,,,,*6E

$WIND,,,T,,,R*12

$AIS,0,273418880,0,0.0,0.5,15.464437,54.811893,109.6,59.0,-30984.10,-5192.30,,1,,,,,,,,,,,,,,,*54

$AIS,0,273399760,3,0.2,0.0,15.349287,54.830055,236.2,231.0,-38367.14,-3114.40,,1,,,,,,,,,,,,,,,*68

$OWN,0,261187000,0,100000.0,5.4,15.946589,54.859512,54.7,96.0,0.0,0.0,,1,,,,,,,,,,,,,,,*6D

$WIND,,,T,,,R*12

$AIS,0,273418880,0,0.0,0.5,15.464437,54.811893,109.6,59.0,-30989.01,-5192.69,,1,,,,,,,,,,,,,,,*55

$AIS,0,273399760,3,0.2,0.0,15.349287,54.830055,236.2,231.0,-38372.04,-3114.78,,1,,,,,,,,,,,,,,,*66

$OWN,0,261187000,0,100000.0,5.3,15.946627,54.859516,57.0,99.0,0.0,0.0,,1,,,,,,,,,,,,,,,*62

$WIND,,,T,,,R*12

$AIS,0,273418880,0,0.0,0.5,15.464437,54.811893,109.6,59.0,-30991.46,-5193.10,,1,,,,,,,,,,,,,,,*50

$AIS,0,273399760,3,0.2,0.0,15.349287,54.830055,236.2,231.0,-38374.49,-3115.19,,1,,,,,,,,,,,,,,,*6F

$OWN,0,261187000,0,100000.0,5.2,15.946665,54.859520,59.3,101.0,0.0,0.0,,1,,,,,,,,,,,,,,,*5D

$WIND,,,T,,,R*12

$AIS,0,273418880,0,0.0,0.5,15.464437,54.811893,109.6,59.0,-30991.46,-5193.10,,1,,,,,,,,,,,,,,,*50

$AIS,0,273399760,3,0.2,0.0,15.349287,54.830055,236.2,231.0,-38374.49,-3115.19,,1,,,,,,,,,,,,,,,*6F

$OWN,0,261187000,0,100000.0,5.1,15.946703,54.859520,61.5,104.0,0.0,0.0,,1,,,,,,,,,,,,,,,*57

$WIND,,,T,,,R*12

$AIS,0,273418880,0,0.0,0.5,15.464437,54.811893,109.6,59.0,-30993.91,-5193.08,,1,,,,,,,,,,,,,,,*51

$AIS,0,273399760,3,0.2,0.0,15.349287,54.830055,236.2,231.0,-38376.94,-3115.17,,1,,,,,,,,,,,,,,,*63

$AIS,0,273370640,3,-0.0,0.3,15.353193,54.831772,34.7,343.0,-38124.40,-2926.28,,1,,,,,,,,,,,,,,,*7D

$OWN,0,261187000,0,100000.0,5.0,15.946738,54.859520,63.9,106.0,0.0,0.0,,1,,,,,,,,,,,,,,,*52

$WIND,,,T,,,R*12

$AIS,0,273418880,0,0.0,0.5,15.464437,54.811893,109.6,59.0,-30996.18,-5193.06,,1,,,,,,,,,,,,,,,*5B

$AIS,0,273399760,3,0.2,0.0,15.349287,54.830055,236.2,231.0,-38379.21,-3115.15,,1,,,,,,,,,,,,,,,*60

$AIS,0,273370640,3,-0.0,0.3,15.353193,54.831772,34.7,343.0,-38126.66,-2926.27,,1,,,,,,,,,,,,,,,*74

$OWN,0,261187000,0,100000.0,4.9,15.946775,54.859520,66.2,109.0,0.0,0.0,,1,,,,,,,,,,,,,,,*52

$WIND,,,T,,,R*12

$AIS,0,273418880,0,0.0,0.5,15.464437,54.811893,109.6,59.0,-30998.57,-5193.05,,1,,,,,,,,,,,,,,,*5D

$AIS,0,273399760,3,0.2,0.0,15.349287,54.830055,236.2,231.0,-38381.60,-3115.13,,1,,,,,,,,,,,,,,,*64

$AIS,0,273370640,3,-0.0,0.3,15.353193,54.831772,34.7,343.0,-38129.05,-2926.24,,1,,,,,,,,,,,,,,,*7D

$OWN,0,261187000,0,100000.0,4.8,15.946810,54.859516,68.5,111.0,0.0,0.0,,1,,,,,,,,,,,,,,,*5A

$WIND,,,T,,,R*12

$AIS,0,273418880,0,0.0,0.5,15.464437,54.811893,109.6,59.0,-31000.78,-5192.61,,1,,,,,,,,,,,,,,,*5A

$AIS,0,273399760,3,0.0,0.0,15.349281,54.830059,236.2,231.0,-38384.17,-3114.26,,1,,,,,,,,,,,,,,,*6E

$AIS,0,273370640,3,-0.0,0.3,15.353193,54.831772,34.7,343.0,-38131.26,-2925.80,,1,,,,,,,,,,,,,,,*78

$AIS,0,273392360,0,-100000.0,8.9,15.355100,54.814671,62.6,57.0,-38024.86,-4829.76,,1,,,,,,,,,,,,,,,*73

$OWN,0,261187000,0,100000.0,4.7,15.946845,54.859512,70.7,113.0,0.0,0.0,,1,,,,,,,,,,,,,,,*58

$WIND,,,T,,,R*12

$AIS,0,273418880,0,0.0,0.4,15.464477,54.811886,109.3,58.0,-31000.47,-5193.03,,1,,,,,,,,,,,,,,,*56

$AIS,0,273399760,3,0.0,0.0,15.349281,54.830059,236.2,231.0,-38386.43,-3113.81,,1,,,,,,,,,,,,,,,*67

$AIS,0,273370640,3,-0.0,0.3,15.353193,54.831772,34.7,343.0,-38133.52,-2925.36,,1,,,,,,,,,,,,,,,*74

$AIS,0,273392360,0,-100000.0,8.9,15.355100,54.814671,62.6,57.0,-38027.13,-4829.32,,1,,,,,,,,,,,,,,,*7C

$OWN,0,261187000,0,100000.0,4.6,15.946878,54.859512,73.0,116.0,0.0,0.0,,1,,,,,,,,,,,,,,,*56

$WIND,,,T,,,R*12

$AIS,0,273418880,0,0.0,0.4,15.464477,54.811886,109.3,58.0,-31002.62,-5193.02,,1,,,,,,,,,,,,,,,*52

$AIS,0,273399760,3,0.0,0.0,15.349281,54.830059,236.2,231.0,-38388.58,-3113.79,,1,,,,,,,,,,,,,,,*64

$AIS,0,273370640,3,-0.0,0.3,15.353193,54.831772,34.7,343.0,-38135.67,-2925.34,,1,,,,,,,,,,,,,,,*76

$AIS,0,273392360,0,-100000.0,8.9,15.355100,54.814671,62.6,57.0,-38029.28,-4829.30,,1,,,,,,,,,,,,,,,*78

$OWN,0,261187000,0,100000.0,4.6,15.946912,54.859509,75.4,118.0,0.0,0.0,,1,,,,,,,,,,,,,,,*5D

$WIND,,,T,,,R*12

$AIS,0,273418880,0,0.0,0.4,15.464477,54.811886,109.3,58.0,-31004.76,-5192.58,,1,,,,,,,,,,,,,,,*5F

$AIS,0,273399760,3,0.0,0.0,15.349281,54.830059,236.2,231.0,-38390.72,-3113.35,,1,,,,,,,,,,,,,,,*6D

$AIS,0,273370640,3,-0.0,0.3,15.353193,54.831772,34.7,343.0,-38137.81,-2924.90,,1,,,,,,,,,,,,,,,*73

$AIS,0,273392360,0,-100000.0,8.9,15.355100,54.814671,62.6,57.0,-38031.42,-4828.86,,1,,,,,,,,,,,,,,,*71

$OWN,0,261187000,0,100000.0,4.5,15.946945,54.859501,77.8,120.0,0.0,0.0,,1,,,,,,,,,,,,,,,*51

$WIND,,,T,,,R*12

$AIS,0,273418880,0,0.0,0.4,15.464477,54.811886,109.3,58.0,-31006.91,-5191.72,,1,,,,,,,,,,,,,,,*5F

$AIS,0,273399760,3,0.0,0.0,15.349281,54.830059,236.2,231.0,-38392.87,-3112.48,,1,,,,,,,,,,,,,,,*6E

$AIS,0,273370640,3,-0.0,0.3,15.353193,54.831772,34.7,343.0,-38139.96,-2924.03,,1,,,,,,,,,,,,,,,*71

$AIS,0,273392360,0,-100000.0,8.9,15.355100,54.814671,62.6,57.0,-38033.57,-4827.99,,1,,,,,,,,,,,,,,,*76

$OWN,0,261187000,0,100000.0,4.4,15.946977,54.859493,80.1,122.0,0.0,0.0,,1,,,,,,,,,,,,,,,*58

$WIND,,,T,,,R*12

$AIS,0,273418880,0,0.0,0.4,15.464477,54.811886,109.3,58.0,-31008.93,-5190.85,,1,,,,,,,,,,,,,,,*5A

$AIS,0,273399760,3,0.0,0.0,15.349281,54.830059,236.2,231.0,-38394.89,-3111.62,,1,,,,,,,,,,,,,,,*6D

$AIS,0,273370640,3,-0.0,0.3,15.353193,54.831772,34.7,343.0,-38141.98,-2923.16,,1,,,,,,,,,,,,,,,*73

$AIS,0,273392360,0,-100000.0,8.9,15.355100,54.814671,62.6,57.0,-38035.59,-4827.12,,1,,,,,,,,,,,,,,,*7D

$OWN,0,261187000,0,100000.0,4.3,15.947006,54.859489,82.4,125.0,0.0,0.0,,1,,,,,,,,,,,,,,,*5A

$WIND,,,T,,,R*12

$AIS,0,273418880,0,0.0,0.4,15.464477,54.811886,109.3,58.0,-31010.83,-5190.42,,1,,,,,,,,,,,,,,,*59

$AIS,0,273399760,3,0.0,0.0,15.349281,54.830059,236.2,231.0,-38396.79,-3111.18,,1,,,,,,,,,,,,,,,*6D

$AIS,0,273370640,3,-0.0,0.3,15.353193,54.831772,34.7,343.0,-38143.88,-2922.72,,1,,,,,,,,,,,,,,,*73

$AIS,0,273392360,0,-100000.0,8.9,15.355534,54.814816,60.6,58.0,-38009.47,-4810.79,,1,,,,,,,,,,,,,,,*75

$OWN,0,261187000,0,100000.0,4.2,15.947037,54.859482,84.8,127.0,0.0,0.0,,1,,,,,,,,,,,,,,,*5A

$WIND,,,T,,,R*12

$AIS,0,273418880,0,0.0,0.4,15.464477,54.811886,109.3,58.0,-31012.79,-5189.55,,1,,,,,,,,,,,,,,,*50

$AIS,0,273399760,3,0.0,0.0,15.349281,54.830059,236.2,231.0,-38398.75,-3110.31,,1,,,,,,,,,,,,,,,*65

$AIS,0,273370640,3,-0.0,0.3,15.353193,54.831772,34.7,343.0,-38145.84,-2921.86,,1,,,,,,,,,,,,,,,*71

$AIS,0,273392360,0,-100000.0,8.9,15.355534,54.814816,60.6,58.0,-38011.43,-4809.92,,1,,,,,,,,,,,,,,,*75

$OWN,0,261187000,0,100000.0,4.2,15.947065,54.859478,87.1,129.0,0.0,0.0,,1,,,,,,,,,,,,,,,*5C

$WIND,,,T,,,R*12

$AIS,0,273418880,0,0.0,0.4,15.464477,54.811886,109.3,58.0,-31014.63,-5189.12,,1,,,,,,,,,,,,,,,*5E

$AIS,0,273399760,3,0.0,0.0,15.349281,54.830059,236.2,231.0,-38400.58,-3109.87,,1,,,,,,,,,,,,,,,*69

$AIS,0,273392360,0,-100000.0,8.9,15.355534,54.814816,60.6,58.0,-38013.27,-4809.48,,1,,,,,,,,,,,,,,,*72

$OWN,0,261187000,0,100000.0,4.1,15.947095,54.859467,89.4,132.0,0.0,0.0,,1,,,,,,,,,,,,,,,*5F

$WIND,,,T,,,R*12

$AIS,0,273418880,0,0.0,0.4,15.464477,54.811886,109.3,58.0,-31016.53,-5187.83,,1,,,,,,,,,,,,,,,*59

$AIS,0,273399760,3,0.0,0.0,15.349281,54.830059,236.2,231.0,-38402.48,-3108.58,,1,,,,,,,,,,,,,,,*69

$AIS,0,273392360,0,-100000.0,8.9,15.355534,54.814816,60.6,58.0,-38015.17,-4808.19,,1,,,,,,,,,,,,,,,*72

$OWN,0,261187000,0,100000.0,4.1,15.947095,54.859467,89.4,132.0,0.0,0.0,,1,,,,,,,,,,,,,,,*5F

$WIND,,,T,,,R*12

$AIS,0,273418880,0,0.0,0.4,15.464477,54.811886,109.3,58.0,-31018.25,-5186.97,,1,,,,,,,,,,,,,,,*52

$AIS,0,273399760,3,0.0,0.0,15.349281,54.830059,236.2,231.0,-38404.20,-3107.72,,1,,,,,,,,,,,,,,,*66

$AIS,0,273392360,0,-100000.0,8.9,15.355534,54.814816,60.6,58.0,-38016.88,-4807.33,,1,,,,,,,,,,,,,,,*70

$OWN,0,261187000,0,100000.0,4.0,15.947122,54.859459,91.8,134.0,0.0,0.0,,1,,,,,,,,,,,,,,,*5D

$WIND,,,T,,,R*12

$AIS,0,273399760,3,-0.2,0.0,15.349280,54.830067,236.2,231.0,-38405.97,-3106.00,,1,,,,,,,,,,,,,,,*4C

$AIS,0,273392360,0,-100000.0,8.9,15.355534,54.814816,60.6,58.0,-38018.60,-4806.47,,1,,,,,,,,,,,,,,,*7A

$OWN,0,261187000,0,100000.0,4.0,15.947148,54.859451,94.1,137.0,0.0,0.0,,1,,,,,,,,,,,,,,,*56

$WIND,,,T,,,R*12

$AIS,0,273399760,3,-0.2,0.0,15.349280,54.830067,236.2,231.0,-38407.56,-3104.72,,1,,,,,,,,,,,,,,,*44

$AIS,0,273392360,0,-100000.0,8.9,15.355534,54.814816,60.6,58.0,-38020.19,-4805.18,,1,,,,,,,,,,,,,,,*76

$AIS,0,273418880,0,0.0,0.5,15.464514,54.811878,117.0,57.0,-31019.17,-5185.69,,1,,,,,,,,,,,,,,,*57

$OWN,0,261187000,0,100000.0,3.9,15.947173,54.859440,96.5,139.0,0.0,0.0,,1,,,,,,,,,,,,,,,*58

$WIND,,,T,,,R*12

$AIS,0,273399760,3,-0.2,0.0,15.349280,54.830067,236.2,231.0,-38409.15,-3103.86,,1,,,,,,,,,,,,,,,*41

$AIS,0,273392360,0,-100000.0,8.9,15.355906,54.814941,59.6,59.0,-37997.71,-4790.51,,1,,,,,,,,,,,,,,,*79

$AIS,0,273418880,0,0.0,0.5,15.464514,54.811878,117.0,57.0,-31020.77,-5184.83,,1,,,,,,,,,,,,,,,*5E

$OWN,0,261187000,0,100000.0,3.8,15.947198,54.859432,98.9,143.0,0.0,0.0,,1,,,,,,,,,,,,,,,*56

$WIND,,,T,,,R*12

$AIS,0,273399760,3,-0.2,0.0,15.349280,54.830067,236.2,231.0,-38409.15,-3103.86,,1,,,,,,,,,,,,,,,*41

$AIS,0,273392360,0,-100000.0,8.9,15.355906,54.814941,59.6,59.0,-37997.71,-4790.51,,1,,,,,,,,,,,,,,,*79

$AIS,0,273418880,0,0.0,0.5,15.464514,54.811878,117.0,57.0,-31020.77,-5184.83,,1,,,,,,,,,,,,,,,*5E

$OWN,0,261187000,0,100000.0,3.7,15.947245,54.859413,103.5,146.0,0.0,0.0,,1,,,,,,,,,,,,,,,*63

$WIND,,,T,,,R*12

$AIS,0,273399760,3,-0.2,0.0,15.349280,54.830067,236.2,231.0,-38412.16,-3101.71,,1,,,,,,,,,,,,,,,*42

$AIS,0,273392360,0,-100000.0,8.9,15.355906,54.814941,59.6,59.0,-38000.71,-4788.36,,1,,,,,,,,,,,,,,,*79

$AIS,0,273418880,0,0.0,0.5,15.464514,54.811878,117.0,57.0,-31023.77,-5182.69,,1,,,,,,,,,,,,,,,*5F

$AIS,0,273418870,0,0.0,0.3,15.287407,54.828297,111.5,51.0,-42388.59,-3263.00,,1,,,,,,,,,,,,,,,*55

$OWN,0,261187000,0,100000.0,3.7,15.947267,54.859402,105.8,148.0,0.0,0.0,,1,,,,,,,,,,,,,,,*66

$WIND,,,T,,,R*12

$AIS,0,273399760,3,-0.2,0.0,15.349280,54.830067,236.2,231.0,-38413.56,-3100.42,,1,,,,,,,,,,,,,,,*46

$AIS,0,273392360,0,-100000.0,8.9,15.355906,54.814941,59.6,59.0,-38002.12,-4787.08,,1,,,,,,,,,,,,,,,*7C

$AIS,0,273418880,0,0.0,0.5,15.464514,54.811878,117.0,57.0,-31025.18,-5181.40,,1,,,,,,,,,,,,,,,*58

$AIS,0,273418870,0,0.0,0.3,15.287407,54.828297,111.5,51.0,-42390.00,-3261.71,,1,,,,,,,,,,,,,,,*54

$OWN,0,261187000,0,100000.0,3.6,15.947287,54.859386,108.1,150.0,0.0,0.0,,1,,,,,,,,,,,,,,,*6F

$WIND,,,T,,,R*12

$AIS,0,273399760,3,-0.2,0.0,15.349280,54.830067,236.2,231.0,-38414.85,-3098.71,,1,,,,,,,,,,,,,,,*4F

$AIS,0,273392360,0,-100000.0,8.9,15.355906,54.814941,59.6,59.0,-38003.40,-4785.37,,1,,,,,,,,,,,,,,,*74

$AIS,0,273418880,0,0.0,0.5,15.464514,54.811878,117.0,57.0,-31026.47,-5179.70,,1,,,,,,,,,,,,,,,*55

$AIS,0,273418870,0,0.0,0.3,15.287407,54.828297,111.5,51.0,-42391.29,-3260.00,,1,,,,,,,,,,,,,,,*59

$AIS,0,273370640,3,3.6,0.3,15.353250,54.831776,53.5,343.0,-38158.27,-2910.72,,1,,,,,,,,,,,,,,,*5E

$OWN,0,261187000,0,100000.0,3.6,15.947307,54.859375,110.4,152.0,0.0,0.0,,1,,,,,,,,,,,,,,,*64

$WIND,,,T,,,R*12

$AIS,0,273399760,3,-0.2,0.0,15.349280,54.830067,236.2,231.0,-38416.14,-3097.43,,1,,,,,,,,,,,,,,,*4B

$AIS,0,273392360,0,-100000.0,8.9,15.355906,54.814941,59.6,59.0,-38004.69,-4784.09,,1,,,,,,,,,,,,,,,*74

$AIS,0,273418880,0,0.0,0.5,15.464514,54.811878,117.0,57.0,-31027.75,-5178.41,,1,,,,,,,,,,,,,,,*56

$AIS,0,273418870,0,0.0,0.3,15.287407,54.828297,111.5,51.0,-42392.57,-3258.72,,1,,,,,,,,,,,,,,,*5D

$AIS,0,273370640,3,3.6,0.3,15.353250,54.831776,53.5,343.0,-38159.55,-2909.43,,1,,,,,,,,,,,,,,,*50

$OWN,0,261187000,0,100000.0,3.5,15.947325,54.859364,112.7,154.0,0.0,0.0,,1,,,,,,,,,,,,,,,*60

$WIND,,,T,,,R*12

$AIS,0,273399760,3,-0.2,0.0,15.349280,54.830067,236.2,231.0,-38417.30,-3096.15,,1,,,,,,,,,,,,,,,*4E

$AIS,0,273392360,0,-100000.0,8.9,15.355906,54.814941,59.6,59.0,-38005.86,-4782.80,,1,,,,,,,,,,,,,,,*73

$AIS,0,273418880,0,0.0,0.5,15.464514,54.811878,117.0,57.0,-31028.92,-5177.13,,1,,,,,,,,,,,,,,,*58

$AIS,0,273418870,0,0.0,0.3,15.287407,54.828297,111.5,51.0,-42393.74,-3257.43,,1,,,,,,,,,,,,,,,*50

$AIS,0,273370640,3,3.6,0.3,15.353250,54.831776,53.5,343.0,-38160.72,-2908.15,,1,,,,,,,,,,,,,,,*5D

$OWN,0,261187000,0,100000.0,3.5,15.947343,54.859352,115.0,156.0,0.0,0.0,,1,,,,,,,,,,,,,,,*67

$WIND,,,T,,,R*12

$AIS,0,273399760,3,-0.2,0.0,15.349280,54.830067,236.2,231.0,-38418.47,-3094.86,,1,,,,,,,,,,,,,,,*49

$AIS,0,273392360,0,0.0,9.0,15.356340,54.815079,60.1,60.0,-37979.01,-4766.47,,1,,,,,,,,,,,,,,,*6B

$AIS,0,273418880,0,0.0,0.5,15.464514,54.811878,117.0,57.0,-31030.08,-5175.85,,1,,,,,,,,,,,,,,,*5F

$AIS,0,273418870,0,0.0,0.3,15.287407,54.828297,111.5,51.0,-42394.90,-3256.15,,1,,,,,,,,,,,,,,,*5F

$AIS,0,273370640,3,3.6,0.3,15.353250,54.831776,53.5,343.0,-38161.88,-2906.86,,1,,,,,,,,,,,,,,,*5D

$OWN,0,261187000,0,100000.0,3.4,15.947376,54.859329,119.6,159.0,0.0,0.0,,1,,,,,,,,,,,,,,,*69

$WIND,,,T,,,R*12

$AIS,0,273399760,3,-0.0,0.0,15.349280,54.830070,236.2,231.0,-38420.61,-3091.87,,1,,,,,,,,,,,,,,,*46

$AIS,0,273392360,0,0.0,9.0,15.356340,54.815079,60.1,60.0,-37981.15,-4763.91,,1,,,,,,,,,,,,,,,*67

$AIS,0,273418880,0,0.0,0.5,15.464548,54.811863,117.2,56.0,-31030.03,-5175.00,,1,,,,,,,,,,,,,,,*59

$AIS,0,273418870,0,0.0,0.3,15.287407,54.828297,111.5,51.0,-42397.05,-3253.58,,1,,,,,,,,,,,,,,,*5C

$AIS,0,273370640,3,3.6,0.3,15.353250,54.831776,53.5,343.0,-38164.03,-2904.30,,1,,,,,,,,,,,,,,,*54

$OWN,0,261187000,0,100000.0,3.4,15.947392,54.859314,121.9,161.0,0.0,0.0,,1,,,,,,,,,,,,,,,*62

$WIND,,,T,,,R*12

$AIS,0,273399760,3,-0.0,0.0,15.349280,54.830070,236.2,231.0,-38421.59,-3090.17,,1,,,,,,,,,,,,,,,*44

$AIS,0,273392360,0,0.0,9.0,15.356340,54.815079,60.1,60.0,-37982.13,-4762.20,,1,,,,,,,,,,,,,,,*69

$AIS,0,273418880,0,0.0,0.5,15.464548,54.811863,117.2,56.0,-31031.01,-5173.30,,1,,,,,,,,,,,,,,,*5F

$AIS,0,273418870,0,0.0,0.3,15.287407,54.828297,111.5,51.0,-42398.03,-3251.87,,1,,,,,,,,,,,,,,,*55

$AIS,0,273370640,3,3.6,0.3,15.353250,54.831776,53.5,343.0,-38165.01,-2902.59,,1,,,,,,,,,,,,,,,*5E

$OWN,0,261187000,0,100000.0,3.3,15.947407,54.859303,124.1,163.0,0.0,0.0,,1,,,,,,,,,,,,,,,*67

$WIND,,,T,,,R*12

$AIS,0,273399760,3,-0.0,0.0,15.349280,54.830070,236.2,231.0,-38422.57,-3088.88,,1,,,,,,,,,,,,,,,*46

$AIS,0,273392360,0,0.0,9.0,15.356340,54.815079,60.1,60.0,-37983.11,-4760.92,,1,,,,,,,,,,,,,,,*61

$AIS,0,273418880,0,0.0,0.5,15.464548,54.811863,117.2,56.0,-31031.99,-5172.02,,1,,,,,,,,,,,,,,,*5E

$AIS,0,273418870,0,0.0,0.3,15.287407,54.828297,111.5,51.0,-42399.01,-3250.59,,1,,,,,,,,,,,,,,,*54

$AIS,0,273370640,3,3.6,0.3,15.353250,54.831776,53.5,343.0,-38165.99,-2901.31,,1,,,,,,,,,,,,,,,*52

$OWN,0,261187000,0,100000.0,3.3,15.947418,54.859287,126.4,165.0,0.0,0.0,,1,,,,,,,,,,,,,,,*65

$WIND,,,T,,,R*12

$AIS,0,273399760,3,-0.0,0.0,15.349280,54.830070,236.2,231.0,-38423.30,-3087.18,,1,,,,,,,,,,,,,,,*40

$AIS,0,273392360,0,0.0,9.0,15.356340,54.815079,60.1,60.0,-37983.85,-4759.22,,1,,,,,,,,,,,,,,,*6D

$AIS,0,273418880,0,0.0,0.5,15.464548,54.811863,117.2,56.0,-31032.73,-5170.31,,1,,,,,,,,,,,,,,,*5B

$AIS,0,273418870,0,0.0,0.3,15.287407,54.828297,111.5,51.0,-42399.74,-3248.89,,1,,,,,,,,,,,,,,,*52

$AIS,0,273370640,3,3.6,0.3,15.353250,54.831776,53.5,343.0,-38166.72,-2899.61,,1,,,,,,,,,,,,,,,*51

$OWN,0,261187000,0,100000.0,3.3,15.947430,54.859276,128.8,167.0,0.0,0.0,,1,,,,,,,,,,,,,,,*61

$WIND,,,T,,,R*12

$AIS,0,273399760,3,-0.0,0.0,15.349280,54.830070,236.2,231.0,-38424.04,-3085.90,,1,,,,,,,,,,,,,,,*42

$AIS,0,273392360,0,0.0,9.0,15.356340,54.815079,60.1,60.0,-37984.58,-4757.94,,1,,,,,,,,,,,,,,,*69

$AIS,0,273418880,0,0.0,0.5,15.464548,54.811863,117.2,56.0,-31033.47,-5169.04,,1,,,,,,,,,,,,,,,*53

$AIS,0,273418870,0,0.0,0.3,15.287407,54.828297,111.5,51.0,-42400.48,-3247.61,,1,,,,,,,,,,,,,,,*53

$AIS,0,273370640,3,3.6,0.3,15.353250,54.831776,53.5,343.0,-38167.46,-2898.33,,1,,,,,,,,,,,,,,,*51

$OWN,0,261187000,0,100000.0,3.2,15.947442,54.859261,130.9,169.0,0.0,0.0,,1,,,,,,,,,,,,,,,*65

$WIND,,,T,,,R*12

$AIS,0,273399760,3,-0.0,0.0,15.349280,54.830070,236.2,231.0,-38424.83,-3084.20,,1,,,,,,,,,,,,,,,*47

$AIS,0,273392360,0,0.0,9.0,15.356340,54.815079,60.1,60.0,-37985.38,-4756.23,,1,,,,,,,,,,,,,,,*63

$AIS,0,273418880,0,0.0,0.5,15.464548,54.811863,117.2,56.0,-31034.26,-5167.33,,1,,,,,,,,,,,,,,,*59

$AIS,0,273370640,3,3.6,0.3,15.353250,54.831776,53.5,343.0,-38168.25,-2896.62,,1,,,,,,,,,,,,,,,*51

$OWN,0,261187000,0,100000.0,3.2,15.947442,54.859261,130.9,171.0,0.0,0.0,,1,,,,,,,,,,,,,,,*6C

$WIND,,,T,,,R*12

$AIS,0,273399760,3,-0.0,0.0,15.349280,54.830070,236.2,231.0,-38425.57,-3082.92,,1,,,,,,,,,,,,,,,*40

$AIS,0,273392360,0,0.0,9.0,15.356776,54.815224,60.3,60.0,-37957.97,-4739.06,,1,,,,,,,,,,,,,,,*6E

$AIS,0,273418880,0,0.0,0.5,15.464548,54.811863,117.2,56.0,-31035.00,-5166.05,,1,,,,,,,,,,,,,,,*58

$OWN,0,261187000,0,100000.0,3.2,15.947453,54.859249,133.1,171.0,0.0,0.0,,1,,,,,,,,,,,,,,,*6D

$WIND,,,T,,,R*12

$AIS,0,273399760,3,-0.0,0.0,15.349280,54.830070,236.2,231.0,-38426.12,-3081.21,,1,,,,,,,,,,,,,,,*49

$AIS,0,273392360,0,0.0,9.0,15.356776,54.815224,60.3,60.0,-37958.52,-4737.36,,1,,,,,,,,,,,,,,,*65

$AIS,0,273418880,0,0.0,0.5,15.464548,54.811863,117.2,56.0,-31035.55,-5164.35,,1,,,,,,,,,,,,,,,*59

$OWN,0,261187000,0,100000.0,3.2,15.947462,54.859234,135.3,173.0,0.0,0.0,,1,,,,,,,,,,,,,,,*63

$WIND,,,T,,,R*12

$AIS,0,273399760,3,-0.0,0.0,15.349280,54.830070,236.2,231.0,-38426.73,-3079.51,,1,,,,,,,,,,,,,,,*4E

$AIS,0,273392360,0,0.0,9.0,15.356776,54.815224,60.3,60.0,-37959.14,-4735.65,,1,,,,,,,,,,,,,,,*62

$AIS,0,273418880,0,0.0,0.5,15.464548,54.811863,117.2,56.0,-31036.16,-5162.65,,1,,,,,,,,,,,,,,,*5E

$OWN,0,261187000,0,100000.0,3.1,15.947472,54.859219,137.6,175.0,0.0,0.0,,1,,,,,,,,,,,,,,,*6F

$WIND,,,T,,,R*12

$AIS,0,273399760,3,-0.0,0.0,15.349280,54.830070,236.2,231.0,-38427.16,-3078.23,,1,,,,,,,,,,,,,,,*48

$AIS,0,273392360,0,0.0,9.0,15.356776,54.815224,60.3,60.0,-37959.57,-4734.38,,1,,,,,,,,,,,,,,,*6C

$AIS,0,273418880,0,0.0,0.5,15.464548,54.811863,117.2,56.0,-31036.59,-5161.37,,1,,,,,,,,,,,,,,,*51

$OWN,0,261187000,0,100000.0,3.1,15.947478,54.859207,139.8,177.0,0.0,0.0,,1,,,,,,,,,,,,,,,*68

$WIND,,,T,,,R*12

$AIS,0,273392360,0,0.0,9.0,15.356776,54.815224,60.3,60.0,-37960.12,-4732.67,,1,,,,,,,,,,,,,,,*6B

$AIS,0,273418880,0,0.0,0.5,15.464548,54.811863,117.2,56.0,-31037.14,-5159.67,,1,,,,,,,,,,,,,,,*57

$OWN,0,261187000,0,100000.0,3.1,15.947487,54.859192,141.9,179.0,0.0,0.0,,1,,,,,,,,,,,,,,,*67

$WIND,,,T,,,R*12

$AIS,0,273392360,0,0.0,9.0,15.356776,54.815224,60.3,60.0,-37960.42,-4730.97,,1,,,,,,,,,,,,,,,*63

$AIS,0,273418880,0,0.0,0.5,15.464586,54.811855,108.8,56.0,-31035.00,-5158.84,,1,,,,,,,,,,,,,,,*5F

$OWN,0,261187000,0,100000.0,3.1,15.947492,54.859177,144.2,181.0,0.0,0.0,,1,,,,,,,,,,,,,,,*61

$WIND,,,T,,,R*12

$AIS,0,273392360,0,0.0,9.1,15.357152,54.815353,59.9,60.0,-37936.46,-4715.47,,1,,,,,,,,,,,,,,,*6F

$AIS,0,273418880,0,0.0,0.5,15.464586,54.811855,108.8,56.0,-31035.31,-5157.56,,1,,,,,,,,,,,,,,,*5D

$OWN,0,261187000,0,100000.0,3.0,15.947496,54.859165,146.4,183.0,0.0,0.0,,1,,,,,,,,,,,,,,,*61

$WIND,,,T,,,R*12

$AIS,0,273392360,0,0.0,9.1,15.357152,54.815353,59.9,60.0,-37936.71,-4713.77,,1,,,,,,,,,,,,,,,*6E

$AIS,0,273418880,0,0.0,0.5,15.464586,54.811855,108.8,56.0,-31035.56,-5155.86,,1,,,,,,,,,,,,,,,*53

$OWN,0,261187000,0,100000.0,3.0,15.947500,54.859150,148.6,185.0,0.0,0.0,,1,,,,,,,,,,,,,,,*63

$WIND,,,T,,,R*12

$AIS,0,273392360,0,0.0,9.1,15.357152,54.815353,59.9,60.0,-37936.89,-4712.07,,1,,,,,,,,,,,,,,,*6F

$AIS,0,273418880,0,0.0,0.5,15.464586,54.811855,108.8,56.0,-31035.74,-5154.16,,1,,,,,,,,,,,,,,,*5B

$AIS,0,229630000,0,0.0,11.2,14.933167,55.397835,87.0,86.0,-64240.85,60415.36,,1,,,,,,,,,,,,,,,*4D

$OWN,0,261187000,0,100000.0,3.0,15.947507,54.859119,152.8,189.0,0.0,0.0,,1,,,,,,,,,,,,,,,*60

$WIND,,,T,,,R*12

$AIS,0,273392360,0,0.0,9.1,15.357152,54.815353,59.9,60.0,-37937.14,-4710.37,,1,,,,,,,,,,,,,,,*6B

$AIS,0,273418880,0,0.0,0.5,15.464586,54.811855,108.8,56.0,-31035.98,-5152.46,,1,,,,,,,,,,,,,,,*5A

$AIS,0,229630000,0,0.0,11.2,14.933167,55.397835,87.0,86.0,-64241.09,60417.06,,1,,,,,,,,,,,,,,,*49

$OWN,0,261187000,0,100000.0,2.9,15.947508,54.859108,154.9,191.0,0.0,0.0,,1,,,,,,,,,,,,,,,*69

$WIND,,,T,,,R*12

$AIS,0,273392360,0,0.0,9.1,15.357152,54.815353,59.9,60.0,-37937.20,-4709.09,,1,,,,,,,,,,,,,,,*69

$AIS,0,273418880,0,0.0,0.5,15.464586,54.811855,108.8,56.0,-31036.05,-5151.19,,1,,,,,,,,,,,,,,,*54

$AIS,0,229630000,0,0.0,11.2,14.933167,55.397835,87.0,86.0,-64241.15,60418.34,,1,,,,,,,,,,,,,,,*4A

$AIS,0,273370640,3,3.6,0.2,15.353290,54.831791,70.5,343.0,-38169.89,-2877.93,,1,,,,,,,,,,,,,,,*52

$OWN,0,261187000,0,100000.0,2.9,15.947508,54.859093,157.2,193.0,0.0,0.0,,1,,,,,,,,,,,,,,,*60

$WIND,,,T,,,R*12

$AIS,0,273392360,0,0.0,9.1,15.357152,54.815353,59.9,60.0,-37937.20,-4707.40,,1,,,,,,,,,,,,,,,*6A

$AIS,0,273418880,0,0.0,0.5,15.464586,54.811855,108.8,56.0,-31036.05,-5149.49,,1,,,,,,,,,,,,,,,*58

$AIS,0,229630000,0,0.0,11.2,14.933167,55.397835,87.0,86.0,-64241.15,60420.03,,1,,,,,,,,,,,,,,,*45

$AIS,0,273370640,3,3.6,0.2,15.353290,54.831791,70.5,343.0,-38169.89,-2876.23,,1,,,,,,,,,,,,,,,*58

$OWN,0,261187000,0,100000.0,2.9,15.947508,54.859077,159.3,196.0,0.0,0.0,,1,,,,,,,,,,,,,,,*60

$WIND,,,T,,,R*12

$AIS,0,273392360,0,0.0,9.1,15.357152,54.815353,59.9,60.0,-37937.20,-4705.70,,1,,,,,,,,,,,,,,,*6B

$AIS,0,273418880,0,0.0,0.5,15.464586,54.811855,108.8,56.0,-31036.05,-5147.79,,1,,,,,,,,,,,,,,,*55

$AIS,0,229630000,0,0.0,11.2,14.933167,55.397835,87.0,86.0,-64241.15,60421.73,,1,,,,,,,,,,,,,,,*43

$AIS,0,273370640,3,3.6,0.2,15.353290,54.831791,70.5,343.0,-38169.89,-2874.54,,1,,,,,,,,,,,,,,,*5A

$OWN,0,261187000,0,100000.0,2.9,15.947508,54.859077,159.3,196.0,0.0,0.0,,1,,,,,,,,,,,,,,,*60

$WIND,,,T,,,R*12

$AIS,0,273392360,0,0.0,9.1,15.357152,54.815353,59.9,60.0,-37937.20,-4705.70,,1,,,,,,,,,,,,,,,*6B

$AIS,0,273418880,0,0.0,0.5,15.464586,54.811855,108.8,56.0,-31036.05,-5147.79,,1,,,,,,,,,,,,,,,*55

$AIS,0,229630000,0,0.0,11.2,14.933167,55.397835,87.0,86.0,-64241.15,60421.73,,1,,,,,,,,,,,,,,,*43

$AIS,0,273370640,3,3.6,0.2,15.353290,54.831791,70.5,343.0,-38169.89,-2874.54,,1,,,,,,,,,,,,,,,*5A

$OWN,0,261187000,0,100000.0,2.9,15.947508,54.859062,161.4,198.0,0.0,0.0,,1,,,,,,,,,,,,,,,*66

$WIND,,,T,,,R*12

$AIS,0,273392360,0,0.0,9.1,15.357152,54.815353,59.9,60.0,-37937.20,-4704.00,,1,,,,,,,,,,,,,,,*6D

$AIS,0,273418880,0,0.0,0.5,15.464586,54.811855,108.8,56.0,-31036.05,-5146.10,,1,,,,,,,,,,,,,,,*5B

$AIS,0,229630000,0,0.0,11.2,14.933167,55.397835,87.0,86.0,-64241.15,60423.43,,1,,,,,,,,,,,,,,,*42

$AIS,0,273370640,3,3.6,0.2,15.353290,54.831791,70.5,343.0,-38169.89,-2872.84,,1,,,,,,,,,,,,,,,*51

$OWN,0,261187000,0,100000.0,2.9,15.947507,54.859051,163.5,200.0,0.0,0.0,,1,,,,,,,,,,,,,,,*68

$WIND,,,T,,,R*12

$AIS,0,273392360,0,0.0,9.1,15.357152,54.815353,59.9,60.0,-37937.14,-4702.73,,1,,,,,,,,,,,,,,,*68

$AIS,0,229630000,0,0.0,11.2,14.933167,55.397835,87.0,86.0,-64241.09,60424.70,,1,,,,,,,,,,,,,,,*48

$AIS,0,273370640,3,3.6,0.2,15.353290,54.831791,70.5,343.0,-38169.83,-2871.56,,1,,,,,,,,,,,,,,,*57

$OWN,0,261187000,0,100000.0,2.8,15.947502,54.859024,167.7,204.0,0.0,0.0,,1,,,,,,,,,,,,,,,*6C

$WIND,,,T,,,R*12

$AIS,0,229630000,0,0.0,11.2,14.933167,55.397835,87.0,86.0,-64240.79,60427.67,,1,,,,,,,,,,,,,,,*4B

$AIS,0,273370640,3,3.6,0.2,15.353290,54.831791,70.5,343.0,-38169.53,-2868.60,,1,,,,,,,,,,,,,,,*57

$OWN,0,261187000,0,100000.0,2.8,15.947498,54.859009,169.7,205.0,0.0,0.0,,1,,,,,,,,,,,,,,,*6E

$WIND,,,T,,,R*12

$AIS,0,229630000,0,0.0,11.2,14.933167,55.397835,87.0,86.0,-64240.55,60429.36,,1,,,,,,,,,,,,,,,*4F

$AIS,0,273370640,3,3.6,0.2,15.353290,54.831791,70.5,343.0,-38169.28,-2866.90,,1,,,,,,,,,,,,,,,*5A

$OWN,0,261187000,0,100000.0,2.8,15.947494,54.858994,171.8,207.0,0.0,0.0,,1,,,,,,,,,,,,,,,*6A

$WIND,,,T,,,R*12

$AIS,0,229630000,0,0.0,11.2,14.933167,55.397835,87.0,86.0,-64240.24,60431.06,,1,,,,,,,,,,,,,,,*43

$AIS,0,273370640,3,3.6,0.2,15.353290,54.831791,70.5,343.0,-38168.97,-2865.20,,1,,,,,,,,,,,,,,,*57

$OWN,0,261187000,0,100000.0,2.8,15.947487,54.858982,173.9,209.0,0.0,0.0,,1,,,,,,,,,,,,,,,*62

$WIND,,,T,,,R*12

$AIS,0,273370640,3,3.6,0.2,15.353290,54.831791,70.5,343.0,-38168.55,-2863.94,,1,,,,,,,,,,,,,,,*50

$OWN,0,261187000,0,100000.0,2.8,15.947482,54.858967,175.9,211.0,0.0,0.0,,1,,,,,,,,,,,,,,,*63

$WIND,,,T,,,R*12

$AIS,0,273370640,3,3.6,0.2,15.353290,54.831791,70.5,343.0,-38168.24,-2862.24,,1,,,,,,,,,,,,,,,*5C

$OWN,0,261187000,0,100000.0,2.8,15.947475,54.858955,177.9,213.0,0.0,0.0,,1,,,,,,,,,,,,,,,*6A

$WIND,,,T,,,R*12

$OWN,0,261187000,0,100000.0,2.8,15.947467,54.858940,180.1,215.0,0.0,0.0,,1,,,,,,,,,,,,,,,*6B

$WIND,,,T,,,R*12

$OWN,0,261187000,0,100000.0,2.8,15.947467,54.858940,180.1,215.0,0.0,0.0,,1,,,,,,,,,,,,,,,*6B

$WIND,,,T,,,R*12

$AIS,0,273418880,0,0.0,0.5,15.464660,54.811836,125.6,54.0,-31028.71,-5134.69,,1,,,,,,,,,,,,,,,*51

$OWN,0,261187000,0,100000.0,2.8,15.947458,54.858929,182.0,217.0,0.0,0.0,,1,,,,,,,,,,,,,,,*69

$WIND,,,T,,,R*12

$AIS,0,273418880,0,0.0,0.5,15.464660,54.811836,125.6,54.0,-31028.15,-5133.42,,1,,,,,,,,,,,,,,,*5D

$OWN,0,261187000,0,100000.0,2.8,15.947450,54.858917,183.9,219.0,0.0,0.0,,1,,,,,,,,,,,,,,,*6A

$WIND,,,T,,,R*12

$AIS,0,273418880,0,0.0,0.5,15.464660,54.811836,125.6,54.0,-31027.60,-5132.15,,1,,,,,,,,,,,,,,,*53

$OWN,0,261187000,0,100000.0,2.8,15.947440,54.858906,186.0,220.0,0.0,0.0,,1,,,,,,,,,,,,,,,*6D

$WIND,,,T,,,R*12

$AIS,0,273418880,0,0.0,0.5,15.464660,54.811836,125.6,54.0,-31026.99,-5130.88,,1,,,,,,,,,,,,,,,*52

$OWN,0,261187000,0,100000.0,2.7,15.947430,54.858891,187.9,222.0,0.0,0.0,,1,,,,,,,,,,,,,,,*60

$WIND,,,T,,,R*12

$AIS,0,273418880,0,0.0,0.5,15.464660,54.811836,125.6,54.0,-31025.58,-5127.92,,1,,,,,,,,,,,,,,,*51

$OWN,0,261187000,0,100000.0,2.7,15.947418,54.858879,190.0,224.0,0.0,0.0,,1,,,,,,,,,,,,,,,*65

$WIND,,,T,,,R*12

$AIS,0,273418880,0,0.0,0.5,15.464660,54.811836,125.6,54.0,-31024.84,-5127.07,,1,,,,,,,,,,,,,,,*5D

$AIS,0,229630000,0,0.0,11.1,14.935000,55.397835,88.0,86.0,-64118.61,60442.87,,1,,,,,,,,,,,,,,,*4B

$OWN,0,261187000,0,100000.0,2.7,15.947407,54.858871,192.1,226.0,0.0,0.0,,1,,,,,,,,,,,,,,,*62

$WIND,,,T,,,R*12

$AIS,0,273418880,0,0.0,0.5,15.464660,54.811836,125.6,54.0,-31024.11,-5125.80,,1,,,,,,,,,,,,,,,*5C

$AIS,0,229630000,0,0.0,11.1,14.935000,55.397835,88.0,86.0,-64117.88,60444.13,,1,,,,,,,,,,,,,,,*48

$OWN,0,261187000,0,100000.0,2.7,15.947395,54.858860,194.0,228.0,0.0,0.0,,1,,,,,,,,,,,,,,,*67

$WIND,,,T,,,R*12

$AIS,0,273418880,0,0.0,0.5,15.464660,54.811836,125.6,54.0,-31023.25,-5124.54,,1,,,,,,,,,,,,,,,*54

$AIS,0,229630000,0,0.0,11.1,14.935000,55.397835,88.0,86.0,-64117.04,60445.39,,1,,,,,,,,,,,,,,,*45

$OWN,0,261187000,0,100000.0,2.7,15.947382,54.858849,196.0,230.0,0.0,0.0,,1,,,,,,,,,,,,,,,*61

$WIND,,,T,,,R*12

$AIS,0,273418880,0,0.0,0.5,15.464660,54.811836,125.6,54.0,-31022.39,-5123.27,,1,,,,,,,,,,,,,,,*5B

$AIS,0,229630000,0,0.0,11.1,14.935000,55.397835,88.0,86.0,-64116.19,60446.66,,1,,,,,,,,,,,,,,,*41

$OWN,0,261187000,0,100000.0,2.7,15.947369,54.858837,198.0,232.0,0.0,0.0,,1,,,,,,,,,,,,,,,*61

$WIND,,,T,,,R*12

$AIS,0,273418880,0,0.0,0.5,15.464660,54.811836,125.6,54.0,-31021.53,-5122.00,,1,,,,,,,,,,,,,,,*50

$AIS,0,229630000,0,0.0,11.1,14.935000,55.397835,88.0,86.0,-64115.34,60447.92,,1,,,,,,,,,,,,,,,*47

$OWN,0,261187000,0,100000.0,2.7,15.947340,54.858814,202.0,235.0,0.0,0.0,,1,,,,,,,,,,,,,,,*6C

$WIND,,,T,,,R*12

$AIS,0,273418880,0,0.0,0.5,15.464660,54.811836,125.6,54.0,-31020.55,-5120.73,,1,,,,,,,,,,,,,,,*51

$AIS,0,229630000,0,0.0,11.1,14.935000,55.397835,88.0,86.0,-64114.38,60449.18,,1,,,,,,,,,,,,,,,*46

$OWN,0,261187000,0,100000.0,2.7,15.947325,54.858807,203.8,237.0,0.0,0.0,,1,,,,,,,,,,,,,,,*66

$WIND,,,T,,,R*12

$AIS,0,229630000,0,0.0,11.1,14.935000,55.397835,88.0,86.0,-64113.41,60450.01,,1,,,,,,,,,,,,,,,*4F

$OWN,0,261187000,0,100000.0,2.7,15.947310,54.858795,205.8,239.0,0.0,0.0,,1,,,,,,,,,,,,,,,*6C

$WIND,,,T,,,R*12

$AIS,0,229630000,0,0.0,11.1,14.935000,55.397835,88.0,86.0,-64112.51,60451.27,,1,,,,,,,,,,,,,,,*4A

$OWN,0,261187000,0,100000.0,2.7,15.947310,54.858795,205.8,239.0,0.0,0.0,,1,,,,,,,,,,,,,,,*6C

$WIND,,,T,,,R*12

$AIS,0,229630000,0,0.0,11.1,14.935000,55.397835,88.0,86.0,-64112.51,60451.27,,1,,,,,,,,,,,,,,,*4A

$OWN,0,261187000,0,100000.0,2.7,15.947291,54.858784,207.9,241.0,0.0,0.0,,1,,,,,,,,,,,,,,,*68

$WIND,,,T,,,R*12

$AIS,0,229630000,0,0.0,11.1,14.935000,55.397835,88.0,86.0,-64111.30,60452.53,,1,,,,,,,,,,,,,,,*4E

$OWN,0,261187000,0,100000.0,2.7,15.947275,54.858776,209.7,243.0,0.0,0.0,,1,,,,,,,,,,,,,,,*6D

$WIND,,,T,,,R*12

$AIS,0,229630000,0,0.0,11.1,14.935000,55.397835,88.0,86.0,-64110.27,60453.36,,1,,,,,,,,,,,,,,,*4B

$OWN,0,261187000,0,100000.0,2.7,15.947258,54.858768,211.7,247.0,0.0,0.0,,1,,,,,,,,,,,,,,,*60

$WIND,,,T,,,R*12

$AIS,0,273392360,0,0.0,9.1,15.359303,54.816071,60.8,60.0,-37782.22,-4592.81,,1,,,,,,,,,,,,,,,*68

$OWN,0,261187000,0,100000.0,2.7,15.947240,54.858757,213.7,249.0,0.0,0.0,,1,,,,,,,,,,,,,,,*69

$WIND,,,T,,,R*12

$AIS,0,273392360,0,0.0,9.1,15.359303,54.816071,60.8,60.0,-37781.05,-4591.55,,1,,,,,,,,,,,,,,,*64

$OWN,0,261187000,0,100000.0,2.7,15.947222,54.858749,215.7,251.0,0.0,0.0,,1,,,,,,,,,,,,,,,*6D

$WIND,,,T,,,R*12

$AIS,0,273392360,0,0.0,9.1,15.359303,54.816071,60.8,60.0,-37779.89,-4590.71,,1,,,,,,,,,,,,,,,*60

$OWN,0,261187000,0,100000.0,2.7,15.947204,54.858742,217.6,252.0,0.0,0.0,,1,,,,,,,,,,,,,,,*62

$WIND,,,T,,,R*12

$AIS,0,273392360,0,0.0,9.1,15.359303,54.816071,60.8,60.0,-37778.72,-4589.87,,1,,,,,,,,,,,,,,,*64

$AIS,0,273397740,3,0.0,1.9,15.342750,54.833416,247.2,247.0,-38825.83,-2650.73,,1,,,,,,,,,,,,,,,*68

$OWN,0,261187000,0,100000.0,2.7,15.947185,54.858734,219.5,252.0,0.0,0.0,,1,,,,,,,,,,,,,,,*64

$WIND,,,T,,,R*12

$AIS,0,273392360,0,0.0,9.1,15.359303,54.816071,60.8,60.0,-37777.50,-4589.03,,1,,,,,,,,,,,,,,,*67

$AIS,0,273397740,3,0.0,1.9,15.342750,54.833416,247.2,247.0,-38824.60,-2649.89,,1,,,,,,,,,,,,,,,*69

$OWN,0,261187000,0,100000.0,2.7,15.947165,54.858727,221.4,254.0,0.0,0.0,,1,,,,,,,,,,,,,,,*64

$WIND,,,T,,,R*12

$AIS,0,273392360,0,0.0,9.1,15.359303,54.816071,60.8,60.0,-37776.21,-4588.19,,1,,,,,,,,,,,,,,,*6A

$AIS,0,273397740,3,0.0,1.9,15.342750,54.833416,247.2,247.0,-38823.31,-2649.06,,1,,,,,,,,,,,,,,,*6D

$AIS,0,273399760,3,0.0,0.0,15.349258,54.830070,236.2,231.0,-38408.41,-3024.91,,1,,,,,,,,,,,,,,,*6F

$OWN,0,261187000,0,100000.0,2.7,15.947145,54.858719,223.4,256.0,0.0,0.0,,1,,,,,,,,,,,,,,,*6B

$WIND,,,T,,,R*12

$AIS,0,273392360,0,0.0,9.1,15.359303,54.816071,60.8,60.0,-37774.99,-4587.35,,1,,,,,,,,,,,,,,,*6A

$AIS,0,273397740,3,0.0,1.9,15.342750,54.833416,247.2,247.0,-38822.09,-2648.22,,1,,,,,,,,,,,,,,,*60

$AIS,0,273399760,3,0.0,0.0,15.349258,54.830070,236.2,231.0,-38407.19,-3024.07,,1,,,,,,,,,,,,,,,*62

$OWN,0,261187000,0,100000.0,2.7,15.947124,54.858715,225.5,258.0,0.0,0.0,,1,,,,,,,,,,,,,,,*69

$WIND,,,T,,,R*12

$AIS,0,273392360,0,0.0,9.1,15.359303,54.816071,60.8,60.0,-37773.58,-4586.94,,1,,,,,,,,,,,,,,,*6A

$AIS,0,273397740,3,0.0,1.9,15.342750,54.833416,247.2,247.0,-38820.68,-2647.80,,1,,,,,,,,,,,,,,,*62

$AIS,0,273399760,3,0.0,0.0,15.349258,54.830070,236.2,231.0,-38405.78,-3023.66,,1,,,,,,,,,,,,,,,*67

$OWN,0,261187000,0,100000.0,2.7,15.947104,54.858707,227.4,260.0,0.0,0.0,,1,,,,,,,,,,,,,,,*60

$WIND,,,T,,,R*12

$AIS,0,273392360,0,0.0,9.1,15.359303,54.816071,60.8,60.0,-37772.29,-4586.10,,1,,,,,,,,,,,,,,,*61

$AIS,0,273397740,3,0.0,1.9,15.342750,54.833416,247.2,247.0,-38819.39,-2646.97,,1,,,,,,,,,,,,,,,*6B

$AIS,0,273399760,3,0.0,0.0,15.349258,54.830070,236.2,231.0,-38404.49,-3022.82,,1,,,,,,,,,,,,,,,*6F

$OWN,0,261187000,0,100000.0,2.7,15.947082,54.858704,229.5,262.0,0.0,0.0,,1,,,,,,,,,,,,,,,*61

$WIND,,,T,,,R*12

$AIS,0,273392360,0,0.0,9.1,15.359303,54.816071,60.8,60.0,-37770.88,-4585.69,,1,,,,,,,,,,,,,,,*65

$AIS,0,273397740,3,0.0,1.9,15.342750,54.833416,247.2,247.0,-38817.99,-2646.55,,1,,,,,,,,,,,,,,,*61

$AIS,0,273399760,3,0.0,0.0,15.349258,54.830070,236.2,231.0,-38403.08,-3022.41,,1,,,,,,,,,,,,,,,*62

$OWN,0,261187000,0,100000.0,2.7,15.947060,54.858700,231.5,266.0,0.0,0.0,,1,,,,,,,,,,,,,,,*64

$WIND,,,T,,,R*12

$AIS,0,273392360,0,0.0,9.1,15.359303,54.816071,60.8,60.0,-37769.47,-4585.28,,1,,,,,,,,,,,,,,,*6B

$AIS,0,273397740,3,0.0,1.9,15.342750,54.833416,247.2,247.0,-38816.58,-2646.14,,1,,,,,,,,,,,,,,,*68

$AIS,0,273399760,3,0.0,0.0,15.349258,54.830070,236.2,231.0,-38401.68,-3021.99,,1,,,,,,,,,,,,,,,*60

$OWN,0,261187000,0,100000.0,2.7,15.947039,54.858692,233.3,268.0,0.0,0.0,,1,,,,,,,,,,,,,,,*68

$WIND,,,T,,,R*12

$AIS,0,273397740,3,0.0,1.9,15.342750,54.833416,247.2,247.0,-38815.23,-2645.30,,1,,,,,,,,,,,,,,,*62

$AIS,0,273399760,3,0.0,0.0,15.349258,54.830070,236.2,231.0,-38400.33,-3021.16,,1,,,,,,,,,,,,,,,*68

$OWN,0,261187000,0,100000.0,2.7,15.947017,54.858688,235.3,270.0,0.0,0.0,,1,,,,,,,,,,,,,,,*60

$WIND,,,T,,,R*12

$AIS,0,273397740,3,0.0,1.9,15.342750,54.833416,247.2,247.0,-38813.82,-2644.89,,1,,,,,,,,,,,,,,,*6C

$AIS,0,273399760,3,0.0,0.0,15.349258,54.830070,236.2,231.0,-38398.92,-3020.74,,1,,,,,,,,,,,,,,,*60

$OWN,0,261187000,0,100000.0,2.7,15.946995,54.858685,237.3,271.0,0.0,0.0,,1,,,,,,,,,,,,,,,*6C

$WIND,,,T,,,R*12

$AIS,0,273397740,3,0.0,1.9,15.342750,54.833416,247.2,247.0,-38810.94,-2644.07,,1,,,,,,,,,,,,,,,*6E

$AIS,0,273399760,3,0.0,0.0,15.349258,54.830070,236.2,231.0,-38396.04,-3019.92,,1,,,,,,,,,,,,,,,*63

$OWN,0,261187000,0,100000.0,2.7,15.946972,54.858681,239.3,271.0,0.0,0.0,,1,,,,,,,,,,,,,,,*6F

$WIND,,,T,,,R*12

$AIS,0,273399760,3,0.0,0.0,15.349258,54.830070,236.2,231.0,-38394.51,-3019.51,,1,,,,,,,,,,,,,,,*6E

$OWN,0,261187000,0,100000.0,2.7,15.946948,54.858677,241.3,273.0,0.0,0.0,,1,,,,,,,,,,,,,,,*62

$WIND,,,T,,,R*12

$OWN,0,261187000,0,100000.0,2.7,15.946927,54.858677,243.3,275.0,0.0,0.0,,1,,,,,,,,,,,,,,,*6F

$WIND,,,T,,,R*12

$OWN,0,261187000,0,100000.0,2.7,15.946903,54.858673,245.3,277.0,0.0,0.0,,1,,,,,,,,,,,,,,,*69

$WIND,,,T,,,R*12

$OWN,0,261187000,0,100000.0,2.7,15.946880,54.858673,247.4,279.0,0.0,0.0,,1,,,,,,,,,,,,,,,*68

$WIND,,,T,,,R*12

$OWN,0,261187000,0,100000.0,2.7,15.946858,54.858673,249.4,281.0,0.0,0.0,,1,,,,,,,,,,,,,,,*64

$WIND,,,T,,,R*12

$OWN,0,261187000,0,100000.0,2.7,15.946834,54.858673,251.3,283.0,0.0,0.0,,1,,,,,,,,,,,,,,,*62

$WIND,,,T,,,R*12

$OWN,0,261187000,0,100000.0,2.7,15.946812,54.858673,253.3,285.0,0.0,0.0,,1,,,,,,,,,,,,,,,*62

$WIND,,,T,,,R*12

$OWN,0,261187000,0,100000.0,2.7,15.946789,54.858673,255.3,287.0,0.0,0.0,,1,,,,,,,,,,,,,,,*6B

$WIND,,,T,,,R*12

$OWN,0,261187000,0,100000.0,2.7,15.946765,54.858673,257.3,289.0,0.0,0.0,,1,,,,,,,,,,,,,,,*65

$WIND,,,T,,,R*12

$OWN,0,261187000,0,100000.0,2.7,15.946743,54.858673,259.5,291.0,0.0,0.0,,1,,,,,,,,,,,,,,,*60

$WIND,,,T,,,R*12

$OWN,0,261187000,0,100000.0,2.7,15.946720,54.858677,261.5,293.0,0.0,0.0,,1,,,,,,,,,,,,,,,*68

$WIND,,,T,,,R*12

$OWN,0,261187000,0,100000.0,2.7,15.946696,54.858681,263.5,295.0,0.0,0.0,,1,,,,,,,,,,,,,,,*69

$WIND,,,T,,,R*12

$OWN,0,261187000,0,100000.0,2.7,15.946675,54.858681,265.7,297.0,0.0,0.0,,1,,,,,,,,,,,,,,,*62

$WIND,,,T,,,R*12

$OWN,0,261187000,0,100000.0,2.7,15.946653,54.858688,267.8,299.0,0.0,0.0,,1,,,,,,,,,,,,,,,*6C

$WIND,,,T,,,R*12

$OWN,0,261187000,0,100000.0,2.7,15.946631,54.858688,269.9,301.0,0.0,0.0,,1,,,,,,,,,,,,,,,*67

$WIND,,,T,,,R*12

$AIS,0,229630000,0,0.0,11.1,14.938334,55.397999,89.0,85.0,-63856.82,60476.85,,1,,,,,,,,,,,,,,,*4B

$OWN,0,261187000,0,100000.0,2.7,15.946610,54.858696,272.1,303.0,0.0,0.0,,1,,,,,,,,,,,,,,,*6B

$WIND,,,T,,,R*12

$AIS,0,229630000,0,0.0,11.1,14.938334,55.397999,89.0,85.0,-63856.82,60476.85,,1,,,,,,,,,,,,,,,*4B

$OWN,0,261187000,0,100000.0,2.7,15.946589,54.858700,274.2,305.0,0.0,0.0,,1,,,,,,,,,,,,,,,*65

$WIND,,,T,,,R*12

$AIS,0,229630000,0,0.0,11.1,14.938334,55.397999,89.0,85.0,-63855.43,60476.41,,1,,,,,,,,,,,,,,,*4D

$OWN,0,261187000,0,100000.0,2.7,15.946567,54.858704,276.2,307.0,0.0,0.0,,1,,,,,,,,,,,,,,,*61

$WIND,,,T,,,R*12

$AIS,0,229630000,0,0.0,11.1,14.938334,55.397999,89.0,85.0,-63854.05,60475.96,,1,,,,,,,,,,,,,,,*47

$OWN,0,261187000,0,100000.0,2.7,15.946547,54.858711,278.2,309.0,0.0,0.0,,1,,,,,,,,,,,,,,,*67

$WIND,,,T,,,R*12

$AIS,0,229630000,0,0.0,11.1,14.938334,55.397999,89.0,85.0,-63852.78,60475.10,,1,,,,,,,,,,,,,,,*45

$OWN,0,261187000,0,100000.0,2.7,15.946547,54.858711,278.2,311.0,0.0,0.0,,1,,,,,,,,,,,,,,,*6E

$WIND,,,T,,,R*12

$AIS,0,229630000,0,0.0,11.1,14.938334,55.397999,89.0,85.0,-63850.12,60473.79,,1,,,,,,,,,,,,,,,*42

$OWN,0,261187000,0,100000.0,2.7,15.946505,54.858723,282.3,313.0,0.0,0.0,,1,,,,,,,,,,,,,,,*6F

$WIND,,,T,,,R*12

$AIS,0,229630000,0,0.0,11.1,14.938334,55.397999,89.0,85.0,-63848.85,60472.92,,1,,,,,,,,,,,,,,,*41

$OWN,0,261187000,0,100000.0,2.7,15.946485,54.858730,284.4,315.0,0.0,0.0,,1,,,,,,,,,,,,,,,*63

$WIND,,,T,,,R*12

$AIS,0,229630000,0,0.0,11.1,14.938334,55.397999,89.0,85.0,-63847.70,60472.05,,1,,,,,,,,,,,,,,,*4A

$OWN,0,261187000,0,100000.0,2.7,15.946466,54.858738,286.6,320.0,0.0,0.0,,1,,,,,,,,,,,,,,,*60

$WIND,,,T,,,R*12

$AIS,0,229630000,0,0.0,11.1,14.938334,55.397999,89.0,85.0,-63847.70,60472.05,,1,,,,,,,,,,,,,,,*4A

$OWN,0,261187000,0,100000.0,2.7,15.946450,54.858746,288.9,322.0,0.0,0.0,,1,,,,,,,,,,,,,,,*6F

$WIND,,,T,,,R*12

$AIS,0,229630000,0,0.0,11.1,14.938334,55.397999,89.0,85.0,-63846.68,60471.19,,1,,,,,,,,,,,,,,,*4C

$OWN,0,261187000,0,100000.0,2.7,15.946432,54.858753,291.1,324.0,0.0,0.0,,1,,,,,,,,,,,,,,,*69

$WIND,,,T,,,R*12

$AIS,0,229630000,0,0.0,11.1,14.938334,55.397999,89.0,85.0,-63845.53,60470.32,,1,,,,,,,,,,,,,,,*4F

$OWN,0,261187000,0,100000.0,2.7,15.946415,54.858765,293.3,326.0,0.0,0.0,,1,,,,,,,,,,,,,,,*6B

$WIND,,,T,,,R*12

$OWN,0,261187000,0,100000.0,2.7,15.946399,54.858772,295.3,328.0,0.0,0.0,,1,,,,,,,,,,,,,,,*66

$WIND,,,T,,,R*12

$OWN,0,261187000,0,100000.0,2.7,15.946383,54.858780,297.4,330.0,0.0,0.0,,1,,,,,,,,,,,,,,,*6C

$WIND,,,T,,,R*12

$OWN,0,261187000,0,100000.0,2.7,15.946366,54.858791,299.4,332.0,0.0,0.0,,1,,,,,,,,,,,,,,,*6B

$WIND,,,T,,,R*12

$OWN,0,261187000,0,100000.0,2.7,15.946352,54.858803,301.5,332.0,0.0,0.0,,1,,,,,,,,,,,,,,,*69

$WIND,,,T,,,R*12

$OWN,0,261187000,0,100000.0,2.7,15.946337,54.858810,303.7,334.0,0.0,0.0,,1,,,,,,,,,,,,,,,*6E

$WIND,,,T,,,R*12

$OWN,0,261187000,0,100000.0,2.7,15.946323,54.858822,305.9,336.0,0.0,0.0,,1,,,,,,,,,,,,,,,*60

$WIND,,,T,,,R*12

$OWN,0,261187000,0,100000.0,2.7,15.946312,54.858833,308.2,338.0,0.0,0.0,,1,,,,,,,,,,,,,,,*6A

$WIND,,,T,,,R*12

$OWN,0,261187000,0,100000.0,2.7,15.946312,54.858833,308.2,340.0,0.0,0.0,,1,,,,,,,,,,,,,,,*65

$WIND,,,T,,,R*12

$OWN,0,261187000,0,100000.0,2.7,15.946300,54.858845,310.5,342.0,0.0,0.0,,1,,,,,,,,,,,,,,,*6B

$WIND,,,T,,,R*12

$OWN,0,261187000,0,100000.0,2.7,15.946288,54.858856,312.6,344.0,0.0,0.0,,1,,,,,,,,,,,,,,,*6F

$WIND,,,T,,,R*12

$OWN,0,261187000,0,100000.0,2.7,15.946277,54.858868,314.6,346.0,0.0,0.0,,1,,,,,,,,,,,,,,,*66

$WIND,,,T,,,R*12

$OWN,0,261187000,0,100000.0,2.7,15.946268,54.858879,316.7,348.0,0.0,0.0,,1,,,,,,,,,,,,,,,*65

$WIND,,,T,,,R*12

$OWN,0,261187000,0,100000.0,2.7,15.946259,54.858894,318.7,350.0,0.0,0.0,,1,,,,,,,,,,,,,,,*63

$WIND,,,T,,,R*12

$OWN,0,261187000,0,100000.0,2.8,15.946241,54.858917,322.7,353.0,0.0,0.0,,1,,,,,,,,,,,,,,,*65

$WIND,,,T,,,R*12

$OWN,0,261187000,0,100000.0,2.8,15.946235,54.858932,325.1,355.0,0.0,0.0,,1,,,,,,,,,,,,,,,*66

$WIND,,,T,,,R*12

$OWN,0,261187000,0,100000.0,2.8,15.946225,54.858959,329.1,357.0,0.0,0.0,,1,,,,,,,,,,,,,,,*64

$WIND,,,T,,,R*12

$OWN,0,261187000,0,100000.0,2.8,15.946225,54.858959,329.1,359.0,0.0,0.0,,1,,,,,,,,,,,,,,,*6A

$WIND,,,T,,,R*12

$OWN,0,261187000,0,100000.0,2.8,15.946220,54.858971,331.5,1.0,0.0,0.0,,1,,,,,,,,,,,,,,,*66

$WIND,,,T,,,R*12

$OWN,0,261187000,0,100000.0,2.8,15.946217,54.858986,333.5,3.0,0.0,0.0,,1,,,,,,,,,,,,,,,*6A

$WIND,,,T,,,R*12

$OWN,0,261187000,0,100000.0,2.8,15.946214,54.858997,335.2,4.0,0.0,0.0,,1,,,,,,,,,,,,,,,*6F

$WIND,,,T,,,R*12

$OWN,0,261187000,0,100000.0,2.8,15.946210,54.859013,337.1,6.0,0.0,0.0,,1,,,,,,,,,,,,,,,*6C

$WIND,,,T,,,R*12

$OWN,0,261187000,0,100000.0,2.8,15.946208,54.859028,339.1,8.0,0.0,0.0,,1,,,,,,,,,,,,,,,*6D

$WIND,,,T,,,R*12

$OWN,0,261187000,0,100000.0,2.9,15.946207,54.859039,340.6,10.0,0.0,0.0,,1,,,,,,,,,,,,,,,*53

$WIND,,,T,,,R*12

$OWN,0,261187000,0,100000.0,2.9,15.946205,54.859055,342.5,11.0,0.0,0.0,,1,,,,,,,,,,,,,,,*5B

$WIND,,,T,,,R*12

$OWN,0,261187000,0,100000.0,2.9,15.946205,54.859070,344.5,13.0,0.0,0.0,,1,,,,,,,,,,,,,,,*58

$WIND,,,T,,,R*12

$OWN,0,261187000,0,100000.0,2.9,15.946207,54.859085,346.3,14.0,0.0,0.0,,1,,,,,,,,,,,,,,,*53

$WIND,,,T,,,R*12

$OWN,0,261187000,0,100000.0,2.9,15.946208,54.859097,348.0,15.0,0.0,0.0,,1,,,,,,,,,,,,,,,*53

$WIND,,,T,,,R*12

$OWN,0,261187000,0,100000.0,3.0,15.946212,54.859112,350.0,16.0,0.0,0.0,,1,,,,,,,,,,,,,,,*56

$WIND,,,T,,,R*12

$OWN,0,261187000,0,100000.0,3.0,15.946215,54.859127,351.9,17.0,0.0,0.0,,1,,,,,,,,,,,,,,,*5E

$WIND,,,T,,,R*12

$OWN,0,261187000,0,100000.0,3.0,15.946223,54.859158,355.2,19.0,0.0,0.0,,1,,,,,,,,,,,,,,,*52

$WIND,,,T,,,R*12

$OWN,0,261187000,0,100000.0,3.1,15.946228,54.859173,356.8,19.0,0.0,0.0,,1,,,,,,,,,,,,,,,*58

$WIND,,,T,,,R*12

$OWN,0,261187000,0,100000.0,3.1,15.946234,54.859188,358.2,20.0,0.0,0.0,,1,,,,,,,,,,,,,,,*5F

$WIND,,,T,,,R*12

$OWN,0,261187000,0,100000.0,3.1,15.946239,54.859203,359.3,21.0,0.0,0.0,,1,,,,,,,,,,,,,,,*53

$WIND,,,T,,,R*12

$OWN,0,261187000,0,100000.0,3.1,15.946239,54.859203,359.3,21.0,0.0,0.0,,1,,,,,,,,,,,,,,,*53

$WIND,,,T,,,R*12

$OWN,0,261187000,0,100000.0,3.2,15.946243,54.859219,0.7,22.0,0.0,0.0,,1,,,,,,,,,,,,,,,*5E

$WIND,,,T,,,R*12

$OWN,0,261187000,0,100000.0,3.2,15.946250,54.859238,2.2,22.0,0.0,0.0,,1,,,,,,,,,,,,,,,*58

$WIND,,,T,,,R*12

$OWN,0,261187000,0,100000.0,3.3,15.946259,54.859253,3.6,23.0,0.0,0.0,,5,9161247,SNHA   ,NAWIGATOR XXI       ,99,17,43,4,6,2,5,21,12,0,3.4,SZCZECIN            *4C

$WIND,,,T,,,R*12

$OWN,0,261187000,0,100000.0,3.3,15.946275,54.859283,6.1,23.0,0.0,0.0,,5,9161247,SNHA   ,NAWIGATOR XXI       ,99,17,43,4,6,2,5,21,12,0,3.4,SZCZECIN            *4D

$WIND,,,T,,,R*12

$OWN,0,261187000,0,100000.0,3.4,15.946283,54.859303,7.1,24.0,0.0,0.0,,5,9161247,SNHA   ,NAWIGATOR XXI       ,99,17,43,4,6,2,5,21,12,0,3.4,SZCZECIN            *4C

$WIND,,,T,,,R*12

$OWN,0,261187000,0,100000.0,3.4,15.946293,54.859318,8.2,24.0,0.0,0.0,,5,9161247,SNHA   ,NAWIGATOR XXI       ,99,17,43,4,6,2,5,21,12,0,3.4,SZCZECIN            *4B

$WIND,,,T,,,R*12

$OWN,0,261187000,0,100000.0,3.5,15.946301,54.859337,9.2,24.0,0.0,0.0,,5,9161247,SNHA   ,NAWIGATOR XXI       ,99,17,43,4,6,2,5,21,12,0,3.4,SZCZECIN            *4C

$WIND,,,T,,,R*12

$OWN,0,261187000,0,100000.0,3.5,15.946312,54.859352,10.0,25.0,0.0,0.0,,5,9161247,SNHA   ,NAWIGATOR XXI       ,99,17,43,4,6,2,5,21,12,0,3.4,SZCZECIN            *76

$WIND,,,T,,,R*12

$OWN,0,261187000,0,0.0,3.6,15.946320,54.859371,10.7,25.0,0.0,0.0,,5,9161247,SNHA   ,NAWIGATOR XXI       ,99,17,43,4,6,2,5,21,12,0,3.4,SZCZECIN            *43

$WIND,,,T,,,R*12

$OWN,0,261187000,0,100000.0,3.6,15.946330,54.859390,11.5,25.0,0.0,0.0,,5,9161247,SNHA   ,NAWIGATOR XXI       ,99,17,43,4,6,2,5,21,12,0,3.4,SZCZECIN            *7F

$WIND,,,T,,,R*12

$OWN,0,261187000,0,0.0,3.7,15.946342,54.859409,12.3,25.0,0.0,0.0,,5,9161247,SNHA   ,NAWIGATOR XXI       ,99,17,43,4,6,2,5,21,12,0,3.4,SZCZECIN            *48

$WIND,,,T,,,R*12

$OWN,0,261187000,0,0.0,3.7,15.946353,54.859428,13.1,25.0,0.0,0.0,,5,9161247,SNHA   ,NAWIGATOR XXI       ,99,17,43,4,6,2,5,21,12,0,3.4,SZCZECIN            *48

$WIND,,,T,,,R*12

$OWN,0,261187000,0,0.0,3.7,15.946353,54.859428,13.1,25.0,0.0,0.0,,5,9161247,SNHA   ,NAWIGATOR XXI       ,99,17,43,4,6,2,5,21,12,0,3.4,SZCZECIN            *48

$WIND,,,T,,,R*12

$OWN,0,261187000,0,0.0,3.8,15.946366,54.859444,14.0,25.0,0.0,0.0,,5,9161247,SNHA   ,NAWIGATOR XXI       ,99,17,43,4,6,2,5,21,12,0,3.4,SZCZECIN            *4D

$WIND,,,T,,,R*12

$OWN,0,261187000,0,0.0,3.9,15.946379,54.859467,14.6,26.0,0.0,0.0,,5,9161247,SNHA   ,NAWIGATOR XXI       ,99,17,43,4,6,2,5,21,12,0,3.4,SZCZECIN            *46

$WIND,,,T,,,R*12

