$OWN,0,261187000,0,-100000.0,11.4,15.944535,54.968094,357.1,1.0,0.0,0.0,,1,,,,,,,,,,,,,,,*70

$WIND,,,T,,,R*12

$OWN,0,261187000,0,0.0,11.4,15.944530,54.968147,357.1,1.0,0.0,0.0,,1,,,,,,,,,,,,,,,*66

$WIND,,,T,,,R*12

$OWN,0,261187000,0,0.0,11.4,15.944523,54.968197,357.0,1.0,0.0,0.0,,1,,,,,,,,,,,,,,,*68

$WIND,,,T,,,R*12

$OWN,0,261187000,0,0.0,11.4,15.944517,54.968250,356.9,1.0,0.0,0.0,,1,,,,,,,,,,,,,,,*6F

$WIND,,,T,,,R*12

$OWN,0,261187000,0,0.0,11.4,15.944511,54.968304,356.8,0.0,0.0,0.0,,1,,,,,,,,,,,,,,,*69

$WIND,,,T,,,R*12

$OWN,0,261187000,0,-100000.0,11.4,15.944507,54.968357,356.9,0.0,0.0,0.0,,1,,,,,,,,,,,,,,,*75

$WIND,,,T,,,R*12

$OWN,0,261187000,0,0.0,11.4,15.944502,54.968410,356.9,0.0,0.0,0.0,,1,,,,,,,,,,,,,,,*68

$WIND,,,T,,,R*12

$OWN,0,261187000,0,0.0,11.4,15.944497,54.968460,356.9,0.0,0.0,0.0,,1,,,,,,,,,,,,,,,*62

$WIND,,,T,,,R*12

$OWN,0,261187000,0,0.0,11.4,15.944491,54.968513,356.8,0.0,0.0,0.0,,1,,,,,,,,,,,,,,,*60

$WIND,,,T,,,R*12

$OWN,0,261187000,0,0.0,11.4,15.944487,54.968567,356.8,0.0,0.0,0.0,,1,,,,,,,,,,,,,,,*64

$WIND,,,T,,,R*12

$OWN,0,261187000,0,0.0,11.4,15.944482,54.968616,356.8,0.0,0.0,0.0,,1,,,,,,,,,,,,,,,*64

$WIND,,,T,,,R*12

$OWN,0,261187000,0,0.0,11.4,15.944475,54.968670,356.7,0.0,0.0,0.0,,1,,,,,,,,,,,,,,,*63

$WIND,,,T,,,R*12

$OWN,0,261187000,0,0.0,11.4,15.944468,54.968723,356.6,0.0,0.0,0.0,,1,,,,,,,,,,,,,,,*69

$WIND,,,T,,,R*12

$OWN,0,261187000,0,-100000.0,11.4,15.944462,54.968777,356.5,0.0,0.0,0.0,,1,,,,,,,,,,,,,,,*7D

$WIND,,,T,,,R*12

$OWN,0,261187000,0,0.0,11.4,15.944455,54.968830,356.5,0.0,0.0,0.0,,1,,,,,,,,,,,,,,,*69

$WIND,,,T,,,R*12

$OWN,0,261187000,0,100000.0,11.4,15.944448,54.968884,356.4,0.0,0.0,0.0,,1,,,,,,,,,,,,,,,*5A

$WIND,,,T,,,R*12

$OWN,0,261187000,0,100000.0,11.4,15.944442,54.968933,356.4,0.0,0.0,0.0,,1,,,,,,,,,,,,,,,*5D

$WIND,,,T,,,R*12

$OWN,0,261187000,0,0.0,11.4,15.944437,54.968987,356.5,0.0,0.0,0.0,,1,,,,,,,,,,,,,,,*60

$WIND,,,T,,,R*12

$OWN,0,261187000,0,0.0,11.4,15.944433,54.969040,356.6,0.0,0.0,0.0,,1,,,,,,,,,,,,,,,*64

$WIND,,,T,,,R*12

$OWN,0,261187000,0,0.0,11.4,15.944428,54.969093,356.6,0.0,0.0,0.0,,5,9161247,SNHA   ,NAWIGATOR XXI       ,99,17,43,4,6,2,5,21,12,0,3.4,SZCZECIN            *75

$WIND,,,T,,,R*12

$OWN,0,261187000,0,0.0,11.4,15.944428,54.969093,356.6,0.0,0.0,0.0,,5,9161247,SNHA   ,NAWIGATOR XXI       ,99,17,43,4,6,2,5,21,12,0,3.4,SZCZECIN            *75

$WIND,,,T,,,R*12

$OWN,0,261187000,0,100000.0,11.4,15.944420,54.969147,356.4,0.0,0.0,0.0,,5,9161247,SNHA   ,NAWIGATOR XXI       ,99,17,43,4,6,2,5,21,12,0,3.4,SZCZECIN            *46

$WIND,,,T,,,R*12

$OWN,0,261187000,0,100000.0,11.4,15.944415,54.969200,356.4,1.0,0.0,0.0,,5,9161247,SNHA   ,NAWIGATOR XXI       ,99,17,43,4,6,2,5,21,12,0,3.4,SZCZECIN            *41

$WIND,,,T,,,R*12

$OWN,0,261187000,0,0.0,11.4,15.944407,54.969250,356.3,1.0,0.0,0.0,,5,9161247,SNHA   ,NAWIGATOR XXI       ,99,17,43,4,6,2,5,21,12,0,3.4,SZCZECIN            *71

$WIND,,,T,,,R*12

$OWN,0,261187000,0,0.0,11.4,15.944398,54.969303,356.2,1.0,0.0,0.0,,5,9161247,SNHA   ,NAWIGATOR XXI       ,99,17,43,4,6,2,5,21,12,0,3.4,SZCZECIN            *76

$WIND,,,T,,,R*12

$OWN,0,261187000,0,100000.0,11.5,15.944393,54.969357,356.2,1.0,0.0,0.0,,5,9161247,SNHA   ,NAWIGATOR XXI       ,99,17,43,4,6,2,5,21,12,0,3.4,SZCZECIN            *4C

$WIND,,,T,,,R*12

$OWN,0,261187000,0,100000.0,11.5,15.944386,54.969410,356.2,1.0,0.0,0.0,,5,9161247,SNHA   ,NAWIGATOR XXI       ,99,17,43,4,6,2,5,21,12,0,3.4,SZCZECIN            *4C

$WIND,,,T,,,R*12

$OWN,0,261187000,0,0.0,11.4,15.944384,54.969463,356.3,1.0,0.0,0.0,,5,9161247,SNHA   ,NAWIGATOR XXI       ,99,17,43,4,6,2,5,21,12,0,3.4,SZCZECIN            *7B

$WIND,,,T,,,R*12

$OWN,0,261187000,0,0.0,11.4,15.944375,54.969566,356.6,2.0,0.0,0.0,,5,9161247,SNHA   ,NAWIGATOR XXI       ,99,17,43,4,6,2,5,21,12,0,3.4,SZCZECIN            *77

$WIND,,,T,,,R*12

$OWN,0,261187000,0,100000.0,11.5,15.944366,54.969673,356.7,2.0,0.0,0.0,,5,9161247,SNHA   ,NAWIGATOR XXI       ,99,17,43,4,6,2,5,21,12,0,3.4,SZCZECIN            *43

$WIND,,,T,,,R*12

$OWN,0,261187000,0,100000.0,11.4,15.944362,54.969727,356.7,2.0,0.0,0.0,,5,9161247,SNHA   ,NAWIGATOR XXI       ,99,17,43,4,6,2,5,21,12,0,3.4,SZCZECIN            *46

$WIND,,,T,,,R*12

$OWN,0,261187000,0,100000.0,11.4,15.944358,54.969776,356.7,2.0,0.0,0.0,,5,9161247,SNHA   ,NAWIGATOR XXI       ,99,17,43,4,6,2,5,21,12,0,3.4,SZCZECIN            *4B

$WIND,,,T,,,R*12

$OWN,0,261187000,0,100000.0,11.4,15.944351,54.969830,356.8,3.0,0.0,0.0,,5,9161247,SNHA   ,NAWIGATOR XXI       ,99,17,43,4,6,2,5,21,12,0,3.4,SZCZECIN            *41

$WIND,,,T,,,R*12

$OWN,0,261187000,0,100000.0,11.4,15.944350,54.969883,356.9,3.0,0.0,0.0,,5,9161247,SNHA   ,NAWIGATOR XXI       ,99,17,43,4,6,2,5,21,12,0,3.4,SZCZECIN            *49

$WIND,,,T,,,R*12

$OWN,0,261187000,0,100000.0,11.4,15.944346,54.969936,357.0,4.0,0.0,0.0,,5,9161247,SNHA   ,NAWIGATOR XXI       ,99,17,43,4,6,2,5,21,12,0,3.4,SZCZECIN            *4E

$WIND,,,T,,,R*12

$OWN,0,261187000,0,100000.0,11.4,15.944345,54.969986,357.2,4.0,0.0,0.0,,5,9161247,SNHA   ,NAWIGATOR XXI       ,99,17,43,4,6,2,5,21,12,0,3.4,SZCZECIN            *44

$WIND,,,T,,,R*12

$OWN,0,261187000,0,100000.0,11.4,15.944344,54.970039,357.4,5.0,0.0,0.0,,5,9161247,SNHA   ,NAWIGATOR XXI       ,99,17,43,4,6,2,5,21,12,0,3.4,SZCZECIN            *47

$WIND,,,T,,,R*12

$OWN,0,261187000,0,100000.0,11.4,15.944344,54.970093,357.6,5.0,0.0,0.0,,5,9161247,SNHA   ,NAWIGATOR XXI       ,99,17,43,4,6,2,5,21,12,0,3.4,SZCZECIN            *45

$WIND,,,T,,,R*12

$OWN,0,261187000,0,100000.0,11.4,15.944344,54.970146,357.9,6.0,0.0,0.0,,5,9161247,SNHA   ,NAWIGATOR XXI       ,99,17,43,4,6,2,5,21,12,0,3.4,SZCZECIN            *40

$WIND,,,T,,,R*12

$OWN,0,261187000,0,100000.0,11.4,15.944344,54.970146,357.9,6.0,0.0,0.0,,5,9161247,SNHA   ,NAWIGATOR XXI       ,99,17,43,4,6,2,5,21,12,0,3.4,SZCZECIN            *40

$WIND,,,T,,,R*12

$OWN,0,261187000,0,100000.0,11.4,15.944344,54.970196,358.1,7.0,0.0,0.0,,5,9161247,SNHA   ,NAWIGATOR XXI       ,99,17,43,4,6,2,5,21,12,0,3.4,SZCZECIN            *4B

$WIND,,,T,,,R*12

$OWN,0,261187000,0,100000.0,11.4,15.944345,54.970249,358.3,7.0,0.0,0.0,,5,9161247,SNHA   ,NAWIGATOR XXI       ,99,17,43,4,6,2,5,21,12,0,3.4,SZCZECIN            *49

$WIND,,,T,,,R*12

$OWN,0,261187000,0,100000.0,11.4,15.944346,54.970303,358.5,8.0,0.0,0.0,,5,9161247,SNHA   ,NAWIGATOR XXI       ,99,17,43,4,6,2,5,21,12,0,3.4,SZCZECIN            *4C

$WIND,,,T,,,R*12

$OWN,0,261187000,0,100000.0,11.4,15.944348,54.970352,358.8,9.0,0.0,0.0,,5,9161247,SNHA   ,NAWIGATOR XXI       ,99,17,43,4,6,2,5,21,12,0,3.4,SZCZECIN            *4A

$WIND,,,T,,,R*12

$OWN,0,261187000,0,100000.0,11.4,15.944351,54.970406,359.2,9.0,0.0,0.0,,5,9161247,SNHA   ,NAWIGATOR XXI       ,99,17,43,4,6,2,5,21,12,0,3.4,SZCZECIN            *4F

$WIND,,,T,,,R*12

$OWN,0,261187000,0,100000.0,11.4,15.944358,54.970455,359.6,10.0,0.0,0.0,,5,9161247,SNHA   ,NAWIGATOR XXI       ,99,17,43,4,6,2,5,21,12,0,3.4,SZCZECIN            *7C

$WIND,,,T,,,R*12

$OWN,0,261187000,0,100000.0,11.3,15.944364,54.970509,0.0,11.0,0.0,0.0,,5,9161247,SNHA   ,NAWIGATOR XXI       ,99,17,43,4,6,2,5,21,12,0,3.4,SZCZECIN            *74

$WIND,,,T,,,R*12

$OWN,0,261187000,0,100000.0,11.3,15.944370,54.970558,0.3,12.0,0.0,0.0,,5,9161247,SNHA   ,NAWIGATOR XXI       ,99,17,43,4,6,2,5,21,12,0,3.4,SZCZECIN            *75

$WIND,,,T,,,R*12

$OWN,0,261187000,0,100000.0,11.3,15.944377,54.970612,0.8,13.0,0.0,0.0,,5,9161247,SNHA   ,NAWIGATOR XXI       ,99,17,43,4,6,2,5,21,12,0,3.4,SZCZECIN            *75

$WIND,,,T,,,R*12

$OWN,0,261187000,0,100000.0,11.3,15.944385,54.970665,1.2,13.0,0.0,0.0,,5,9161247,SNHA   ,NAWIGATOR XXI       ,99,17,43,4,6,2,5,21,12,0,3.4,SZCZECIN            *73

$WIND,,,T,,,R*12

$OWN,0,261187000,0,100000.0,11.3,15.944395,54.970715,1.6,14.0,0.0,0.0,,5,9161247,SNHA   ,NAWIGATOR XXI       ,99,17,43,4,6,2,5,21,12,0,3.4,SZCZECIN            *77

$WIND,,,T,,,R*12

$OWN,0,261187000,0,100000.0,11.3,15.944405,54.970764,2.1,15.0,0.0,0.0,,5,9161247,SNHA   ,NAWIGATOR XXI       ,99,17,43,4,6,2,5,21,12,0,3.4,SZCZECIN            *7A

$WIND,,,T,,,R*12

$OWN,0,261187000,0,100000.0,11.2,15.944415,54.970818,2.5,16.0,0.0,0.0,,5,9161247,SNHA   ,NAWIGATOR XXI       ,99,17,43,4,6,2,5,21,12,0,3.4,SZCZECIN            *79

$WIND,,,T,,,R*12

$OWN,0,261187000,0,100000.0,11.2,15.944427,54.970867,3.0,17.0,0.0,0.0,,5,9161247,SNHA   ,NAWIGATOR XXI       ,99,17,43,4,6,2,5,21,12,0,3.4,SZCZECIN            *75

$WIND,,,T,,,R*12

$OWN,0,261187000,0,100000.0,11.2,15.944444,54.970917,3.7,18.0,0.0,0.0,,5,9161247,SNHA   ,NAWIGATOR XXI       ,99,17,43,4,6,2,5,21,12,0,3.4,SZCZECIN            *7E

$WIND,,,T,,,R*12

$OWN,0,261187000,0,100000.0,11.2,15.944462,54.970970,4.5,18.0,0.0,0.0,,5,9161247,SNHA   ,NAWIGATOR XXI       ,99,17,43,4,6,2,5,21,12,0,3.4,SZCZECIN            *7E

$WIND,,,T,,,R*12

$OWN,0,261187000,0,100000.0,11.2,15.944480,54.971016,5.2,19.0,0.0,0.0,,5,9161247,SNHA   ,NAWIGATOR XXI       ,99,17,43,4,6,2,5,21,12,0,3.4,SZCZECIN            *7D

$WIND,,,T,,,R*12

$OWN,0,261187000,0,100000.0,11.1,15.944497,54.971066,5.7,20.0,0.0,0.0,,5,9161247,SNHA   ,NAWIGATOR XXI       ,99,17,43,4,6,2,5,21,12,0,3.4,SZCZECIN            *70

$WIND,,,T,,,R*12

$OWN,0,261187000,0,100000.0,11.1,15.944513,54.971115,6.2,21.0,0.0,0.0,,5,9161247,SNHA   ,NAWIGATOR XXI       ,99,17,43,4,6,2,5,21,12,0,3.4,SZCZECIN            *7F

$WIND,,,T,,,R*12

$OWN,0,261187000,0,100000.0,11.1,15.944553,54.971214,7.5,21.0,0.0,0.0,,5,9161247,SNHA   ,NAWIGATOR XXI       ,99,17,43,4,6,2,5,21,12,0,3.4,SZCZECIN            *7F

$WIND,,,T,,,R*12

$OWN,0,261187000,0,100000.0,11.1,15.944576,54.971264,8.2,22.0,0.0,0.0,,5,9161247,SNHA   ,NAWIGATOR XXI       ,99,17,43,4,6,2,5,21,12,0,3.4,SZCZECIN            *74

$WIND,,,T,,,R*12

$OWN,0,261187000,0,100000.0,11.0,15.944602,54.971313,8.9,23.0,0.0,0.0,,5,9161247,SNHA   ,NAWIGATOR XXI       ,99,17,43,4,6,2,5,21,12,0,3.4,SZCZECIN            *7E

$WIND,,,T,,,R*12

$OWN,0,261187000,0,100000.0,11.0,15.944625,54.971363,9.6,24.0,0.0,0.0,,5,9161247,SNHA   ,NAWIGATOR XXI       ,99,17,43,4,6,2,5,21,12,0,3.4,SZCZECIN            *75

$WIND,,,T,,,R*12

$OWN,0,261187000,0,100000.0,11.0,15.944650,54.971409,10.2,24.0,0.0,0.0,,5,9161247,SNHA   ,NAWIGATOR XXI       ,99,17,43,4,6,2,5,21,12,0,3.4,SZCZECIN            *40

$WIND,,,T,,,R*12

$OWN,0,261187000,0,100000.0,11.0,15.944675,54.971458,10.8,25.0,0.0,0.0,,5,9161247,SNHA   ,NAWIGATOR XXI       ,99,17,43,4,6,2,5,21,12,0,3.4,SZCZECIN            *48

$WIND,,,T,,,R*12

$OWN,0,261187000,0,100000.0,11.0,15.944701,54.971504,11.5,26.0,0.0,0.0,,5,9161247,SNHA   ,NAWIGATOR XXI       ,99,17,43,4,6,2,5,21,12,0,3.4,SZCZECIN            *4D

$WIND,,,T,,,R*12

$OWN,0,261187000,0,100000.0,11.0,15.944701,54.971504,11.5,27.0,0.0,0.0,,5,9161247,SNHA   ,NAWIGATOR XXI       ,99,17,43,4,6,2,5,21,12,0,3.4,SZCZECIN            *4C

$WIND,,,T,,,R*12

$OWN,0,261187000,0,100000.0,10.9,15.944730,54.971554,12.2,28.0,0.0,0.0,,5,9161247,SNHA   ,NAWIGATOR XXI       ,99,17,43,4,6,2,5,21,12,0,3.4,SZCZECIN            *48

$WIND,,,T,,,R*12

$OWN,0,261187000,0,100000.0,10.9,15.944760,54.971600,13.0,29.0,0.0,0.0,,5,9161247,SNHA   ,NAWIGATOR XXI       ,99,17,43,4,6,2,5,21,12,0,3.4,SZCZECIN            *4D

$WIND,,,T,,,R*12

$OWN,0,261187000,0,100000.0,10.9,15.944792,54.971645,13.7,29.0,0.0,0.0,,5,9161247,SNHA   ,NAWIGATOR XXI       ,99,17,43,4,6,2,5,21,12,0,3.4,SZCZECIN            *46

$WIND,,,T,,,R*12

$OWN,0,261187000,0,100000.0,10.9,15.944825,54.971695,14.5,30.0,0.0,0.0,,5,9161247,SNHA   ,NAWIGATOR XXI       ,99,17,43,4,6,2,5,21,12,0,3.4,SZCZECIN            *45

$WIND,,,T,,,R*12

$OWN,0,261187000,0,100000.0,10.9,15.944859,54.971737,15.3,31.0,0.0,0.0,,5,9161247,SNHA   ,NAWIGATOR XXI       ,99,17,43,4,6,2,5,21,12,0,3.4,SZCZECIN            *41

$WIND,,,T,,,R*12

$OWN,0,261187000,0,100000.0,10.8,15.944926,54.971828,16.7,32.0,0.0,0.0,,5,9161247,SNHA   ,NAWIGATOR XXI       ,99,17,43,4,6,2,5,21,12,0,3.4,SZCZECIN            *4C

$WIND,,,T,,,R*12

$OWN,0,261187000,0,100000.0,10.8,15.944962,54.971874,17.5,33.0,0.0,0.0,,5,9161247,SNHA   ,NAWIGATOR XXI       ,99,17,43,4,6,2,5,21,12,0,3.4,SZCZECIN            *47

$WIND,,,T,,,R*12

$OWN,0,261187000,0,100000.0,10.8,15.945000,54.971920,18.3,34.0,0.0,0.0,,5,9161247,SNHA   ,NAWIGATOR XXI       ,99,17,43,4,6,2,5,21,12,0,3.4,SZCZECIN            *45

$WIND,,,T,,,R*12

$OWN,0,261187000,0,100000.0,10.8,15.945039,54.971962,19.0,35.0,0.0,0.0,,5,9161247,SNHA   ,NAWIGATOR XXI       ,99,17,43,4,6,2,5,21,12,0,3.4,SZCZECIN            *4A

$WIND,,,T,,,R*12

$OWN,0,261187000,0,100000.0,10.8,15.945039,54.971962,19.0,36.0,0.0,0.0,,5,9161247,SNHA   ,NAWIGATOR XXI       ,99,17,43,4,6,2,5,21,12,0,3.4,SZCZECIN            *49

$WIND,,,T,,,R*12

$OWN,0,261187000,0,100000.0,10.8,15.945077,54.972008,19.8,36.0,0.0,0.0,,5,9161247,SNHA   ,NAWIGATOR XXI       ,99,17,43,4,6,2,5,21,12,0,3.4,SZCZECIN            *4D

$WIND,,,T,,,R*12

$OWN,0,261187000,0,100000.0,10.7,15.945118,54.972054,20.6,37.0,0.0,0.0,,5,9161247,SNHA   ,NAWIGATOR XXI       ,99,17,43,4,6,2,5,21,12,0,3.4,SZCZECIN            *46

$WIND,,,T,,,R*12

$OWN,0,261187000,0,100000.0,10.7,15.945160,54.972092,21.4,38.0,0.0,0.0,,5,9161247,SNHA   ,NAWIGATOR XXI       ,99,17,43,4,6,2,5,21,12,0,3.4,SZCZECIN            *4F

$WIND,,,T,,,R*12

$OWN,0,261187000,0,100000.0,10.7,15.945204,54.972134,22.4,39.0,0.0,0.0,,1,,,,,,,,,,,,,,,*54

$WIND,,,T,,,R*12

$OWN,0,261187000,0,100000.0,10.7,15.945250,54.972176,23.3,40.0,0.0,0.0,,1,,,,,,,,,,,,,,,*5B

$WIND,,,T,,,R*12

$OWN,0,261187000,0,100000.0,10.6,15.945296,54.972218,24.3,42.0,0.0,0.0,,1,,,,,,,,,,,,,,,*5E

$WIND,,,T,,,R*12

$OWN,0,261187000,0,100000.0,10.6,15.945345,54.972256,25.2,43.0,0.0,0.0,,1,,,,,,,,,,,,,,,*5A

$WIND,,,T,,,R*12

$OWN,0,261187000,0,100000.0,10.6,15.945392,54.972298,26.0,44.0,0.0,0.0,,1,,,,,,,,,,,,,,,*54

$WIND,,,T,,,R*12

$OWN,0,261187000,0,100000.0,10.6,15.945440,54.972336,26.8,45.0,0.0,0.0,,1,,,,,,,,,,,,,,,*50

$WIND,,,T,,,R*12

$OWN,0,261187000,0,100000.0,10.6,15.945490,54.972378,27.7,46.0,0.0,0.0,,1,,,,,,,,,,,,,,,*5A

$WIND,,,T,,,R*12

$OWN,0,261187000,0,100000.0,10.5,15.945540,54.972416,28.5,48.0,0.0,0.0,,1,,,,,,,,,,,,,,,*59

$WIND,,,T,,,R*12

$OWN,0,261187000,0,100000.0,10.5,15.945592,54.972454,29.4,48.0,0.0,0.0,,1,,,,,,,,,,,,,,,*50

$WIND,,,T,,,R*12

$OWN,0,261187000,0,100000.0,10.5,15.945645,54.972488,30.4,50.0,0.0,0.0,,1,,,,,,,,,,,,,,,*59

$WIND,,,T,,,R*12

$OWN,0,261187000,0,100000.0,10.5,15.945699,54.972527,31.3,51.0,0.0,0.0,,1,,,,,,,,,,,,,,,*5B

$WIND,,,T,,,R*12

$OWN,0,261187000,0,100000.0,10.5,15.945755,54.972565,32.4,52.0,0.0,0.0,,1,,,,,,,,,,,,,,,*5B

$WIND,,,T,,,R*12

$OWN,0,261187000,0,100000.0,10.4,15.945811,54.972595,33.4,53.0,0.0,0.0,,1,,,,,,,,,,,,,,,*5A

$WIND,,,T,,,R*12

$OWN,0,261187000,0,100000.0,10.4,15.945870,54.972633,34.4,53.0,0.0,0.0,,1,,,,,,,,,,,,,,,*55

$WIND,,,T,,,R*12

$OWN,0,261187000,0,100000.0,10.4,15.945929,54.972664,35.4,54.0,0.0,0.0,,1,,,,,,,,,,,,,,,*5C

$WIND,,,T,,,R*12

$OWN,0,261187000,0,100000.0,10.4,15.945989,54.972698,36.4,55.0,0.0,0.0,,1,,,,,,,,,,,,,,,*57

$WIND,,,T,,,R*12

$OWN,0,261187000,0,100000.0,10.3,15.946049,54.972729,37.4,56.0,0.0,0.0,,1,,,,,,,,,,,,,,,*5F

$WIND,,,T,,,R*12

$OWN,0,261187000,0,100000.0,10.3,15.946110,54.972763,38.3,57.0,0.0,0.0,,1,,,,,,,,,,,,,,,*55

$WIND,,,T,,,R*12

$OWN,0,261187000,0,100000.0,10.3,15.946172,54.972794,39.3,58.0,0.0,0.0,,1,,,,,,,,,,,,,,,*57

$WIND,,,T,,,R*12

$OWN,0,261187000,0,100000.0,10.3,15.946234,54.972824,40.3,59.0,0.0,0.0,,1,,,,,,,,,,,,,,,*5D

$WIND,,,T,,,R*12

$OWN,0,261187000,0,100000.0,10.3,15.946299,54.972855,41.2,61.0,0.0,0.0,,1,,,,,,,,,,,,,,,*57

$WIND,,,T,,,R*12

$OWN,0,261187000,0,100000.0,10.2,15.946362,54.972885,42.2,62.0,0.0,0.0,,1,,,,,,,,,,,,,,,*5E

$WIND,,,T,,,R*12

$OWN,0,261187000,0,100000.0,10.2,15.946426,54.972912,43.3,64.0,0.0,0.0,,1,,,,,,,,,,,,,,,*50

$WIND,,,T,,,R*12

$OWN,0,261187000,0,100000.0,10.2,15.946495,54.972939,44.5,65.0,0.0,0.0,,1,,,,,,,,,,,,,,,*51

$WIND,,,T,,,R*12

$OWN,0,261187000,0,100000.0,10.1,15.946564,54.972961,45.6,66.0,0.0,0.0,,1,,,,,,,,,,,,,,,*51

$WIND,,,T,,,R*12

$OWN,0,261187000,0,100000.0,10.1,15.946630,54.972988,46.7,68.0,0.0,0.0,,1,,,,,,,,,,,,,,,*58

$WIND,,,T,,,R*12

$OWN,0,261187000,0,100000.0,10.1,15.946700,54.973011,47.9,69.0,0.0,0.0,,1,,,,,,,,,,,,,,,*5C

$WIND,,,T,,,R*12

$OWN,0,261187000,0,100000.0,10.1,15.946700,54.973011,47.9,69.0,0.0,0.0,,1,,,,,,,,,,,,,,,*5C

$WIND,,,T,,,R*12

$OWN,0,261187000,0,100000.0,10.1,15.946770,54.973034,49.0,70.0,0.0,0.0,,1,,,,,,,,,,,,,,,*53

$WIND,,,T,,,R*12

$OWN,0,261187000,0,100000.0,10.1,15.946840,54.973057,50.0,72.0,0.0,0.0,,1,,,,,,,,,,,,,,,*50

$WIND,,,T,,,R*12

$OWN,0,261187000,0,100000.0,10.0,15.946981,54.973099,52.1,73.0,0.0,0.0,,1,,,,,,,,,,,,,,,*5D

$WIND,,,T,,,R*12

$OWN,0,261187000,0,100000.0,10.0,15.947053,54.973122,53.2,74.0,0.0,0.0,,1,,,,,,,,,,,,,,,*5E

$WIND,,,T,,,R*12

$OWN,0,261187000,0,100000.0,10.0,15.947126,54.973141,54.3,76.0,0.0,0.0,,1,,,,,,,,,,,,,,,*5C

$WIND,,,T,,,R*12

$AIS,0,273370640,3,-2.2,0.2,15.355045,54.832424,148.5,49.0,-38032.02,-15497.90,,1,,,,,,,,,,,,,,,*40

$OWN,0,261187000,0,100000.0,10.0,15.947200,54.973160,55.5,78.0,0.0,0.0,,1,,,,,,,,,,,,,,,*51

$WIND,,,T,,,R*12

$AIS,0,273370640,3,-2.2,0.2,15.355045,54.832424,148.5,49.0,-38036.73,-15499.99,,1,,,,,,,,,,,,,,,*45

$OWN,0,261187000,0,100000.0,9.9,15.947275,54.973175,56.8,79.0,0.0,0.0,,1,,,,,,,,,,,,,,,*69

$WIND,,,T,,,R*12

$AIS,0,273370640,3,-2.2,0.2,15.355045,54.832424,148.5,49.0,-38041.57,-15501.64,,1,,,,,,,,,,,,,,,*41

$OWN,0,261187000,0,100000.0,9.9,15.947350,54.973190,58.1,80.0,0.0,0.0,,1,,,,,,,,,,,,,,,*65

$WIND,,,T,,,R*12

$AIS,0,273370640,3,-2.2,0.2,15.355045,54.832424,148.5,49.0,-38046.35,-15503.30,,1,,,,,,,,,,,,,,,*41

$OWN,0,261187000,0,100000.0,9.9,15.947425,54.973206,59.3,81.0,0.0,0.0,,1,,,,,,,,,,,,,,,*6E

$WIND,,,T,,,R*12

$AIS,0,273370640,3,-2.2,0.2,15.355045,54.832424,148.5,49.0,-38051.19,-15504.96,,1,,,,,,,,,,,,,,,*42

$OWN,0,261187000,0,100000.0,9.8,15.947500,54.973217,60.5,83.0,0.0,0.0,,1,,,,,,,,,,,,,,,*67

$WIND,,,T,,,R*12

$AIS,0,273370640,3,-2.2,0.2,15.355045,54.832424,148.5,49.0,-38056.03,-15506.19,,1,,,,,,,,,,,,,,,*4B

$OWN,0,261187000,0,100000.0,9.8,15.947577,54.973232,61.7,84.0,0.0,0.0,,1,,,,,,,,,,,,,,,*64

$WIND,,,T,,,R*12

$AIS,0,273370640,3,-2.2,0.2,15.355045,54.832424,148.5,49.0,-38060.93,-15507.85,,1,,,,,,,,,,,,,,,*43

$AIS,0,246530000,0,0.0,11.0,15.280050,54.778934,75.6,75.0,-42934.80,-21416.50,,1,,,,,,,,,,,,,,,*63

$AIS,0,273399760,3,-1.1,0.0,15.349149,54.830040,246.2,231.0,-38441.95,-15769.93,,1,,,,,,,,,,,,,,,*7A

$OWN,0,261187000,0,100000.0,9.8,15.947652,54.973244,62.8,85.0,0.0,0.0,,1,,,,,,,,,,,,,,,*6C

$WIND,,,T,,,R*12

$AIS,0,273370640,3,-2.2,0.2,15.355045,54.832424,148.5,49.0,-38065.77,-15509.08,,1,,,,,,,,,,,,,,,*47

$AIS,0,246530000,0,0.0,11.0,15.280050,54.778934,75.6,75.0,-42939.64,-21417.72,,1,,,,,,,,,,,,,,,*65

$AIS,0,273399760,3,-1.1,0.0,15.349149,54.830040,246.2,231.0,-38446.79,-15771.16,,1,,,,,,,,,,,,,,,*7B

$OWN,0,261187000,0,100000.0,9.8,15.947728,54.973255,64.0,87.0,0.0,0.0,,1,,,,,,,,,,,,,,,*6C

$WIND,,,T,,,R*12

$AIS,0,273370640,3,-2.2,0.2,15.355045,54.832424,148.5,49.0,-38070.67,-15510.31,,1,,,,,,,,,,,,,,,*40

$AIS,0,246530000,0,0.0,11.0,15.280050,54.778934,75.6,75.0,-42944.55,-21418.95,,1,,,,,,,,,,,,,,,*6B

$AIS,0,273399760,3,-1.1,0.0,15.349149,54.830040,246.2,231.0,-38451.69,-15772.39,,1,,,,,,,,,,,,,,,*72

$OWN,0,261187000,0,100000.0,9.8,15.947803,54.973267,65.1,88.0,0.0,0.0,,1,,,,,,,,,,,,,,,*64

$WIND,,,T,,,R*12

$AIS,0,273370640,3,-2.2,0.2,15.355045,54.832424,148.5,49.0,-38075.51,-15511.54,,1,,,,,,,,,,,,,,,*42

$AIS,0,246530000,0,0.0,11.0,15.280050,54.778934,75.6,75.0,-42949.40,-21420.18,,1,,,,,,,,,,,,,,,*6C

$AIS,0,273399760,3,-1.1,0.0,15.349149,54.830040,246.2,231.0,-38456.53,-15773.62,,1,,,,,,,,,,,,,,,*73

$OWN,0,261187000,0,100000.0,9.7,15.947882,54.973274,66.4,89.0,0.0,0.0,,1,,,,,,,,,,,,,,,*67

$WIND,,,T,,,R*12

$AIS,0,273370640,3,-2.2,0.2,15.355045,54.832424,148.5,49.0,-38080.53,-15512.35,,1,,,,,,,,,,,,,,,*4E

$AIS,0,246530000,0,0.0,11.0,15.280050,54.778934,75.6,75.0,-42954.43,-21420.98,,1,,,,,,,,,,,,,,,*6B

$AIS,0,273399760,3,-1.1,0.0,15.349149,54.830040,246.2,231.0,-38461.56,-15774.43,,1,,,,,,,,,,,,,,,*76

$AIS,0,273392360,0,0.0,0.0,15.393790,54.826607,205.4,82.0,-35596.92,-16180.04,,1,,,,,,,,,,,,,,,*6A

$OWN,0,261187000,0,100000.0,9.7,15.947882,54.973274,66.4,89.0,0.0,0.0,,1,,,,,,,,,,,,,,,*67

$WIND,,,T,,,R*12

$AIS,0,246530000,0,0.0,11.0,15.280050,54.778934,75.6,75.0,-42959.33,-21421.78,,1,,,,,,,,,,,,,,,*6E

$AIS,0,273399760,3,-1.1,0.0,15.349149,54.830040,246.2,231.0,-38466.46,-15775.24,,1,,,,,,,,,,,,,,,*70

$AIS,0,273392360,0,0.0,0.0,15.393790,54.826607,205.4,82.0,-35601.82,-16180.85,,1,,,,,,,,,,,,,,,*6F

$OWN,0,261187000,0,100000.0,9.7,15.947958,54.973282,67.7,91.0,0.0,0.0,,1,,,,,,,,,,,,,,,*63

$WIND,,,T,,,R*12

$AIS,0,246530000,0,0.0,11.0,15.280050,54.778934,75.6,75.0,-42964.30,-21422.58,,1,,,,,,,,,,,,,,,*62

$AIS,0,273399760,3,-1.1,0.0,15.349149,54.830040,246.2,231.0,-38471.42,-15776.04,,1,,,,,,,,,,,,,,,*73

$AIS,0,273392360,0,0.0,0.0,15.393790,54.826607,205.4,82.0,-35606.78,-16181.66,,1,,,,,,,,,,,,,,,*61

$OWN,0,261187000,0,100000.0,9.7,15.948035,54.973289,68.9,92.0,0.0,0.0,,1,,,,,,,,,,,,,,,*67

$WIND,,,T,,,R*12

$AIS,0,246530000,0,0.0,11.0,15.280050,54.778934,75.6,75.0,-42969.21,-21422.96,,1,,,,,,,,,,,,,,,*6D

$AIS,0,273399760,3,-1.1,0.0,15.349149,54.830040,246.2,231.0,-38476.32,-15776.43,,1,,,,,,,,,,,,,,,*70

$AIS,0,273392360,0,0.0,0.0,15.393790,54.826607,205.4,82.0,-35611.68,-16182.05,,1,,,,,,,,,,,,,,,*60

$AIS,0,636016809,3,100000.0,1.5,15.339035,54.814972,150.5,170.0,-39140.57,-17447.50,,1,,,,,,,,,,,,,,,*6C

$OWN,0,261187000,0,100000.0,9.7,15.948112,54.973293,70.2,93.0,0.0,0.0,,1,,,,,,,,,,,,,,,*6B

$WIND,,,T,,,R*12

$AIS,0,246530000,0,0.0,11.0,15.280050,54.778934,75.6,75.0,-42974.24,-21423.76,,1,,,,,,,,,,,,,,,*6B

$AIS,0,273399760,3,-1.1,0.0,15.349149,54.830040,246.2,231.0,-38481.35,-15777.23,,1,,,,,,,,,,,,,,,*78

$AIS,0,273392360,0,0.0,0.0,15.393790,54.826607,205.4,82.0,-35616.71,-16182.86,,1,,,,,,,,,,,,,,,*64

$AIS,0,636016809,3,100000.0,1.5,15.339035,54.814972,150.5,170.0,-39145.60,-17448.31,,1,,,,,,,,,,,,,,,*65

$OWN,0,261187000,0,100000.0,9.6,15.948190,54.973301,71.4,95.0,0.0,0.0,,1,,,,,,,,,,,,,,,*6B

$WIND,,,T,,,R*12

$AIS,0,246530000,0,0.0,11.0,15.280050,54.778934,75.6,75.0,-42979.21,-21424.14,,1,,,,,,,,,,,,,,,*60

$AIS,0,273399760,3,-1.1,0.0,15.349149,54.830040,246.2,231.0,-38486.31,-15777.61,,1,,,,,,,,,,,,,,,*7D

$AIS,0,273392360,0,0.0,0.0,15.393790,54.826607,205.4,82.0,-35621.67,-16183.24,,1,,,,,,,,,,,,,,,*6E

$AIS,0,636016809,3,100000.0,1.5,15.339035,54.814972,150.5,170.0,-39150.56,-17448.69,,1,,,,,,,,,,,,,,,*69

$OWN,0,261187000,0,100000.0,9.6,15.948421,54.973309,75.2,97.0,0.0,0.0,,1,,,,,,,,,,,,,,,*6C

$WIND,,,T,,,R*12

$AIS,0,246530000,0,0.0,11.0,15.280983,54.779068,75.7,75.0,-42929.01,-21410.18,,1,,,,,,,,,,,,,,,*6B

$AIS,0,273392360,0,0.0,0.0,15.393790,54.826607,205.4,82.0,-35631.59,-16183.59,,1,,,,,,,,,,,,,,,*68

$AIS,0,636016809,3,100000.0,1.5,15.339035,54.814972,150.5,170.0,-39160.49,-17449.03,,1,,,,,,,,,,,,,,,*69

$OWN,0,261187000,0,100000.0,9.5,15.948497,54.973309,76.5,99.0,0.0,0.0,,1,,,,,,,,,,,,,,,*68

$WIND,,,T,,,R*12

$AIS,0,246530000,0,0.0,11.0,15.280983,54.779068,75.7,75.0,-42933.86,-21410.14,,1,,,,,,,,,,,,,,,*63

$AIS,0,273392360,0,0.0,0.0,15.393790,54.826607,205.4,82.0,-35636.43,-16183.55,,1,,,,,,,,,,,,,,,*68

$AIS,0,636016809,3,100000.0,1.5,15.339035,54.814972,150.5,170.0,-39165.33,-17448.99,,1,,,,,,,,,,,,,,,*63

$OWN,0,261187000,0,100000.0,9.5,15.948575,54.973309,77.9,100.0,0.0,0.0,,1,,,,,,,,,,,,,,,*59

$WIND,,,T,,,R*12

$AIS,0,246530000,0,0.0,11.0,15.280983,54.779068,75.7,75.0,-42938.89,-21410.09,,1,,,,,,,,,,,,,,,*6B

$AIS,0,273392360,0,0.0,0.0,15.393790,54.826607,205.4,82.0,-35641.46,-16183.51,,1,,,,,,,,,,,,,,,*69

$AIS,0,636016809,3,100000.0,1.5,15.339035,54.814972,150.5,170.0,-39170.35,-17448.94,,1,,,,,,,,,,,,,,,*6C

$OWN,0,261187000,0,100000.0,9.5,15.948651,54.973309,79.2,102.0,0.0,0.0,,1,,,,,,,,,,,,,,,*5B

$WIND,,,T,,,R*12

$AIS,0,246530000,0,0.0,11.0,15.280983,54.779068,75.7,75.0,-42943.80,-21410.04,,1,,,,,,,,,,,,,,,*63

$AIS,0,273392360,0,0.0,0.0,15.393790,54.826607,205.4,82.0,-35646.36,-16183.47,,1,,,,,,,,,,,,,,,*6E

$AIS,0,636016809,3,100000.0,1.5,15.339035,54.814972,150.5,170.0,-39175.26,-17448.90,,1,,,,,,,,,,,,,,,*6F

$OWN,0,261187000,0,100000.0,9.5,15.948727,54.973305,80.6,103.0,0.0,0.0,,1,,,,,,,,,,,,,,,*54

$WIND,,,T,,,R*12

$AIS,0,246530000,0,0.0,11.0,15.280983,54.779068,75.7,75.0,-42948.64,-21409.57,,1,,,,,,,,,,,,,,,*6C

$AIS,0,273392360,0,0.0,0.0,15.393790,54.826607,205.4,82.0,-35651.20,-16183.01,,1,,,,,,,,,,,,,,,*6D

$AIS,0,636016809,3,100000.0,1.5,15.339035,54.814972,150.5,170.0,-39180.10,-17448.43,,1,,,,,,,,,,,,,,,*6E

$OWN,0,261187000,0,100000.0,9.4,15.948803,54.973301,82.0,105.0,0.0,0.0,,1,,,,,,,,,,,,,,,*5A

$WIND,,,T,,,R*12

$AIS,0,246530000,0,0.0,11.0,15.280983,54.779068,75.7,75.0,-42953.55,-21409.10,,1,,,,,,,,,,,,,,,*67

$AIS,0,636016809,3,100000.0,1.5,15.339035,54.814972,150.5,170.0,-39185.00,-17447.97,,1,,,,,,,,,,,,,,,*6C

$AIS,0,273370640,3,-0.4,0.1,15.355030,54.832394,311.3,49.0,-38140.72,-15518.21,,1,,,,,,,,,,,,,,,*4E

$OWN,0,261187000,0,100000.0,9.4,15.948880,54.973293,83.4,106.0,0.0,0.0,,1,,,,,,,,,,,,,,,*5D

$WIND,,,T,,,R*12

$AIS,0,246530000,0,0.0,11.0,15.280983,54.779068,75.7,75.0,-42958.52,-21408.20,,1,,,,,,,,,,,,,,,*69

$AIS,0,636016809,3,100000.0,1.5,15.339035,54.814972,150.5,170.0,-39189.97,-17447.07,,1,,,,,,,,,,,,,,,*67

$AIS,0,273370640,3,-0.4,0.1,15.355030,54.832394,311.3,49.0,-38145.68,-15517.32,,1,,,,,,,,,,,,,,,*4D

$OWN,0,261187000,0,100000.0,9.4,15.948955,54.973289,84.7,107.0,0.0,0.0,,1,,,,,,,,,,,,,,,*5A

$WIND,,,T,,,R*12

$AIS,0,246530000,0,0.0,11.0,15.280983,54.779068,75.7,75.0,-42963.30,-21407.73,,1,,,,,,,,,,,,,,,*6C

$AIS,0,636016809,3,100000.0,1.5,15.339035,54.814972,150.5,170.0,-39194.75,-17446.61,,1,,,,,,,,,,,,,,,*66

$AIS,0,273370640,3,-0.4,0.1,15.355030,54.832394,311.3,49.0,-38150.46,-15516.85,,1,,,,,,,,,,,,,,,*48

$OWN,0,261187000,0,100000.0,9.4,15.949028,54.973282,86.2,109.0,0.0,0.0,,1,,,,,,,,,,,,,,,*5A

$WIND,,,T,,,R*12

$AIS,0,246530000,0,0.0,11.0,15.280983,54.779068,75.7,75.0,-42968.03,-21406.84,,1,,,,,,,,,,,,,,,*6E

$AIS,0,273370640,3,-0.4,0.1,15.355030,54.832394,311.3,49.0,-38155.17,-15515.96,,1,,,,,,,,,,,,,,,*48

$OWN,0,261187000,0,100000.0,9.3,15.949103,54.973274,87.6,111.0,0.0,0.0,,1,,,,,,,,,,,,,,,*50

$WIND,,,T,,,R*12

$AIS,0,246530000,0,0.0,11.0,15.280983,54.779068,75.7,75.0,-42972.87,-21405.95,,1,,,,,,,,,,,,,,,*6A

$AIS,0,273370640,3,-0.4,0.1,15.355030,54.832394,311.3,49.0,-38160.01,-15515.07,,1,,,,,,,,,,,,,,,*41

$OWN,0,261187000,0,100000.0,9.3,15.949179,54.973263,89.0,112.0,0.0,0.0,,1,,,,,,,,,,,,,,,*50

$WIND,,,T,,,R*12

$AIS,0,246530000,0,0.0,11.0,15.280983,54.779068,75.7,75.0,-42977.72,-21404.63,,1,,,,,,,,,,,,,,,*6D

$AIS,0,273370640,3,-0.4,0.1,15.355030,54.832394,311.3,49.0,-38164.85,-15513.76,,1,,,,,,,,,,,,,,,*49

$AIS,0,273399760,3,-0.0,0.0,15.349142,54.830048,246.2,231.0,-38545.29,-15771.59,,1,,,,,,,,,,,,,,,*74

$OWN,0,261187000,0,100000.0,9.3,15.949250,54.973255,90.3,114.0,0.0,0.0,,1,,,,,,,,,,,,,,,*50

$WIND,,,T,,,R*12

$AIS,0,273370640,3,-0.4,0.1,15.355030,54.832394,311.3,49.0,-38169.45,-15512.87,,1,,,,,,,,,,,,,,,*47

$AIS,0,273399760,3,-0.0,0.0,15.349142,54.830048,246.2,231.0,-38549.89,-15770.70,,1,,,,,,,,,,,,,,,*78

$OWN,0,261187000,0,100000.0,9.3,15.949250,54.973255,90.3,114.0,0.0,0.0,,1,,,,,,,,,,,,,,,*50

$WIND,,,T,,,R*12

$AIS,0,273370640,3,-0.4,0.1,15.355030,54.832394,311.3,49.0,-38174.16,-15511.13,,1,,,,,,,,,,,,,,,*43

$AIS,0,273399760,3,-0.0,0.0,15.349142,54.830048,246.2,231.0,-38554.61,-15768.96,,1,,,,,,,,,,,,,,,*73

$OWN,0,261187000,0,100000.0,9.3,15.949324,54.973240,91.7,115.0,0.0,0.0,,1,,,,,,,,,,,,,,,*52

$WIND,,,T,,,R*12

$AIS,0,273370640,3,-0.4,0.1,15.355030,54.832394,311.3,49.0,-38178.76,-15509.82,,1,,,,,,,,,,,,,,,*48

$AIS,0,273399760,3,-0.0,0.0,15.349142,54.830048,246.2,231.0,-38559.20,-15767.65,,1,,,,,,,,,,,,,,,*78

$OWN,0,261187000,0,100000.0,9.2,15.949467,54.973217,94.6,116.0,0.0,0.0,,1,,,,,,,,,,,,,,,*56

$WIND,,,T,,,R*12

$AIS,0,273370640,3,-0.4,0.1,15.355030,54.832394,311.3,49.0,-38183.35,-15508.51,,1,,,,,,,,,,,,,,,*44

$AIS,0,273399760,3,-0.0,0.0,15.349142,54.830048,246.2,231.0,-38563.80,-15766.34,,1,,,,,,,,,,,,,,,*7E

$OWN,0,261187000,0,100000.0,9.2,15.949536,54.973202,96.1,118.0,0.0,0.0,,1,,,,,,,,,,,,,,,*5C

$WIND,,,T,,,R*12

$AIS,0,273370640,3,-0.4,0.1,15.355030,54.832394,311.3,49.0,-38187.82,-15506.77,,1,,,,,,,,,,,,,,,*46

$AIS,0,273399760,3,-0.0,0.0,15.349142,54.830048,246.2,231.0,-38568.27,-15764.60,,1,,,,,,,,,,,,,,,*7B

$OWN,0,261187000,0,100000.0,9.2,15.949607,54.973186,97.6,119.0,0.0,0.0,,1,,,,,,,,,,,,,,,*55

$WIND,,,T,,,R*12

$AIS,0,273399760,3,-0.0,0.0,15.349142,54.830048,246.2,231.0,-38572.80,-15762.87,,1,,,,,,,,,,,,,,,*72

$OWN,0,261187000,0,100000.0,9.2,15.949675,54.973167,99.1,121.0,0.0,0.0,,1,,,,,,,,,,,,,,,*5D

$WIND,,,T,,,R*12

$AIS,0,273399760,3,-0.0,0.0,15.349142,54.830048,246.2,231.0,-38577.15,-15760.71,,1,,,,,,,,,,,,,,,*70

$OWN,0,261187000,0,100000.0,9.2,15.949675,54.973167,99.1,122.0,0.0,0.0,,1,,,,,,,,,,,,,,,*5E

$WIND,,,T,,,R*12

$AIS,0,273399760,3,-0.0,0.0,15.349142,54.830048,246.2,231.0,-38577.15,-15760.71,,1,,,,,,,,,,,,,,,*70

$OWN,0,261187000,0,100000.0,9.1,15.949741,54.973152,100.5,124.0,0.0,0.0,,1,,,,,,,,,,,,,,,*6E

$WIND,,,T,,,R*12

$AIS,0,273399760,3,-0.0,0.0,15.349142,54.830048,246.2,231.0,-38581.44,-15758.97,,1,,,,,,,,,,,,,,,*7E

$OWN,0,261187000,0,100000.0,9.1,15.949810,54.973133,102.0,125.0,0.0,0.0,,1,,,,,,,,,,,,,,,*64

$WIND,,,T,,,R*12

$AIS,0,246530000,0,0.0,11.0,15.282683,54.779316,75.7,75.0,-42908.69,-21363.26,,1,,,,,,,,,,,,,,,*6F

$OWN,0,261187000,0,100000.0,9.1,15.949940,54.973091,105.0,128.0,0.0,0.0,,1,,,,,,,,,,,,,,,*63

$WIND,,,T,,,R*12

$AIS,0,246530000,0,0.0,11.0,15.282683,54.779316,75.7,75.0,-42917.04,-21358.51,,1,,,,,,,,,,,,,,,*62

$OWN,0,261187000,0,100000.0,9.1,15.950004,54.973068,106.4,130.0,0.0,0.0,,1,,,,,,,,,,,,,,,*6A

$WIND,,,T,,,R*12

$AIS,0,246530000,0,0.0,11.0,15.282683,54.779316,75.7,75.0,-42921.15,-21355.92,,1,,,,,,,,,,,,,,,*65

$AIS,0,273418870,0,0.0,0.6,15.298595,54.825603,231.2,71.0,-41849.86,-16214.99,,1,,,,,,,,,,,,,,,*67

$OWN,0,261187000,0,100000.0,9.0,15.950067,54.973045,107.9,131.0,0.0,0.0,,1,,,,,,,,,,,,,,,*6C

$WIND,,,T,,,R*12

$AIS,0,246530000,0,0.0,11.0,15.282683,54.779316,75.7,75.0,-42925.19,-21353.34,,1,,,,,,,,,,,,,,,*67

$AIS,0,273418870,0,0.0,0.6,15.298595,54.825603,231.2,71.0,-41853.91,-16212.41,,1,,,,,,,,,,,,,,,*69

$OWN,0,261187000,0,100000.0,9.0,15.950127,54.973022,109.4,133.0,0.0,0.0,,1,,,,,,,,,,,,,,,*69

$WIND,,,T,,,R*12

$AIS,0,246530000,0,0.0,11.0,15.282683,54.779316,75.7,75.0,-42929.06,-21350.75,,1,,,,,,,,,,,,,,,*63

$AIS,0,273418870,0,0.0,0.6,15.298595,54.825603,231.2,71.0,-41857.77,-16209.83,,1,,,,,,,,,,,,,,,*61

$OWN,0,261187000,0,100000.0,9.0,15.950189,54.973000,111.0,134.0,0.0,0.0,,1,,,,,,,,,,,,,,,*67

$WIND,,,T,,,R*12

$AIS,0,246530000,0,0.0,11.0,15.282683,54.779316,75.7,75.0,-42933.04,-21348.17,,1,,,,,,,,,,,,,,,*67

$AIS,0,273418870,0,0.0,0.6,15.298595,54.825603,231.2,71.0,-41861.75,-16207.24,,1,,,,,,,,,,,,,,,*65

$OWN,0,261187000,0,100000.0,9.0,15.950247,54.972973,112.5,136.0,0.0,0.0,,1,,,,,,,,,,,,,,,*6E

$WIND,,,T,,,R*12

$AIS,0,246530000,0,0.0,11.0,15.282683,54.779316,75.7,75.0,-42936.79,-21345.16,,1,,,,,,,,,,,,,,,*64

$AIS,0,273418870,0,0.0,0.6,15.298595,54.825603,231.2,71.0,-41865.49,-16204.24,,1,,,,,,,,,,,,,,,*6D

$OWN,0,261187000,0,100000.0,9.0,15.950303,54.972946,113.9,137.0,0.0,0.0,,1,,,,,,,,,,,,,,,*65

$WIND,,,T,,,R*12

$AIS,0,246530000,0,0.0,11.0,15.282683,54.779316,75.7,75.0,-42940.41,-21342.15,,1,,,,,,,,,,,,,,,*6A

$AIS,0,273418870,0,0.0,0.6,15.298595,54.825603,231.2,71.0,-41869.10,-16201.23,,1,,,,,,,,,,,,,,,*6F

$OWN,0,261187000,0,100000.0,9.0,15.950303,54.972946,113.9,137.0,0.0,0.0,,1,,,,,,,,,,,,,,,*65

$WIND,,,T,,,R*12

$AIS,0,246530000,0,0.0,11.0,15.282683,54.779316,75.7,75.0,-42940.41,-21342.15,,1,,,,,,,,,,,,,,,*6A

$AIS,0,273418870,0,0.0,0.6,15.298595,54.825603,231.2,71.0,-41869.10,-16201.23,,1,,,,,,,,,,,,,,,*6F

$OWN,0,261187000,0,100000.0,9.0,15.950361,54.972923,115.3,139.0,0.0,0.0,,1,,,,,,,,,,,,,,,*60

$WIND,,,T,,,R*12

$AIS,0,246530000,0,0.0,11.0,15.282683,54.779316,75.7,75.0,-42944.15,-21339.57,,1,,,,,,,,,,,,,,,*65

$AIS,0,273418870,0,0.0,0.6,15.298595,54.825603,231.2,71.0,-41872.84,-16198.65,,1,,,,,,,,,,,,,,,*69

$OWN,0,261187000,0,100000.0,8.9,15.950417,54.972893,116.8,140.0,0.0,0.0,,1,,,,,,,,,,,,,,,*62

$WIND,,,T,,,R*12

$AIS,0,246530000,0,0.0,11.0,15.283450,54.779434,75.7,75.0,-42901.82,-21320.45,,1,,,,,,,,,,,,,,,*6B

$AIS,0,273418870,0,0.0,0.6,15.298595,54.825603,231.2,71.0,-41879.95,-16192.22,,1,,,,,,,,,,,,,,,*6B

$AIS,0,273399760,3,-0.2,0.1,15.349150,54.830048,246.2,231.0,-38627.88,-15726.74,,1,,,,,,,,,,,,,,,*75

$OWN,0,261187000,0,100000.0,8.9,15.950472,54.972866,118.3,142.0,0.0,0.0,,1,,,,,,,,,,,,,,,*6C

$WIND,,,T,,,R*12

$AIS,0,246530000,0,0.0,11.0,15.283450,54.779434,75.7,75.0,-42905.01,-21317.02,,1,,,,,,,,,,,,,,,*63

$AIS,0,273418870,0,0.0,0.6,15.298595,54.825603,231.2,71.0,-41883.13,-16188.79,,1,,,,,,,,,,,,,,,*65

$AIS,0,273399760,3,-0.2,0.1,15.349150,54.830048,246.2,231.0,-38631.06,-15723.31,,1,,,,,,,,,,,,,,,*70

$OWN,0,261187000,0,100000.0,8.9,15.950521,54.972836,119.9,143.0,0.0,0.0,,1,,,,,,,,,,,,,,,*64

$WIND,,,T,,,R*12

$AIS,0,246530000,0,0.0,11.0,15.283450,54.779434,75.7,75.0,-42905.01,-21317.02,,1,,,,,,,,,,,,,,,*63

$AIS,0,273418870,0,0.0,0.6,15.298595,54.825603,231.2,71.0,-41883.13,-16188.79,,1,,,,,,,,,,,,,,,*65

$AIS,0,273399760,3,-0.2,0.1,15.349150,54.830048,246.2,231.0,-38631.06,-15723.31,,1,,,,,,,,,,,,,,,*70

$OWN,0,261187000,0,100000.0,8.9,15.950572,54.972805,121.6,145.0,0.0,0.0,,1,,,,,,,,,,,,,,,*60

$WIND,,,T,,,R*12

$AIS,0,246530000,0,0.0,11.0,15.283450,54.779434,75.7,75.0,-42908.26,-21313.59,,1,,,,,,,,,,,,,,,*61

$AIS,0,273399760,3,-0.2,0.1,15.349150,54.830048,246.2,231.0,-38634.31,-15719.89,,1,,,,,,,,,,,,,,,*7B

$AIS,0,273392360,0,0.0,0.0,15.393797,54.826607,205.4,82.0,-35769.32,-16126.46,,1,,,,,,,,,,,,,,,*6F

$OWN,0,261187000,0,100000.0,8.8,15.950668,54.972740,124.7,148.0,0.0,0.0,,1,,,,,,,,,,,,,,,*6E

$WIND,,,T,,,R*12

$AIS,0,246530000,0,0.0,11.0,15.283450,54.779434,75.7,75.0,-42914.46,-21306.32,,1,,,,,,,,,,,,,,,*63

$AIS,0,273399760,3,-0.2,0.1,15.349150,54.830048,246.2,231.0,-38640.50,-15712.62,,1,,,,,,,,,,,,,,,*71

$AIS,0,273392360,0,0.0,0.0,15.393797,54.826607,205.4,82.0,-35775.51,-16119.20,,1,,,,,,,,,,,,,,,*6B

$OWN,0,261187000,0,100000.0,8.8,15.950715,54.972710,126.2,150.0,0.0,0.0,,1,,,,,,,,,,,,,,,*6E

$WIND,,,T,,,R*12

$AIS,0,246530000,0,0.0,11.0,15.283450,54.779434,75.7,75.0,-42917.46,-21302.89,,1,,,,,,,,,,,,,,,*64

$AIS,0,273399760,3,-0.2,0.1,15.349150,54.830048,246.2,231.0,-38643.50,-15709.20,,1,,,,,,,,,,,,,,,*7E

$AIS,0,273392360,0,0.0,0.0,15.393797,54.826607,205.4,82.0,-35778.51,-16115.78,,1,,,,,,,,,,,,,,,*67

$OWN,0,261187000,0,100000.0,8.8,15.950758,54.972675,127.7,151.0,0.0,0.0,,1,,,,,,,,,,,,,,,*60

$WIND,,,T,,,R*12

$AIS,0,246530000,0,0.0,11.0,15.283450,54.779434,75.7,75.0,-42920.22,-21299.05,,1,,,,,,,,,,,,,,,*65

$AIS,0,273399760,3,-0.2,0.1,15.349150,54.830048,246.2,231.0,-38646.25,-15705.35,,1,,,,,,,,,,,,,,,*71

$AIS,0,273392360,0,0.0,0.0,15.393797,54.826607,205.4,82.0,-35781.27,-16111.94,,1,,,,,,,,,,,,,,,*66

$OWN,0,261187000,0,100000.0,8.8,15.950802,54.972645,129.1,153.0,0.0,0.0,,1,,,,,,,,,,,,,,,*69

$WIND,,,T,,,R*12

$AIS,0,246530000,0,0.0,11.0,15.283450,54.779434,75.7,75.0,-42923.04,-21295.63,,1,,,,,,,,,,,,,,,*6E

$AIS,0,273399760,3,-0.2,0.1,15.349150,54.830048,246.2,231.0,-38649.07,-15701.93,,1,,,,,,,,,,,,,,,*76

$AIS,0,273392360,0,0.0,0.0,15.393797,54.826607,205.4,82.0,-35784.09,-16108.52,,1,,,,,,,,,,,,,,,*6D

$OWN,0,261187000,0,100000.0,8.8,15.950843,54.972610,130.6,155.0,0.0,0.0,,1,,,,,,,,,,,,,,,*65

$WIND,,,T,,,R*12

$AIS,0,246530000,0,0.0,11.0,15.283450,54.779434,75.7,75.0,-42925.68,-21291.78,,1,,,,,,,,,,,,,,,*6C

$AIS,0,273399760,3,-0.2,0.1,15.349150,54.830048,246.2,231.0,-38651.71,-15698.09,,1,,,,,,,,,,,,,,,*7C

$AIS,0,273392360,0,0.0,0.0,15.393797,54.826607,205.4,82.0,-35786.72,-16104.68,,1,,,,,,,,,,,,,,,*66

$OWN,0,261187000,0,100000.0,8.8,15.950882,54.972576,132.2,156.0,0.0,0.0,,1,,,,,,,,,,,,,,,*6E

$WIND,,,T,,,R*12

$AIS,0,246530000,0,0.0,11.0,15.283450,54.779434,75.7,75.0,-42928.20,-21287.94,,1,,,,,,,,,,,,,,,*68

$AIS,0,273399760,3,-0.2,0.1,15.349150,54.830048,246.2,231.0,-38654.22,-15694.25,,1,,,,,,,,,,,,,,,*7D

$AIS,0,273392360,0,0.0,0.0,15.393797,54.826607,205.4,82.0,-35789.23,-16100.84,,1,,,,,,,,,,,,,,,*6B

$OWN,0,261187000,0,100000.0,8.7,15.950920,54.972542,133.9,158.0,0.0,0.0,,1,,,,,,,,,,,,,,,*6B

$WIND,,,T,,,R*12

$AIS,0,273392360,0,0.0,0.0,15.393797,54.826607,205.4,82.0,-35791.68,-16097.00,,1,,,,,,,,,,,,,,,*6E

$OWN,0,261187000,0,100000.0,8.7,15.950953,54.972504,135.6,159.0,0.0,0.0,,1,,,,,,,,,,,,,,,*65

$WIND,,,T,,,R*12

$AIS,0,273392360,0,0.0,0.0,15.393797,54.826607,205.4,82.0,-35793.83,-16092.73,,1,,,,,,,,,,,,,,,*68

$OWN,0,261187000,0,100000.0,8.7,15.950953,54.972504,135.6,159.0,0.0,0.0,,1,,,,,,,,,,,,,,,*65

$WIND,,,T,,,R*12

$AIS,0,273392360,0,0.0,0.0,15.393797,54.826607,205.4,82.0,-35793.83,-16092.73,,1,,,,,,,,,,,,,,,*68

$OWN,0,261187000,0,100000.0,8.7,15.950987,54.972469,137.1,161.0,0.0,0.0,,1,,,,,,,,,,,,,,,*68

$WIND,,,T,,,R*12

$AIS,0,273392360,0,0.0,0.0,15.393797,54.826607,205.4,82.0,-35795.97,-16088.90,,1,,,,,,,,,,,,,,,*6D

$OWN,0,261187000,0,100000.0,8.7,15.951018,54.972431,138.7,163.0,0.0,0.0,,1,,,,,,,,,,,,,,,*60

$WIND,,,T,,,R*12

$OWN,0,261187000,0,100000.0,8.6,15.951047,54.972393,140.3,164.0,0.0,0.0,,1,,,,,,,,,,,,,,,*68

$WIND,,,T,,,R*12

$OWN,0,261187000,0,100000.0,8.6,15.951075,54.972355,141.9,164.0,0.0,0.0,,1,,,,,,,,,,,,,,,*68

$WIND,,,T,,,R*12

$OWN,0,261187000,0,100000.0,8.6,15.951101,54.972317,143.4,166.0,0.0,0.0,,1,,,,,,,,,,,,,,,*61

$WIND,,,T,,,R*12

$OWN,0,261187000,0,100000.0,8.6,15.951150,54.972240,146.5,169.0,0.0,0.0,,1,,,,,,,,,,,,,,,*6D

$WIND,,,T,,,R*12

$OWN,0,261187000,0,100000.0,8.6,15.951170,54.972202,148.1,170.0,0.0,0.0,,1,,,,,,,,,,,,,,,*6B

$WIND,,,T,,,R*12

$OWN,0,261187000,0,100000.0,8.5,15.951188,54.972164,149.8,172.0,0.0,0.0,,1,,,,,,,,,,,,,,,*66

$WIND,,,T,,,R*12

$AIS,0,246530000,0,-1.1,11.0,15.285150,54.779682,75.7,75.0,-42838.32,-21215.35,,1,,,,,,,,,,,,,,,*4A

$AIS,0,273399760,3,0.4,0.0,15.349167,54.830029,246.2,231.0,-38672.80,-15650.37,,1,,,,,,,,,,,,,,,*53

$OWN,0,261187000,0,100000.0,8.5,15.951205,54.972122,151.4,174.0,0.0,0.0,,1,,,,,,,,,,,,,,,*61

$WIND,,,T,,,R*12

$AIS,0,246530000,0,-1.1,11.0,15.285150,54.779682,75.7,75.0,-42839.42,-21210.67,,1,,,,,,,,,,,,,,,*4E

$AIS,0,273399760,3,0.4,0.0,15.349167,54.830029,246.2,231.0,-38673.90,-15645.69,,1,,,,,,,,,,,,,,,*5C

$OWN,0,261187000,0,100000.0,8.5,15.951219,54.972084,153.0,175.0,0.0,0.0,,1,,,,,,,,,,,,,,,*66

$WIND,,,T,,,R*12

$AIS,0,246530000,0,-1.1,11.0,15.285150,54.779682,75.7,75.0,-42840.28,-21206.42,,1,,,,,,,,,,,,,,,*4C

$AIS,0,273399760,3,0.4,0.0,15.349167,54.830029,246.2,231.0,-38674.76,-15641.43,,1,,,,,,,,,,,,,,,*5F

$OWN,0,261187000,0,100000.0,8.5,15.951230,54.972042,154.7,177.0,0.0,0.0,,1,,,,,,,,,,,,,,,*65

$WIND,,,T,,,R*12

$AIS,0,246530000,0,-1.1,11.0,15.285150,54.779682,75.7,75.0,-42841.02,-21201.74,,1,,,,,,,,,,,,,,,*47

$AIS,0,273399760,3,0.4,0.0,15.349167,54.830029,246.2,231.0,-38675.49,-15636.76,,1,,,,,,,,,,,,,,,*54

$OWN,0,261187000,0,100000.0,8.5,15.951241,54.972004,156.2,179.0,0.0,0.0,,1,,,,,,,,,,,,,,,*68

$WIND,,,T,,,R*12

$AIS,0,246530000,0,-1.1,11.0,15.285150,54.779682,75.7,75.0,-42841.75,-21197.49,,1,,,,,,,,,,,,,,,*45

$AIS,0,273399760,3,0.4,0.0,15.349167,54.830029,246.2,231.0,-38676.23,-15632.51,,1,,,,,,,,,,,,,,,*5A

$AIS,0,273392360,0,0.0,0.0,15.393798,54.826607,205.4,82.0,-35812.27,-16036.98,,1,,,,,,,,,,,,,,,*64

$OWN,0,261187000,0,100000.0,8.5,15.951241,54.972004,156.2,179.0,0.0,0.0,,1,,,,,,,,,,,,,,,*68

$WIND,,,T,,,R*12

$AIS,0,246530000,0,-1.1,11.0,15.285150,54.779682,75.7,75.0,-42842.43,-21193.24,,1,,,,,,,,,,,,,,,*4C

$AIS,0,273399760,3,0.4,0.0,15.349167,54.830029,246.2,231.0,-38676.90,-15628.26,,1,,,,,,,,,,,,,,,*59

$AIS,0,273392360,0,0.0,0.0,15.393798,54.826607,205.4,82.0,-35812.94,-16032.73,,1,,,,,,,,,,,,,,,*6D

$OWN,0,261187000,0,100000.0,8.5,15.951252,54.971966,157.6,180.0,0.0,0.0,,1,,,,,,,,,,,,,,,*67

$WIND,,,T,,,R*12

$AIS,0,246530000,0,-1.1,11.0,15.285150,54.779682,75.7,75.0,-42842.86,-21188.57,,1,,,,,,,,,,,,,,,*4B

$AIS,0,273399760,3,0.4,0.0,15.349167,54.830029,246.2,231.0,-38677.33,-15623.58,,1,,,,,,,,,,,,,,,*53

$AIS,0,273392360,0,0.0,0.0,15.393798,54.826607,205.4,82.0,-35813.37,-16028.06,,1,,,,,,,,,,,,,,,*6C

$OWN,0,261187000,0,100000.0,8.5,15.951259,54.971924,159.3,182.0,0.0,0.0,,1,,,,,,,,,,,,,,,*63

$WIND,,,T,,,R*12

$AIS,0,246530000,0,-1.1,11.0,15.285150,54.779682,75.7,75.0,-42843.04,-21183.89,,1,,,,,,,,,,,,,,,*48

$AIS,0,273399760,3,0.4,0.0,15.349167,54.830029,246.2,231.0,-38677.52,-15618.91,,1,,,,,,,,,,,,,,,*59

$AIS,0,273392360,0,0.0,0.0,15.393798,54.826607,205.4,82.0,-35813.56,-16023.38,,1,,,,,,,,,,,,,,,*6D

$OWN,0,261187000,0,100000.0,8.4,15.951262,54.971882,161.0,183.0,0.0,0.0,,1,,,,,,,,,,,,,,,*6E

$WIND,,,T,,,R*12

$AIS,0,246530000,0,-1.1,11.0,15.285150,54.779682,75.7,75.0,-42843.29,-21179.65,,1,,,,,,,,,,,,,,,*40

$AIS,0,273399760,3,0.4,0.0,15.349167,54.830029,246.2,231.0,-38677.76,-15614.67,,1,,,,,,,,,,,,,,,*5A

$AIS,0,273392360,0,0.0,0.0,15.393798,54.826607,205.4,82.0,-35813.80,-16019.14,,1,,,,,,,,,,,,,,,*61

$OWN,0,261187000,0,100000.0,8.4,15.951265,54.971844,162.6,185.0,0.0,0.0,,1,,,,,,,,,,,,,,,*60

$WIND,,,T,,,R*12

$AIS,0,246530000,0,-1.1,11.0,15.285150,54.779682,75.7,75.0,-42843.29,-21174.98,,1,,,,,,,,,,,,,,,*4F

$AIS,0,273399760,3,0.4,0.0,15.349167,54.830029,246.2,231.0,-38677.76,-15610.00,,1,,,,,,,,,,,,,,,*5F

$AIS,0,273392360,0,0.0,0.0,15.393798,54.826607,205.4,82.0,-35813.80,-16014.47,,1,,,,,,,,,,,,,,,*6A

$OWN,0,261187000,0,100000.0,8.4,15.951265,54.971802,164.3,187.0,0.0,0.0,,1,,,,,,,,,,,,,,,*63

$WIND,,,T,,,R*12

$AIS,0,273399760,3,0.4,0.0,15.349172,54.830017,246.2,231.0,-38677.47,-15611.27,,1,,,,,,,,,,,,,,,*50

$AIS,0,273392360,0,0.0,0.0,15.393798,54.826607,205.4,82.0,-35813.80,-16014.47,,1,,,,,,,,,,,,,,,*6A

$OWN,0,261187000,0,100000.0,8.4,15.951263,54.971764,165.9,188.0,0.0,0.0,,1,,,,,,,,,,,,,,,*6E

$WIND,,,T,,,R*12

$AIS,0,273399760,3,0.4,0.0,15.349172,54.830017,246.2,231.0,-38677.34,-15607.03,,1,,,,,,,,,,,,,,,*55

$AIS,0,273392360,0,0.0,0.0,15.393798,54.826607,205.4,82.0,-35813.68,-16010.22,,1,,,,,,,,,,,,,,,*6B

$OWN,0,261187000,0,100000.0,8.4,15.951260,54.971722,167.5,190.0,0.0,0.0,,1,,,,,,,,,,,,,,,*68

$WIND,,,T,,,R*12

$AIS,0,273399760,3,0.4,0.0,15.349172,54.830017,246.2,231.0,-38677.10,-15602.36,,1,,,,,,,,,,,,,,,*50

$AIS,0,273392360,0,0.0,0.0,15.393798,54.826607,205.4,82.0,-35813.43,-16005.56,,1,,,,,,,,,,,,,,,*65

$OWN,0,261187000,0,100000.0,8.4,15.951255,54.971684,169.1,191.0,0.0,0.0,,1,,,,,,,,,,,,,,,*68

$WIND,,,T,,,R*12

$AIS,0,273399760,3,0.4,0.0,15.349172,54.830017,246.2,231.0,-38676.79,-15598.12,,1,,,,,,,,,,,,,,,*58

$AIS,0,273392360,0,0.0,0.0,15.393798,54.826607,205.4,82.0,-35813.13,-16001.31,,1,,,,,,,,,,,,,,,*65

$OWN,0,261187000,0,100000.0,8.4,15.951250,54.971642,170.6,193.0,0.0,0.0,,1,,,,,,,,,,,,,,,*6A

$WIND,,,T,,,R*12

$AIS,0,273399760,3,0.4,0.0,15.349172,54.830017,246.2,231.0,-38676.49,-15593.45,,1,,,,,,,,,,,,,,,*52

$AIS,0,273392360,0,0.0,0.0,15.393798,54.826607,205.4,82.0,-35812.82,-15996.65,,1,,,,,,,,,,,,,,,*69

$OWN,0,261187000,0,100000.0,8.4,15.951241,54.971603,172.2,195.0,0.0,0.0,,1,,,,,,,,,,,,,,,*6F

$WIND,,,T,,,R*12

$AIS,0,273399760,3,0.4,0.0,15.349172,54.830017,246.2,231.0,-38675.93,-15589.21,,1,,,,,,,,,,,,,,,*5F

$OWN,0,261187000,0,100000.0,8.3,15.951230,54.971565,173.8,196.0,0.0,0.0,,1,,,,,,,,,,,,,,,*65

$WIND,,,T,,,R*12

$AIS,0,273399760,3,0.4,0.0,15.349172,54.830017,246.2,231.0,-38675.20,-15584.97,,1,,,,,,,,,,,,,,,*57

$OWN,0,261187000,0,100000.0,8.3,15.951219,54.971527,175.5,198.0,0.0,0.0,,1,,,,,,,,,,,,,,,*6D

$WIND,,,T,,,R*12

$AIS,0,273399760,3,0.4,0.0,15.349172,54.830017,246.2,231.0,-38674.46,-15580.73,,1,,,,,,,,,,,,,,,*58

$OWN,0,261187000,0,100000.0,8.3,15.951203,54.971485,177.1,200.0,0.0,0.0,,1,,,,,,,,,,,,,,,*6B

$WIND,,,T,,,R*12

$AIS,0,273399760,3,0.4,0.0,15.349172,54.830017,246.2,231.0,-38673.48,-15576.07,,1,,,,,,,,,,,,,,,*5B

$OWN,0,261187000,0,100000.0,8.3,15.951187,54.971447,178.7,201.0,0.0,0.0,,1,,,,,,,,,,,,,,,*62

$WIND,,,T,,,R*12

$AIS,0,273399760,3,0.4,0.0,15.349172,54.830017,246.2,231.0,-38672.44,-15571.84,,1,,,,,,,,,,,,,,,*5A

$OWN,0,261187000,0,100000.0,8.3,15.951168,54.971413,180.2,203.0,0.0,0.0,,1,,,,,,,,,,,,,,,*62

$WIND,,,T,,,R*12

$OWN,0,261187000,0,100000.0,8.3,15.951150,54.971375,181.8,204.0,0.0,0.0,,1,,,,,,,,,,,,,,,*62

$WIND,,,T,,,R*12

$OWN,0,261187000,0,100000.0,8.3,15.951128,54.971336,183.3,206.0,0.0,0.0,,1,,,,,,,,,,,,,,,*61

$WIND,,,T,,,R*12

$OWN,0,261187000,0,100000.0,8.3,15.951107,54.971298,184.9,208.0,0.0,0.0,,1,,,,,,,,,,,,,,,*6A

$WIND,,,T,,,R*12

$OWN,0,261187000,0,100000.0,8.3,15.951081,54.971260,186.4,209.0,0.0,0.0,,1,,,,,,,,,,,,,,,*6C

$WIND,,,T,,,R*12

$OWN,0,261187000,0,100000.0,8.3,15.951055,54.971226,187.9,211.0,0.0,0.0,,1,,,,,,,,,,,,,,,*62

$WIND,,,T,,,R*12

$OWN,0,261187000,0,100000.0,8.3,15.951028,54.971188,189.5,212.0,0.0,0.0,,1,,,,,,,,,,,,,,,*6E

$WIND,,,T,,,R*12

$OWN,0,261187000,0,100000.0,8.2,15.950996,54.971153,191.2,214.0,0.0,0.0,,1,,,,,,,,,,,,,,,*6C

$WIND,,,T,,,R*12

$OWN,0,261187000,0,100000.0,8.2,15.950965,54.971119,192.8,216.0,0.0,0.0,,1,,,,,,,,,,,,,,,*65

$WIND,,,T,,,R*12

$OWN,0,261187000,0,100000.0,8.2,15.950932,54.971085,194.4,217.0,0.0,0.0,,1,,,,,,,,,,,,,,,*68

$WIND,,,T,,,R*12

$OWN,0,261187000,0,100000.0,8.2,15.950896,54.971050,196.0,219.0,0.0,0.0,,1,,,,,,,,,,,,,,,*67

$WIND,,,T,,,R*12

$OWN,0,261187000,0,100000.0,8.2,15.950860,54.971016,197.4,220.0,0.0,0.0,,1,,,,,,,,,,,,,,,*63

$WIND,,,T,,,R*12

$OWN,0,261187000,0,100000.0,8.2,15.950825,54.970985,198.9,222.0,0.0,0.0,,1,,,,,,,,,,,,,,,*60

$WIND,,,T,,,R*12

$OWN,0,261187000,0,100000.0,8.2,15.950787,54.970951,200.4,223.0,0.0,0.0,,1,,,,,,,,,,,,,,,*60

$WIND,,,T,,,R*12

$OWN,0,261187000,0,100000.0,8.2,15.950745,54.970921,201.9,225.0,0.0,0.0,,1,,,,,,,,,,,,,,,*63

$WIND,,,T,,,R*12

$OWN,0,261187000,0,100000.0,8.2,15.950705,54.970890,203.5,226.0,0.0,0.0,,1,,,,,,,,,,,,,,,*61

$WIND,,,T,,,R*12

$OWN,0,261187000,0,100000.0,8.2,15.950662,54.970860,205.0,228.0,0.0,0.0,,1,,,,,,,,,,,,,,,*63

$WIND,,,T,,,R*12

$OWN,0,261187000,0,100000.0,8.2,15.950617,54.970829,206.6,229.0,0.0,0.0,,1,,,,,,,,,,,,,,,*68

$WIND,,,T,,,R*12

$OWN,0,261187000,0,100000.0,8.2,15.950572,54.970802,208.1,231.0,0.0,0.0,,1,,,,,,,,,,,,,,,*61

$WIND,,,T,,,R*12

$OWN,0,261187000,0,100000.0,8.2,15.950572,54.970802,208.1,232.0,0.0,0.0,,1,,,,,,,,,,,,,,,*62

$WIND,,,T,,,R*12

$AIS,0,273399760,3,-0.2,0.0,15.349185,54.830002,246.2,231.0,-38629.08,-15498.77,,1,,,,,,,,,,,,,,,*71

$OWN,0,261187000,0,100000.0,8.1,15.950525,54.970772,209.6,234.0,0.0,0.0,,1,,,,,,,,,,,,,,,*6B

$WIND,,,T,,,R*12

$AIS,0,273399760,3,-0.2,0.0,15.349185,54.830002,246.2,231.0,-38626.08,-15495.83,,1,,,,,,,,,,,,,,,*78

$AIS,0,246530000,0,0.0,11.0,15.288550,54.780182,75.8,75.0,-42573.43,-21004.34,,1,,,,,,,,,,,,,,,*67

$OWN,0,261187000,0,100000.0,8.2,15.950479,54.970745,211.1,235.0,0.0,0.0,,1,,,,,,,,,,,,,,,*6B

$WIND,,,T,,,R*12

$AIS,0,273399760,3,-0.2,0.0,15.349185,54.830002,246.2,231.0,-38622.83,-15492.88,,1,,,,,,,,,,,,,,,*73

$AIS,0,246530000,0,0.0,11.0,15.288550,54.780182,75.8,75.0,-42570.18,-21001.40,,1,,,,,,,,,,,,,,,*6C

$OWN,0,261187000,0,100000.0,8.2,15.950428,54.970718,212.6,236.0,0.0,0.0,,1,,,,,,,,,,,,,,,*60

$WIND,,,T,,,R*12

$AIS,0,273399760,3,-0.2,0.0,15.349185,54.830002,246.2,231.0,-38622.83,-15492.88,,1,,,,,,,,,,,,,,,*73

$AIS,0,246530000,0,0.0,11.0,15.288550,54.780182,75.8,75.0,-42570.18,-21001.40,,1,,,,,,,,,,,,,,,*6C

$OWN,0,261187000,0,100000.0,8.1,15.950377,54.970692,214.1,238.0,0.0,0.0,,1,,,,,,,,,,,,,,,*62

$WIND,,,T,,,R*12

$AIS,0,273399760,3,-0.2,0.0,15.349185,54.830002,246.2,231.0,-38619.53,-15489.94,,1,,,,,,,,,,,,,,,*71

$AIS,0,246530000,0,0.0,11.0,15.288550,54.780182,75.8,75.0,-42566.87,-20998.46,,1,,,,,,,,,,,,,,,*63

$OWN,0,261187000,0,100000.0,8.1,15.950327,54.970669,215.5,240.0,0.0,0.0,,1,,,,,,,,,,,,,,,*69

$WIND,,,T,,,R*12

$AIS,0,273399760,3,-0.2,0.0,15.349185,54.830002,246.2,231.0,-38613.03,-15484.48,,1,,,,,,,,,,,,,,,*72

$AIS,0,246530000,0,0.0,11.0,15.288550,54.780182,75.8,75.0,-42560.37,-20993.00,,1,,,,,,,,,,,,,,,*67

$OWN,0,261187000,0,100000.0,8.1,15.950220,54.970619,218.5,241.0,0.0,0.0,,1,,,,,,,,,,,,,,,*64

$WIND,,,T,,,R*12

$AIS,0,273399760,3,-0.2,0.0,15.349185,54.830002,246.2,231.0,-38609.48,-15481.96,,1,,,,,,,,,,,,,,,*70

$AIS,0,246530000,0,0.0,11.0,15.288550,54.780182,75.8,75.0,-42556.81,-20990.49,,1,,,,,,,,,,,,,,,*61

$OWN,0,261187000,0,100000.0,8.1,15.950165,54.970596,220.0,242.0,0.0,0.0,,1,,,,,,,,,,,,,,,*6F

$WIND,,,T,,,R*12

$AIS,0,273399760,3,-0.2,0.0,15.349185,54.830002,246.2,231.0,-38605.93,-15479.44,,1,,,,,,,,,,,,,,,*72

$AIS,0,246530000,0,0.0,11.0,15.288550,54.780182,75.8,75.0,-42553.25,-20987.97,,1,,,,,,,,,,,,,,,*6F

$OWN,0,261187000,0,100000.0,8.1,15.950111,54.970573,221.3,244.0,0.0,0.0,,1,,,,,,,,,,,,,,,*63

$WIND,,,T,,,R*12

$AIS,0,273399760,3,-0.2,0.0,15.349185,54.830002,246.2,231.0,-38602.50,-15476.93,,1,,,,,,,,,,,,,,,*7F

$AIS,0,246530000,0,0.0,11.0,15.288550,54.780182,75.8,75.0,-42549.82,-20985.46,,1,,,,,,,,,,,,,,,*67

$OWN,0,261187000,0,100000.0,8.1,15.950111,54.970573,221.3,245.0,0.0,0.0,,1,,,,,,,,,,,,,,,*62

$WIND,,,T,,,R*12

$AIS,0,273399760,3,-0.2,0.0,15.349185,54.830002,246.2,231.0,-38602.50,-15476.93,,1,,,,,,,,,,,,,,,*7F

$AIS,0,246530000,0,0.0,11.0,15.288550,54.780182,75.8,75.0,-42549.82,-20985.46,,1,,,,,,,,,,,,,,,*67

$OWN,0,261187000,0,100000.0,8.1,15.950055,54.970551,222.8,247.0,0.0,0.0,,1,,,,,,,,,,,,,,,*69

$WIND,,,T,,,R*12

$AIS,0,246530000,0,0.0,11.0,15.288550,54.780182,75.8,75.0,-42546.20,-20982.94,,1,,,,,,,,,,,,,,,*68

$OWN,0,261187000,0,100000.0,8.1,15.949997,54.970531,224.3,248.0,0.0,0.0,,1,,,,,,,,,,,,,,,*62

$WIND,,,T,,,R*12

$OWN,0,261187000,0,100000.0,8.2,15.949882,54.970490,227.1,249.0,0.0,0.0,,1,,,,,,,,,,,,,,,*6E

$WIND,,,T,,,R*12

$OWN,0,261187000,0,100000.0,8.1,15.949821,54.970470,228.6,251.0,0.0,0.0,,1,,,,,,,,,,,,,,,*6B

$WIND,,,T,,,R*12

$OWN,0,261187000,0,100000.0,8.2,15.949760,54.970455,230.0,252.0,0.0,0.0,,1,,,,,,,,,,,,,,,*69

$WIND,,,T,,,R*12

$OWN,0,261187000,0,100000.0,8.2,15.949698,54.970440,231.4,254.0,0.0,0.0,,1,,,,,,,,,,,,,,,*68

$WIND,,,T,,,R*12

$OWN,0,261187000,0,100000.0,8.2,15.949638,54.970421,232.7,254.0,0.0,0.0,,1,,,,,,,,,,,,,,,*65

$WIND,,,T,,,R*12

$OWN,0,261187000,0,100000.0,8.2,15.949575,54.970406,234.1,255.0,0.0,0.0,,1,,,,,,,,,,,,,,,*6B

$WIND,,,T,,,R*12

$OWN,0,261187000,0,100000.0,8.2,15.949512,54.970390,235.5,256.0,0.0,0.0,,1,,,,,,,,,,,,,,,*64

$WIND,,,T,,,R*12

$OWN,0,261187000,0,100000.0,8.2,15.949449,54.970379,236.9,259.0,0.0,0.0,,1,,,,,,,,,,,,,,,*6C

$WIND,,,T,,,R*12

$OWN,0,261187000,0,100000.0,8.2,15.949384,54.970367,238.4,260.0,0.0,0.0,,1,,,,,,,,,,,,,,,*6C

$WIND,,,T,,,R*12

$OWN,0,261187000,0,100000.0,8.2,15.949318,54.970352,239.8,262.0,0.0,0.0,,1,,,,,,,,,,,,,,,*60

$WIND,,,T,,,R*12

$OWN,0,261187000,0,100000.0,8.2,15.949188,54.970333,242.5,263.0,0.0,0.0,,1,,,,,,,,,,,,,,,*6C

$WIND,,,T,,,R*12

$OWN,0,261187000,0,100000.0,8.2,15.949121,54.970322,243.9,265.0,0.0,0.0,,1,,,,,,,,,,,,,,,*64

$WIND,,,T,,,R*12

$OWN,0,261187000,0,100000.0,8.2,15.949055,54.970314,245.1,266.0,0.0,0.0,,1,,,,,,,,,,,,,,,*6E

$WIND,,,T,,,R*12

$OWN,0,261187000,0,100000.0,8.2,15.948988,54.970306,246.5,267.0,0.0,0.0,,1,,,,,,,,,,,,,,,*63

$WIND,,,T,,,R*12

$OWN,0,261187000,0,100000.0,8.2,15.948920,54.970299,247.8,269.0,0.0,0.0,,1,,,,,,,,,,,,,,,*64

$WIND,,,T,,,R*12

$OWN,0,261187000,0,100000.0,8.2,15.948853,54.970295,249.2,270.0,0.0,0.0,,1,,,,,,,,,,,,,,,*61

$WIND,,,T,,,R*12

$OWN,0,261187000,0,100000.0,8.2,15.948785,54.970287,250.5,271.0,0.0,0.0,,1,,,,,,,,,,,,,,,*68

$WIND,,,T,,,R*12

$OWN,0,261187000,0,100000.0,8.2,15.948785,54.970287,250.5,273.0,0.0,0.0,,1,,,,,,,,,,,,,,,*6A

$WIND,,,T,,,R*12

$OWN,0,261187000,0,100000.0,8.2,15.948717,54.970284,251.8,274.0,0.0,0.0,,1,,,,,,,,,,,,,,,*69

$WIND,,,T,,,R*12

$OWN,0,261187000,0,100000.0,8.2,15.948580,54.970280,254.5,275.0,0.0,0.0,,1,,,,,,,,,,,,,,,*68

$WIND,,,T,,,R*12

$OWN,0,261187000,0,100000.0,8.3,15.948512,54.970280,255.8,277.0,0.0,0.0,,1,,,,,,,,,,,,,,,*6C

$WIND,,,T,,,R*12

$OWN,0,261187000,0,100000.0,8.3,15.948442,54.970276,257.1,278.0,0.0,0.0,,1,,,,,,,,,,,,,,,*65

$WIND,,,T,,,R*12

$OWN,0,261187000,0,100000.0,8.3,15.948374,54.970276,258.4,279.0,0.0,0.0,,1,,,,,,,,,,,,,,,*6C

$WIND,,,T,,,R*12

$OWN,0,261187000,0,100000.0,8.3,15.948305,54.970280,259.7,281.0,0.0,0.0,,1,,,,,,,,,,,,,,,*66

$WIND,,,T,,,R*12

$OWN,0,261187000,0,100000.0,8.3,15.948235,54.970280,261.0,282.0,0.0,0.0,,1,,,,,,,,,,,,,,,*6B

$WIND,,,T,,,R*12

$OWN,0,261187000,0,100000.0,8.3,15.948167,54.970284,262.3,283.0,0.0,0.0,,1,,,,,,,,,,,,,,,*6A

$WIND,,,T,,,R*12

$OWN,0,261187000,0,100000.0,8.3,15.948096,54.970287,263.6,285.0,0.0,0.0,,1,,,,,,,,,,,,,,,*64

$WIND,,,T,,,R*12

$OWN,0,261187000,0,100000.0,8.3,15.948096,54.970287,263.6,285.0,0.0,0.0,,1,,,,,,,,,,,,,,,*64

$WIND,,,T,,,R*12

$OWN,0,261187000,0,100000.0,8.3,15.948029,54.970291,264.9,286.0,0.0,0.0,,1,,,,,,,,,,,,,,,*6C

$WIND,,,T,,,R*12

$OWN,0,261187000,0,100000.0,8.3,15.947960,54.970295,266.1,287.0,0.0,0.0,,1,,,,,,,,,,,,,,,*68

$WIND,,,T,,,R*12

$OWN,0,261187000,0,100000.0,8.3,15.947891,54.970303,267.4,289.0,0.0,0.0,,1,,,,,,,,,,,,,,,*63

$WIND,,,T,,,R*12

$OWN,0,261187000,0,100000.0,8.3,15.947824,54.970310,268.7,290.0,0.0,0.0,,1,,,,,,,,,,,,,,,*6B

$WIND,,,T,,,R*12

$OWN,0,261187000,0,100000.0,8.3,15.947757,54.970322,270.1,291.0,0.0,0.0,,1,,,,,,,,,,,,,,,*6F

$WIND,,,T,,,R*12

$OWN,0,261187000,0,100000.0,8.4,15.947620,54.970337,272.8,294.0,0.0,0.0,,1,,,,,,,,,,,,,,,*63

$WIND,,,T,,,R*12

$OWN,0,261187000,0,100000.0,8.4,15.947555,54.970348,274.1,295.0,0.0,0.0,,1,,,,,,,,,,,,,,,*64

$WIND,,,T,,,R*12

$OWN,0,261187000,0,100000.0,8.4,15.947487,54.970360,275.3,296.0,0.0,0.0,,1,,,,,,,,,,,,,,,*60

$WIND,,,T,,,R*12

$OWN,0,261187000,0,100000.0,8.4,15.947422,54.970375,276.5,298.0,0.0,0.0,,1,,,,,,,,,,,,,,,*60

$WIND,,,T,,,R*12

$OWN,0,261187000,0,100000.0,8.4,15.947422,54.970375,276.5,299.0,0.0,0.0,,1,,,,,,,,,,,,,,,*61

$WIND,,,T,,,R*12

$OWN,0,261187000,0,100000.0,8.4,15.947355,54.970387,277.8,300.0,0.0,0.0,,1,,,,,,,,,,,,,,,*66

$WIND,,,T,,,R*12

$OWN,0,261187000,0,100000.0,8.4,15.947290,54.970402,279.0,302.0,0.0,0.0,,1,,,,,,,,,,,,,,,*60

$WIND,,,T,,,R*12

$OWN,0,261187000,0,100000.0,8.4,15.947160,54.970432,281.6,303.0,0.0,0.0,,1,,,,,,,,,,,,,,,*6F

$WIND,,,T,,,R*12

$OWN,0,261187000,0,100000.0,8.4,15.947097,54.970448,283.0,304.0,0.0,0.0,,1,,,,,,,,,,,,,,,*68

$WIND,,,T,,,R*12

$OWN,0,261187000,0,100000.0,8.4,15.947033,54.970467,284.2,305.0,0.0,0.0,,1,,,,,,,,,,,,,,,*6F

$WIND,,,T,,,R*12

$OWN,0,261187000,0,100000.0,8.4,15.946972,54.970486,285.5,307.0,0.0,0.0,,1,,,,,,,,,,,,,,,*69

$WIND,,,T,,,R*12

$OWN,0,261187000,0,100000.0,8.4,15.946972,54.970486,285.5,307.0,0.0,0.0,,1,,,,,,,,,,,,,,,*69

$WIND,,,T,,,R*12

$OWN,0,261187000,0,100000.0,8.5,15.946910,54.970505,286.8,308.0,0.0,0.0,,1,,,,,,,,,,,,,,,*67

$WIND,,,T,,,R*12

$OWN,0,261187000,0,100000.0,8.5,15.946848,54.970524,288.0,309.0,0.0,0.0,,1,,,,,,,,,,,,,,,*6F

$WIND,,,T,,,R*12

$OWN,0,261187000,0,100000.0,8.5,15.946787,54.970547,289.3,310.0,0.0,0.0,,1,,,,,,,,,,,,,,,*6C

$WIND,,,T,,,R*12

$OWN,0,261187000,0,100000.0,8.5,15.946727,54.970566,290.4,312.0,0.0,0.0,,1,,,,,,,,,,,,,,,*68

$WIND,,,T,,,R*12

$OWN,0,261187000,0,100000.0,8.5,15.946669,54.970585,291.6,313.0,0.0,0.0,,1,,,,,,,,,,,,,,,*6C

$WIND,,,T,,,R*12

$OWN,0,261187000,0,100000.0,8.5,15.946610,54.970612,292.9,314.0,0.0,0.0,,1,,,,,,,,,,,,,,,*64

$WIND,,,T,,,R*12

$OWN,0,261187000,0,100000.0,8.5,15.946550,54.970634,294.2,315.0,0.0,0.0,,1,,,,,,,,,,,,,,,*6B

$WIND,,,T,,,R*12

$OWN,0,261187000,0,100000.0,8.5,15.946495,54.970661,295.5,317.0,0.0,0.0,,1,,,,,,,,,,,,,,,*67

$WIND,,,T,,,R*12

$OWN,0,261187000,0,100000.0,8.5,15.946439,54.970684,296.8,318.0,0.0,0.0,,1,,,,,,,,,,,,,,,*6B

$WIND,,,T,,,R*12

$OWN,0,261187000,0,100000.0,8.5,15.946385,54.970711,298.0,319.0,0.0,0.0,,1,,,,,,,,,,,,,,,*61

$WIND,,,T,,,R*12

$OWN,0,261187000,0,100000.0,8.6,15.946330,54.970737,299.3,320.0,0.0,0.0,,1,,,,,,,,,,,,,,,*60

$WIND,,,T,,,R*12

$OWN,0,261187000,0,100000.0,8.6,15.946277,54.970764,300.5,322.0,0.0,0.0,,1,,,,,,,,,,,,,,,*61

$WIND,,,T,,,R*12

$OWN,0,261187000,0,100000.0,8.6,15.946225,54.970795,301.8,323.0,0.0,0.0,,1,,,,,,,,,,,,,,,*65

$WIND,,,T,,,R*12

$OWN,0,261187000,0,100000.0,8.6,15.946175,54.970821,303.0,325.0,0.0,0.0,,1,,,,,,,,,,,,,,,*6F

$WIND,,,T,,,R*12

$OWN,0,261187000,0,100000.0,8.6,15.946125,54.970852,304.2,326.0,0.0,0.0,,1,,,,,,,,,,,,,,,*68

$WIND,,,T,,,R*12

$OWN,0,261187000,0,100000.0,8.6,15.946076,54.970886,305.5,327.0,0.0,0.0,,1,,,,,,,,,,,,,,,*61

$WIND,,,T,,,R*12

$OWN,0,261187000,0,100000.0,8.6,15.946032,54.970917,306.7,329.0,0.0,0.0,,1,,,,,,,,,,,,,,,*67

$WIND,,,T,,,R*12

$OWN,0,261187000,0,100000.0,8.6,15.945985,54.970951,308.0,330.0,0.0,0.0,,1,,,,,,,,,,,,,,,*62

$WIND,,,T,,,R*12

$OWN,0,261187000,0,100000.0,8.6,15.945940,54.970982,309.2,331.0,0.0,0.0,,1,,,,,,,,,,,,,,,*67

$WIND,,,T,,,R*12

$OWN,0,261187000,0,100000.0,8.6,15.945897,54.971016,310.5,333.0,0.0,0.0,,1,,,,,,,,,,,,,,,*64

$WIND,,,T,,,R*12

$OWN,0,261187000,0,100000.0,8.6,15.945855,54.971050,311.8,334.0,0.0,0.0,,1,,,,,,,,,,,,,,,*63

$WIND,,,T,,,R*12

$OWN,0,261187000,0,100000.0,8.6,15.945813,54.971085,313.1,335.0,0.0,0.0,,1,,,,,,,,,,,,,,,*63

$WIND,,,T,,,R*12

$OWN,0,261187000,0,100000.0,8.7,15.945735,54.971157,315.6,338.0,0.0,0.0,,1,,,,,,,,,,,,,,,*6B

$WIND,,,T,,,R*12

$OWN,0,261187000,0,100000.0,8.7,15.945699,54.971191,316.9,340.0,0.0,0.0,,1,,,,,,,,,,,,,,,*65

$WIND,,,T,,,R*12

$AIS,0,219339000,0,0.0,5.7,16.381214,54.814495,275.0,272.0,27987.58,-17349.77,,1,,,,,,,,,,,,,,,*79

$OWN,0,261187000,0,100000.0,8.7,15.945662,54.971226,318.2,341.0,0.0,0.0,,1,,,,,,,,,,,,,,,*6A

$WIND,,,T,,,R*12

$AIS,0,219339000,0,0.0,5.7,16.381214,54.814495,275.0,272.0,27989.97,-17353.57,,1,,,,,,,,,,,,,,,*7D

$OWN,0,261187000,0,100000.0,8.7,15.945662,54.971226,318.2,342.0,0.0,0.0,,1,,,,,,,,,,,,,,,*69

$WIND,,,T,,,R*12

$AIS,0,219339000,0,0.0,5.7,16.381214,54.814495,275.0,272.0,27989.97,-17353.57,,1,,,,,,,,,,,,,,,*7D

$OWN,0,261187000,0,100000.0,8.7,15.945628,54.971264,319.5,344.0,0.0,0.0,,1,,,,,,,,,,,,,,,*61

$WIND,,,T,,,R*12

$AIS,0,219339000,0,0.0,5.7,16.381214,54.814495,275.0,272.0,27992.11,-17357.80,,1,,,,,,,,,,,,,,,*77

$OWN,0,261187000,0,100000.0,8.7,15.945597,54.971302,320.9,345.0,0.0,0.0,,1,,,,,,,,,,,,,,,*60

$WIND,,,T,,,R*12

$AIS,0,219339000,0,0.0,5.7,16.381214,54.814495,275.0,272.0,27994.13,-17362.03,,1,,,,,,,,,,,,,,,*7E

$OWN,0,261187000,0,100000.0,8.7,15.945565,54.971340,322.2,346.0,0.0,0.0,,1,,,,,,,,,,,,,,,*61

$WIND,,,T,,,R*12

$AIS,0,219339000,0,0.0,5.7,16.381214,54.814495,275.0,272.0,27996.16,-17366.27,,1,,,,,,,,,,,,,,,*7B

$OWN,0,261187000,0,100000.0,8.7,15.945535,54.971378,323.5,347.0,0.0,0.0,,1,,,,,,,,,,,,,,,*68

$WIND,,,T,,,R*12

$AIS,0,219339000,0,0.0,5.7,16.381214,54.814495,275.0,272.0,27998.12,-17370.50,,1,,,,,,,,,,,,,,,*76

$OWN,0,261187000,0,100000.0,8.7,15.945507,54.971413,324.8,349.0,0.0,0.0,,1,,,,,,,,,,,,,,,*67

$WIND,,,T,,,R*12

$AIS,0,219339000,0,0.0,5.7,16.381214,54.814495,275.0,272.0,27999.89,-17374.31,,1,,,,,,,,,,,,,,,*76

$OWN,0,261187000,0,100000.0,8.7,15.945480,54.971455,326.1,350.0,0.0,0.0,,1,,,,,,,,,,,,,,,*68

$WIND,,,T,,,R*12

$AIS,0,219339000,0,0.0,5.7,16.381214,54.814495,275.0,272.0,28001.61,-17378.97,,1,,,,,,,,,,,,,,,*77

$OWN,0,261187000,0,100000.0,8.7,15.945455,54.971493,327.3,350.0,0.0,0.0,,1,,,,,,,,,,,,,,,*69

$WIND,,,T,,,R*12

$AIS,0,219339000,0,0.0,5.7,16.381214,54.814495,275.0,272.0,28003.26,-17383.20,,1,,,,,,,,,,,,,,,*7E

$OWN,0,261187000,0,100000.0,8.7,15.945432,54.971531,328.6,352.0,0.0,0.0,,1,,,,,,,,,,,,,,,*69

$WIND,,,T,,,R*12

$OWN,0,261187000,0,100000.0,8.7,15.945408,54.971569,329.9,353.0,0.0,0.0,,1,,,,,,,,,,,,,,,*62

$WIND,,,T,,,R*12

$OWN,0,261187000,0,100000.0,8.7,15.945387,54.971611,331.2,354.0,0.0,0.0,,1,,,,,,,,,,,,,,,*6B

$WIND,,,T,,,R*12

$OWN,0,261187000,0,100000.0,8.7,15.945369,54.971649,332.5,355.0,0.0,0.0,,1,,,,,,,,,,,,,,,*63

$WIND,,,T,,,R*12

$OWN,0,261187000,0,100000.0,8.7,15.945352,54.971691,333.9,357.0,0.0,0.0,,1,,,,,,,,,,,,,,,*61

$WIND,,,T,,,R*12

$OWN,0,261187000,0,100000.0,8.7,15.945336,54.971733,335.3,358.0,0.0,0.0,,1,,,,,,,,,,,,,,,*69

$WIND,,,T,,,R*12

$OWN,0,261187000,0,100000.0,8.7,15.945323,54.971775,336.7,359.0,0.0,0.0,,1,,,,,,,,,,,,,,,*69

$WIND,,,T,,,R*12

$OWN,0,261187000,0,100000.0,8.7,15.945312,54.971813,337.9,1.0,0.0,0.0,,1,,,,,,,,,,,,,,,*65

$WIND,,,T,,,R*12

$OWN,0,261187000,0,100000.0,8.7,15.945300,54.971855,339.2,2.0,0.0,0.0,,1,,,,,,,,,,,,,,,*62

$WIND,,,T,,,R*12

$OWN,0,261187000,0,100000.0,8.7,15.945292,54.971897,340.5,5.0,0.0,0.0,,1,,,,,,,,,,,,,,,*68

$WIND,,,T,,,R*12

$OWN,0,261187000,0,100000.0,8.7,15.945282,54.971935,341.8,6.0,0.0,0.0,,1,,,,,,,,,,,,,,,*6F

$WIND,,,T,,,R*12

$OWN,0,261187000,0,100000.0,8.8,15.945276,54.971977,343.1,7.0,0.0,0.0,,1,,,,,,,,,,,,,,,*67

$WIND,,,T,,,R*12

$OWN,0,261187000,0,100000.0,8.8,15.945276,54.971977,343.1,7.0,0.0,0.0,,1,,,,,,,,,,,,,,,*67

$WIND,,,T,,,R*12

$OWN,0,261187000,0,100000.0,8.8,15.945270,54.972019,344.3,8.0,0.0,0.0,,1,,,,,,,,,,,,,,,*69

$WIND,,,T,,,R*12

$OWN,0,261187000,0,100000.0,8.8,15.945267,54.972061,345.4,8.0,0.0,0.0,,1,,,,,,,,,,,,,,,*66

$WIND,,,T,,,R*12

$OWN,0,261187000,0,100000.0,8.8,15.945265,54.972145,348.1,9.0,0.0,0.0,,1,,,,,,,,,,,,,,,*6A

$WIND,,,T,,,R*12

$OWN,0,261187000,0,100000.0,8.8,15.945267,54.972187,349.3,9.0,0.0,0.0,,1,,,,,,,,,,,,,,,*65

$WIND,,,T,,,R*12

$OWN,0,261187000,0,100000.0,8.8,15.945269,54.972229,350.5,10.0,0.0,0.0,,1,,,,,,,,,,,,,,,*5A

$WIND,,,T,,,R*12

$OWN,0,261187000,0,100000.0,8.8,15.945271,54.972271,351.6,10.0,0.0,0.0,,1,,,,,,,,,,,,,,,*5C

$WIND,,,T,,,R*12

$OWN,0,261187000,0,100000.0,8.8,15.945276,54.972317,352.7,10.0,0.0,0.0,,1,,,,,,,,,,,,,,,*58

$WIND,,,T,,,R*12

$OWN,0,261187000,0,100000.0,8.9,15.945280,54.972355,353.8,11.0,0.0,0.0,,1,,,,,,,,,,,,,,,*59

$WIND,,,T,,,R*12

$OWN,0,261187000,0,0.0,8.9,15.945287,54.972401,354.9,11.0,0.0,0.0,,1,,,,,,,,,,,,,,,*6F

$WIND,,,T,,,R*12

$OWN,0,261187000,0,0.0,8.9,15.945293,54.972443,355.9,11.0,0.0,0.0,,1,,,,,,,,,,,,,,,*6D

$WIND,,,T,,,R*12

$OWN,0,261187000,0,0.0,9.0,15.945307,54.972527,357.5,11.0,0.0,0.0,,1,,,,,,,,,,,,,,,*64

$WIND,,,T,,,R*12

$OWN,0,261187000,0,0.0,9.0,15.945313,54.972569,358.3,11.0,0.0,0.0,,1,,,,,,,,,,,,,,,*62

$WIND,,,T,,,R*12

$OWN,0,261187000,0,-100000.0,9.0,15.945320,54.972614,358.9,11.0,0.0,0.0,,1,,,,,,,,,,,,,,,*7D

$WIND,,,T,,,R*12

$OWN,0,261187000,0,0.0,9.1,15.945329,54.972660,359.6,11.0,0.0,0.0,,1,,,,,,,,,,,,,,,*64

$WIND,,,T,,,R*12

$OWN,0,261187000,0,-100000.0,9.1,15.945336,54.972702,0.2,11.0,0.0,0.0,,1,,,,,,,,,,,,,,,*78

$WIND,,,T,,,R*12

$OWN,0,261187000,0,-100000.0,9.2,15.945345,54.972744,0.8,10.0,0.0,0.0,,1,,,,,,,,,,,,,,,*76

$WIND,,,T,,,R*12

$OWN,0,261187000,0,-100000.0,9.2,15.945354,54.972790,1.3,10.0,0.0,0.0,,1,,,,,,,,,,,,,,,*75

$WIND,,,T,,,R*12

$OWN,0,261187000,0,-100000.0,9.2,15.945362,54.972832,1.7,9.0,0.0,0.0,,1,,,,,,,,,,,,,,,*4B

$WIND,,,T,,,R*12

$OWN,0,261187000,0,-100000.0,9.3,15.945370,54.972878,2.1,9.0,0.0,0.0,,1,,,,,,,,,,,,,,,*42

$WIND,,,T,,,R*12

$OWN,0,261187000,0,-100000.0,9.3,15.945370,54.972878,2.1,9.0,0.0,0.0,,1,,,,,,,,,,,,,,,*42

$WIND,,,T,,,R*12

$OWN,0,261187000,0,-100000.0,9.3,15.945378,54.972923,2.5,9.0,0.0,0.0,,1,,,,,,,,,,,,,,,*41

$WIND,,,T,,,R*12

$OWN,0,261187000,0,-100000.0,9.4,15.945385,54.972969,2.8,8.0,0.0,0.0,,1,,,,,,,,,,,,,,,*46

$WIND,,,T,,,R*12

$OWN,0,261187000,0,-100000.0,9.4,15.945394,54.973015,3.1,8.0,0.0,0.0,,1,,,,,,,,,,,,,,,*4D

$WIND,,,T,,,R*12

$OWN,0,261187000,0,-100000.0,9.5,15.945403,54.973061,3.4,8.0,0.0,0.0,,1,,,,,,,,,,,,,,,*43

$WIND,,,T,,,R*12

$OWN,0,261187000,0,-100000.0,9.5,15.945410,54.973106,3.5,8.0,0.0,0.0,,1,,,,,,,,,,,,,,,*40

$WIND,,,T,,,R*12

$OWN,0,261187000,0,0.0,9.6,15.945420,54.973198,3.5,8.0,0.0,0.0,,1,,,,,,,,,,,,,,,*5B

$WIND,,,T,,,R*12

$OWN,0,261187000,0,-100000.0,9.7,15.945425,54.973244,3.5,8.0,0.0,0.0,,1,,,,,,,,,,,,,,,*41

$WIND,,,T,,,R*12

$AIS,0,219339000,0,0.0,5.8,16.378954,54.814610,274.5,271.0,27859.84,-17566.20,,1,,,,,,,,,,,,,,,*7D

$OWN,0,261187000,0,0.0,9.7,15.945430,54.973293,3.4,8.0,0.0,0.0,,1,,,,,,,,,,,,,,,*52

$WIND,,,T,,,R*12

$AIS,0,219339000,0,0.0,5.8,16.378954,54.814610,274.5,271.0,27859.53,-17571.72,,1,,,,,,,,,,,,,,,*76

$OWN,0,261187000,0,0.0,9.8,15.945435,54.973339,3.5,7.0,0.0,0.0,,1,,,,,,,,,,,,,,,*57

$WIND,,,T,,,R*12

$AIS,0,219339000,0,0.0,5.8,16.378954,54.814610,274.5,271.0,27859.23,-17576.82,,1,,,,,,,,,,,,,,,*79

$OWN,0,261187000,0,-100000.0,9.8,15.945440,54.973385,3.6,7.0,0.0,0.0,,1,,,,,,,,,,,,,,,*4D

$WIND,,,T,,,R*12

$AIS,0,219339000,0,0.0,5.8,16.378954,54.814610,274.5,271.0,27858.86,-17581.91,,1,,,,,,,,,,,,,,,*7D

$OWN,0,261187000,0,-100000.0,9.8,15.945440,54.973385,3.6,7.0,0.0,0.0,,1,,,,,,,,,,,,,,,*4D

$WIND,,,T,,,R*12

$AIS,0,219339000,0,0.0,5.8,16.378954,54.814610,274.5,271.0,27858.86,-17581.91,,1,,,,,,,,,,,,,,,*7D

$OWN,0,261187000,0,-100000.0,9.9,15.945447,54.973431,3.7,7.0,0.0,0.0,,1,,,,,,,,,,,,,,,*42

$WIND,,,T,,,R*12

$AIS,0,219339000,0,0.0,5.8,16.378954,54.814610,274.5,271.0,27858.43,-17587.01,,1,,,,,,,,,,,,,,,*7B

$OWN,0,261187000,0,0.0,9.9,15.945460,54.973526,3.7,7.0,0.0,0.0,,1,,,,,,,,,,,,,,,*5C

$WIND,,,T,,,R*12

$AIS,0,219339000,0,0.0,5.8,16.378954,54.814610,274.5,271.0,27857.57,-17597.63,,1,,,,,,,,,,,,,,,*74

$OWN,0,261187000,0,0.0,10.0,15.945465,54.973576,3.6,7.0,0.0,0.0,,1,,,,,,,,,,,,,,,*6C

$WIND,,,T,,,R*12

$AIS,0,219339000,0,0.0,5.8,16.378954,54.814610,274.5,271.0,27857.26,-17603.15,,1,,,,,,,,,,,,,,,*7D

$OWN,0,261187000,0,0.0,10.0,15.945468,54.973621,3.6,7.0,0.0,0.0,,1,,,,,,,,,,,,,,,*60

$WIND,,,T,,,R*12

$AIS,0,219339000,0,0.0,5.8,16.378954,54.814610,274.5,271.0,27857.08,-17608.24,,1,,,,,,,,,,,,,,,*78

$OWN,0,261187000,0,0.0,10.1,15.945474,54.973671,3.5,6.0,0.0,0.0,,1,,,,,,,,,,,,,,,*6B

$WIND,,,T,,,R*12

$AIS,0,219339000,0,0.0,5.8,16.378954,54.814610,274.5,271.0,27856.71,-17613.76,,1,,,,,,,,,,,,,,,*7A

$OWN,0,261187000,0,0.0,10.1,15.945477,54.973717,3.3,6.0,0.0,0.0,,1,,,,,,,,,,,,,,,*6F

$WIND,,,T,,,R*12

$OWN,0,261187000,0,-100000.0,10.1,15.945478,54.973766,3.1,6.0,0.0,0.0,,1,,,,,,,,,,,,,,,*78

$WIND,,,T,,,R*12

$OWN,0,261187000,0,-100000.0,10.2,15.945481,54.973816,3.1,6.0,0.0,0.0,,1,,,,,,,,,,,,,,,*75

$WIND,,,T,,,R*12

$OWN,0,261187000,0,-100000.0,10.2,15.945487,54.973866,3.1,6.0,0.0,0.0,,1,,,,,,,,,,,,,,,*74

$WIND,,,T,,,R*12

$OWN,0,261187000,0,-100000.0,10.2,15.945492,54.973915,3.1,5.0,0.0,0.0,,1,,,,,,,,,,,,,,,*76

$WIND,,,T,,,R*12

