


$WIND,,,T,,,R*12


$AIS,0,371281000,0,0.0,9.4,15.680295,54.740395,262.0,260.0,-18707.63,-7874.00,,1,,,,,,,,,,,,,,,*62


$OWN,0,261187000,0,100000.0,11.5,15.970965,54.811504,89.0,92.0,0.0,0.0,,1,,,,,,,,,,,,,,,*5A


$WIND,,,T,,,R*12


$AIS,0,371281000,0,0.0,9.4,15.680295,54.740395,262.0,260.0,-18713.59,-7873.97,,1,,,,,,,,,,,,,,,*67


$OWN,0,261187000,0,100000.0,11.5,15.971057,54.811504,89.1,92.0,0.0,0.0,,1,,,,,,,,,,,,,,,*52


$WIND,,,T,,,R*12


$AIS,0,371281000,0,0.0,9.4,15.680295,54.740395,262.0,260.0,-18719.48,-7873.95,,1,,,,,,,,,,,,,,,*6F


$OWN,0,261187000,0,100000.0,11.5,15.971150,54.811504,89.3,93.0,0.0,0.0,,1,,,,,,,,,,,,,,,*57


$WIND,,,T,,,R*12


$AIS,0,371281000,0,0.0,9.4,15.680295,54.740395,262.0,260.0,-18725.50,-7873.92,,1,,,,,,,,,,,,,,,*6E


$OWN,0,261187000,0,100000.0,11.5,15.971334,54.811501,89.4,95.0,0.0,0.0,,1,,,,,,,,,,,,,,,*53


$WIND,,,T,,,R*12


$AIS,0,371281000,0,0.0,9.4,15.680295,54.740395,262.0,260.0,-18737.29,-7873.45,,1,,,,,,,,,,,,,,,*69


$OWN,0,261187000,0,100000.0,11.5,15.971423,54.811501,89.6,96.0,0.0,0.0,,1,,,,,,,,,,,,,,,*53


$WIND,,,T,,,R*12


$AIS,0,371281000,0,0.0,9.4,15.680295,54.740395,262.0,260.0,-18743.06,-7873.42,,1,,,,,,,,,,,,,,,*60


$OWN,0,261187000,0,100000.0,11.4,15.971515,54.811501,89.7,98.0,0.0,0.0,,1,,,,,,,,,,,,,,,*59


$WIND,,,T,,,R*12


$AIS,0,371281000,0,0.0,9.4,15.680295,54.740395,262.0,260.0,-18748.96,-7873.40,,1,,,,,,,,,,,,,,,*60


$OWN,0,261187000,0,100000.0,11.4,15.971606,54.811497,90.0,100.0,0.0,0.0,,1,,,,,,,,,,,,,,,*69


$WIND,,,T,,,R*12


$OWN,0,261187000,0,100000.0,11.4,15.971695,54.811497,90.4,102.0,0.0,0.0,,1,,,,,,,,,,,,,,,*65


$WIND,,,T,,,R*12


$OWN,0,261187000,0,100000.0,11.4,15.971784,54.811489,91.1,105.0,0.0,0.0,,1,,,,,,,,,,,,,,,*68


$WIND,,,T,,,R*12


$OWN,0,261187000,0,100000.0,11.3,15.971871,54.811481,91.8,107.0,0.0,0.0,,1,,,,,,,,,,,,,,,*69


$WIND,,,T,,,R*12


$OWN,0,261187000,0,100000.0,11.3,15.971956,54.811470,92.7,111.0,0.0,0.0,,1,,,,,,,,,,,,,,,*68


$WIND,,,T,,,R*12


$OWN,0,261187000,0,100000.0,11.2,15.972042,54.811459,93.6,114.0,0.0,0.0,,1,,,,,,,,,,,,,,,*68


$WIND,,,T,,,R*12


$AIS,0,273418880,0,0.0,0.1,15.456585,54.813255,104.8,51.0,-33125.85,321.71,,1,,,,,,,,,,,,,,,*4B


$OWN,0,261187000,0,100000.0,11.1,15.972123,54.811447,94.7,117.0,0.0,0.0,,1,,,,,,,,,,,,,,,*67


$WIND,,,T,,,R*12


$AIS,0,273418880,0,0.0,0.1,15.456585,54.813255,104.8,51.0,-33131.06,323.02,,1,,,,,,,,,,,,,,,*43


$OWN,0,261187000,0,100000.0,11.1,15.972123,54.811447,94.7,120.0,0.0,0.0,,1,,,,,,,,,,,,,,,*63


$WIND,,,T,,,R*12


$AIS,0,273418880,0,0.0,0.1,15.456585,54.813255,104.8,51.0,-33131.06,323.02,,1,,,,,,,,,,,,,,,*43


$OWN,0,261187000,0,100000.0,11.0,15.972203,54.811432,95.9,124.0,0.0,0.0,,1,,,,,,,,,,,,,,,*6A


$WIND,,,T,,,R*12


$AIS,0,273418880,0,0.0,0.1,15.456585,54.813255,104.8,51.0,-33136.21,324.76,,1,,,,,,,,,,,,,,,*45


$OWN,0,261187000,0,100000.0,10.9,15.972280,54.811417,97.3,128.0,0.0,0.0,,1,,,,,,,,,,,,,,,*6A


$WIND,,,T,,,R*12


$AIS,0,273418880,0,0.0,0.1,15.456585,54.813255,104.8,51.0,-33141.11,326.49,,1,,,,,,,,,,,,,,,*48


$OWN,0,261187000,0,100000.0,10.8,15.972353,54.811398,98.8,128.0,0.0,0.0,,1,,,,,,,,,,,,,,,*60


$WIND,,,T,,,R*12


$AIS,0,273418880,0,0.0,0.1,15.456585,54.813255,104.8,51.0,-33145.83,328.65,,1,,,,,,,,,,,,,,,*47


$OWN,0,261187000,0,100000.0,10.6,15.972422,54.811378,100.5,132.0,0.0,0.0,,1,,,,,,,,,,,,,,,*57


$WIND,,,T,,,R*12


$AIS,0,273418880,0,0.0,0.1,15.456585,54.813255,104.8,51.0,-33150.25,330.81,,1,,,,,,,,,,,,,,,*4C


$AIS,0,273370640,3,0.7,0.0,15.355660,54.832756,,21.0,-39616.99,2553.12,,1,,,,,,,,,,,,,,,*5C


$OWN,0,261187000,0,100000.0,10.5,15.972486,54.811352,102.4,135.0,0.0,0.0,,1,,,,,,,,,,,,,,,*56


$WIND,,,T,,,R*12


$AIS,0,273418880,0,0.0,0.1,15.456585,54.813255,104.8,51.0,-33154.41,333.81,,1,,,,,,,,,,,,,,,*49


$AIS,0,273370640,3,0.7,0.0,15.355660,54.832756,,21.0,-39621.15,2556.12,,1,,,,,,,,,,,,,,,*59


$OWN,0,261187000,0,100000.0,10.3,15.972548,54.811325,104.4,139.0,0.0,0.0,,1,,,,,,,,,,,,,,,*59


$WIND,,,T,,,R*12


$AIS,0,273418880,0,0.0,0.1,15.456585,54.813255,104.8,51.0,-33162.01,339.81,,1,,,,,,,,,,,,,,,*42


$AIS,0,273370640,3,0.7,0.0,15.355660,54.832756,,21.0,-39628.75,2562.13,,1,,,,,,,,,,,,,,,*50


$OWN,0,261187000,0,100000.0,10.1,15.972605,54.811298,106.4,143.0,0.0,0.0,,1,,,,,,,,,,,,,,,*59


$WIND,,,T,,,R*12


$AIS,0,273418880,0,0.0,0.1,15.456585,54.813255,104.8,51.0,-33165.32,342.80,,1,,,,,,,,,,,,,,,*48


$AIS,0,273370640,3,0.7,0.0,15.355660,54.832756,,21.0,-39632.06,2565.13,,1,,,,,,,,,,,,,,,*58


$OWN,0,261187000,0,100000.0,9.9,15.972656,54.811272,108.6,146.0,0.0,0.0,,1,,,,,,,,,,,,,,,*62


$WIND,,,T,,,R*12


$AIS,0,273418880,0,0.0,0.1,15.456585,54.813255,104.8,51.0,-33168.45,345.80,,1,,,,,,,,,,,,,,,*42


$AIS,0,273370640,3,0.7,0.0,15.355660,54.832756,,21.0,-39635.18,2568.13,,1,,,,,,,,,,,,,,,*5D


$OWN,0,261187000,0,100000.0,9.7,15.972705,54.811245,110.8,150.0,0.0,0.0,,1,,,,,,,,,,,,,,,*6F


$WIND,,,T,,,R*12


$AIS,0,273370640,3,0.7,0.0,15.355660,54.832756,,21.0,-39638.06,2571.55,,1,,,,,,,,,,,,,,,*55


$AIS,0,273399760,3,-0.0,0.0,15.349568,54.830215,225.6,231.0,-40031.89,2292.32,,1,,,,,,,,,,,,,,,*6E


$OWN,0,261187000,0,100000.0,9.2,15.972790,54.811184,115.3,157.0,0.0,0.0,,1,,,,,,,,,,,,,,,*61


$WIND,,,T,,,R*12


$AIS,0,273370640,3,0.7,0.0,15.355660,54.832756,,21.0,-39640.63,2574.97,,1,,,,,,,,,,,,,,,*52


$AIS,0,273399760,3,-0.0,0.0,15.349568,54.830215,225.6,231.0,-40034.46,2295.73,,1,,,,,,,,,,,,,,,*6A


$OWN,0,261187000,0,100000.0,9.0,15.972827,54.811157,117.6,161.0,0.0,0.0,,1,,,,,,,,,,,,,,,*6C


$WIND,,,T,,,R*12


$AIS,0,273370640,3,0.7,0.0,15.355660,54.832756,,21.0,-39643.02,2577.96,,1,,,,,,,,,,,,,,,*54


$AIS,0,273399760,3,-0.0,0.0,15.349568,54.830215,225.6,231.0,-40036.85,2298.73,,1,,,,,,,,,,,,,,,*6A


$OWN,0,261187000,0,100000.0,8.8,15.972860,54.811127,120.0,164.0,0.0,0.0,,1,,,,,,,,,,,,,,,*66


$WIND,,,T,,,R*12


$AIS,0,273370640,3,0.7,0.0,15.355660,54.832756,,21.0,-39645.17,2581.38,,1,,,,,,,,,,,,,,,*5B


$AIS,0,273399760,3,-0.0,0.0,15.349568,54.830215,225.6,231.0,-40038.99,2302.14,,1,,,,,,,,,,,,,,,*6A


$OWN,0,261187000,0,100000.0,8.8,15.972860,54.811127,120.0,164.0,0.0,0.0,,1,,,,,,,,,,,,,,,*66


$WIND,,,T,,,R*12


$AIS,0,273370640,3,0.7,0.0,15.355660,54.832756,,21.0,-39645.17,2581.38,,1,,,,,,,,,,,,,,,*5B


$AIS,0,273399760,3,-0.0,0.0,15.349568,54.830215,225.6,231.0,-40038.99,2302.14,,1,,,,,,,,,,,,,,,*6A


$OWN,0,261187000,0,100000.0,8.6,15.972888,54.811092,122.6,168.0,0.0,0.0,,1,,,,,,,,,,,,,,,*69


$WIND,,,T,,,R*12


$AIS,0,273399760,3,-0.0,0.0,15.349568,54.830215,225.6,231.0,-40040.77,2305.98,,1,,,,,,,,,,,,,,,*66


$OWN,0,261187000,0,100000.0,8.3,15.972912,54.811062,125.2,171.0,0.0,0.0,,1,,,,,,,,,,,,,,,*6A


$WIND,,,T,,,R*12


$AIS,0,273399760,3,-0.0,0.0,15.349568,54.830215,225.6,231.0,-40042.30,2309.39,,1,,,,,,,,,,,,,,,*60


$OWN,0,261187000,0,100000.0,8.1,15.972932,54.811031,127.7,175.0,0.0,0.0,,1,,,,,,,,,,,,,,,*6F


$WIND,,,T,,,R*12


$AIS,0,273399760,3,-0.0,0.0,15.349568,54.830215,225.6,231.0,-40043.59,2312.79,,1,,,,,,,,,,,,,,,*60


$OWN,0,261187000,0,100000.0,7.9,15.972950,54.811001,130.4,178.0,0.0,0.0,,1,,,,,,,,,,,,,,,*67


$WIND,,,T,,,R*12


$AIS,0,273399760,3,-0.0,0.0,15.349568,54.830215,225.6,231.0,-40044.75,2316.20,,1,,,,,,,,,,,,,,,*61


$AIS,0,273397740,3,0.0,5.0,15.335250,54.838917,148.1,147.0,-40955.72,3292.70,,1,,,,,,,,,,,,,,,*49


$OWN,0,261187000,0,100000.0,7.6,15.972961,54.810970,133.2,182.0,0.0,0.0,,1,,,,,,,,,,,,,,,*64


$WIND,,,T,,,R*12


$AIS,0,273399760,3,-0.0,0.0,15.349568,54.830215,225.6,231.0,-40045.49,2319.60,,1,,,,,,,,,,,,,,,*64


$AIS,0,273397740,3,0.0,5.0,15.335250,54.838917,148.1,147.0,-40956.45,3296.11,,1,,,,,,,,,,,,,,,*4D


$AIS,0,273418880,0,0.0,0.2,15.456629,54.813244,126.0,50.0,-33182.12,375.19,,1,,,,,,,,,,,,,,,*48


$OWN,0,261187000,0,100000.0,7.4,15.972972,54.810940,136.0,185.0,0.0,0.0,,1,,,,,,,,,,,,,,,*67


$WIND,,,T,,,R*12


$AIS,0,273397740,3,0.0,5.0,15.335250,54.838917,148.1,147.0,-40957.13,3299.51,,1,,,,,,,,,,,,,,,*44


$AIS,0,273418880,0,0.0,0.2,15.456629,54.813244,126.0,50.0,-33182.80,378.59,,1,,,,,,,,,,,,,,,*4A


$OWN,0,261187000,0,100000.0,7.2,15.972980,54.810913,138.6,188.0,0.0,0.0,,1,,,,,,,,,,,,,,,*6F


$WIND,,,T,,,R*12


$AIS,0,273397740,3,0.0,5.0,15.335250,54.838917,148.1,147.0,-40957.62,3302.48,,1,,,,,,,,,,,,,,,*49


$AIS,0,273418880,0,0.0,0.2,15.456629,54.813244,126.0,50.0,-33183.29,381.56,,1,,,,,,,,,,,,,,,*41


$OWN,0,261187000,0,100000.0,7.0,15.972986,54.810883,141.3,192.0,0.0,0.0,,1,,,,,,,,,,,,,,,*63


$WIND,,,T,,,R*12


$AIS,0,273397740,3,0.0,5.0,15.335250,54.838917,148.1,147.0,-40958.04,3305.88,,1,,,,,,,,,,,,,,,*4D


$AIS,0,273418880,0,0.0,0.2,15.456629,54.813244,126.0,50.0,-33183.72,384.96,,1,,,,,,,,,,,,,,,*46


$OWN,0,261187000,0,100000.0,6.8,15.972988,54.810856,144.1,195.0,0.0,0.0,,1,,,,,,,,,,,,,,,*6C


$WIND,,,T,,,R*12


$AIS,0,273397740,3,0.0,5.0,15.335250,54.838917,148.1,147.0,-40958.17,3308.86,,1,,,,,,,,,,,,,,,*4C


$AIS,0,273418880,0,0.0,0.2,15.456629,54.813244,126.0,50.0,-33183.84,387.93,,1,,,,,,,,,,,,,,,*49


$OWN,0,261187000,0,100000.0,6.6,15.972988,54.810829,147.0,198.0,0.0,0.0,,1,,,,,,,,,,,,,,,*65


$WIND,,,T,,,R*12


$AIS,0,273397740,3,0.0,5.0,15.335250,54.838917,148.1,147.0,-40958.17,3311.83,,1,,,,,,,,,,,,,,,*41


$AIS,0,273418880,0,0.0,0.2,15.456629,54.813244,126.0,50.0,-33183.84,390.91,,1,,,,,,,,,,,,,,,*4D


$OWN,0,261187000,0,100000.0,6.4,15.972985,54.810802,149.9,201.0,0.0,0.0,,1,,,,,,,,,,,,,,,*67


$WIND,,,T,,,R*12


$AIS,0,273397740,3,0.0,5.0,15.335250,54.838917,148.1,147.0,-40957.98,3314.80,,1,,,,,,,,,,,,,,,*4F


$AIS,0,273418880,0,0.0,0.2,15.456629,54.813244,126.0,50.0,-33183.66,393.88,,1,,,,,,,,,,,,,,,*4A


$AIS,0,273370640,3,-2.2,0.1,15.355692,54.832733,254.6,21.0,-39651.19,2614.97,,1,,,,,,,,,,,,,,,*54


$OWN,0,261187000,0,100000.0,6.3,15.972979,54.810776,152.7,204.0,0.0,0.0,,1,,,,,,,,,,,,,,,*6E


$WIND,,,T,,,R*12


$AIS,0,273397740,3,0.0,5.0,15.335250,54.838917,148.1,147.0,-40957.55,3317.76,,1,,,,,,,,,,,,,,,*44


$AIS,0,273418880,0,0.0,0.2,15.456629,54.813244,126.0,50.0,-33183.23,396.84,,1,,,,,,,,,,,,,,,*42


$AIS,0,273370640,3,-2.2,0.1,15.355692,54.832733,254.6,21.0,-39650.76,2617.93,,1,,,,,,,,,,,,,,,*5B


$OWN,0,261187000,0,100000.0,6.1,15.972972,54.810753,155.7,208.0,0.0,0.0,,1,,,,,,,,,,,,,,,*6B


$WIND,,,T,,,R*12


$AIS,0,273397740,3,0.0,5.0,15.335250,54.838917,148.1,147.0,-40957.13,3320.31,,1,,,,,,,,,,,,,,,*41


$AIS,0,273418880,0,0.0,0.2,15.456629,54.813244,126.0,50.0,-33182.80,399.39,,1,,,,,,,,,,,,,,,*43


$AIS,0,273370640,3,-2.2,0.1,15.355692,54.832733,254.6,21.0,-39650.33,2620.48,,1,,,,,,,,,,,,,,,*58


$OWN,0,261187000,0,100000.0,5.9,15.972961,54.810726,158.6,211.0,0.0,0.0,,1,,,,,,,,,,,,,,,*64


$WIND,,,T,,,R*12


$AIS,0,273418880,0,0.0,0.2,15.456629,54.813244,126.0,50.0,-33182.12,402.35,,1,,,,,,,,,,,,,,,*41


$AIS,0,273370640,3,-2.2,0.1,15.355692,54.832733,254.6,21.0,-39649.66,2623.44,,1,,,,,,,,,,,,,,,*5F


$OWN,0,261187000,0,100000.0,5.8,15.972952,54.810703,161.4,214.0,0.0,0.0,,1,,,,,,,,,,,,,,,*6F


$WIND,,,T,,,R*12


$AIS,0,273418880,0,0.0,0.2,15.456629,54.813244,126.0,50.0,-33181.51,404.90,,1,,,,,,,,,,,,,,,*4C


$AIS,0,273370640,3,-2.2,0.1,15.355692,54.832733,254.6,21.0,-39649.05,2625.98,,1,,,,,,,,,,,,,,,*5D


$OWN,0,261187000,0,100000.0,5.6,15.972940,54.810680,164.2,217.0,0.0,0.0,,1,,,,,,,,,,,,,,,*68


$WIND,,,T,,,R*12


$AIS,0,273370640,3,-2.2,0.1,15.355692,54.832733,254.6,21.0,-39648.31,2628.52,,1,,,,,,,,,,,,,,,*50


$OWN,0,261187000,0,100000.0,5.5,15.972925,54.810658,167.2,220.0,0.0,0.0,,1,,,,,,,,,,,,,,,*6A


$WIND,,,T,,,R*12


$AIS,0,273370640,3,-2.2,0.1,15.355692,54.832733,254.6,21.0,-39647.33,2631.06,,1,,,,,,,,,,,,,,,*54


$OWN,0,261187000,0,100000.0,5.3,15.972908,54.810638,170.3,223.0,0.0,0.0,,1,,,,,,,,,,,,,,,*61


$WIND,,,T,,,R*12


$AIS,0,273370640,3,-2.2,0.1,15.355692,54.832733,254.6,21.0,-39646.23,2633.18,,1,,,,,,,,,,,,,,,*59


$OWN,0,261187000,0,100000.0,5.2,15.972892,54.810616,173.1,227.0,0.0,0.0,,1,,,,,,,,,,,,,,,*6B


$WIND,,,T,,,R*12


$AIS,0,273370640,3,-2.2,0.1,15.355692,54.832733,254.6,21.0,-39645.19,2635.71,,1,,,,,,,,,,,,,,,*5A


$OWN,0,261187000,0,100000.0,5.1,15.972872,54.810596,176.1,229.0,0.0,0.0,,1,,,,,,,,,,,,,,,*66


$WIND,,,T,,,R*12


$AIS,0,273370640,3,-2.2,0.1,15.355692,54.832733,254.6,21.0,-39643.90,2637.82,,1,,,,,,,,,,,,,,,*53


$OWN,0,261187000,0,100000.0,5.0,15.972854,54.810577,179.1,232.0,0.0,0.0,,1,,,,,,,,,,,,,,,*69


$WIND,,,T,,,R*12


$AIS,0,273370640,3,-2.2,0.1,15.355692,54.832733,254.6,21.0,-39642.74,2639.94,,1,,,,,,,,,,,,,,,*51


$OWN,0,261187000,0,100000.0,4.8,15.972832,54.810562,182.1,235.0,0.0,0.0,,1,,,,,,,,,,,,,,,*67


$WIND,,,T,,,R*12


$OWN,0,261187000,0,100000.0,4.7,15.972808,54.810547,185.1,238.0,0.0,0.0,,1,,,,,,,,,,,,,,,*6C


$WIND,,,T,,,R*12


$OWN,0,261187000,0,100000.0,4.6,15.972785,54.810532,188.2,241.0,0.0,0.0,,1,,,,,,,,,,,,,,,*65


$WIND,,,T,,,R*12


$OWN,0,261187000,0,100000.0,4.5,15.972760,54.810516,191.2,244.0,0.0,0.0,,1,,,,,,,,,,,,,,,*66


$WIND,,,T,,,R*12


$OWN,0,261187000,0,100000.0,4.5,15.972735,54.810501,194.1,247.0,0.0,0.0,,1,,,,,,,,,,,,,,,*65


$WIND,,,T,,,R*12


$OWN,0,261187000,0,100000.0,4.4,15.972710,54.810486,197.1,250.0,0.0,0.0,,1,,,,,,,,,,,,,,,*68


$WIND,,,T,,,R*12


$OWN,0,261187000,0,100000.0,4.3,15.972683,54.810474,200.2,253.0,0.0,0.0,,1,,,,,,,,,,,,,,,*64


$WIND,,,T,,,R*12


$OWN,0,261187000,0,100000.0,4.2,15.972655,54.810467,203.3,255.0,0.0,0.0,,1,,,,,,,,,,,,,,,*68


$WIND,,,T,,,R*12


$OWN,0,261187000,0,100000.0,4.1,15.972627,54.810455,206.4,258.0,0.0,0.0,,1,,,,,,,,,,,,,,,*60


$WIND,,,T,,,R*12


$AIS,0,273370640,3,3.6,0.0,15.355667,54.832733,,21.0,-39627.91,2654.66,,1,,,,,,,,,,,,,,,*57


$OWN,0,261187000,0,100000.0,4.1,15.972598,54.810444,209.4,261.0,0.0,0.0,,1,,,,,,,,,,,,,,,*62


$WIND,,,T,,,R*12


$AIS,0,273370640,3,3.6,0.0,15.355667,54.832733,,21.0,-39626.14,2655.07,,1,,,,,,,,,,,,,,,*5D


$OWN,0,261187000,0,100000.0,4.0,15.972570,54.810440,212.5,264.0,0.0,0.0,,1,,,,,,,,,,,,,,,*6F


$WIND,,,T,,,R*12


$AIS,0,273370640,3,3.6,0.0,15.355667,54.832733,,21.0,-39624.18,2656.33,,1,,,,,,,,,,,,,,,*57


$OWN,0,261187000,0,100000.0,3.9,15.972540,54.810429,215.6,267.0,0.0,0.0,,1,,,,,,,,,,,,,,,*6A


$WIND,,,T,,,R*12


$AIS,0,273370640,3,3.6,0.0,15.355667,54.832733,,21.0,-39622.28,2656.74,,1,,,,,,,,,,,,,,,*51


$OWN,0,261187000,0,100000.0,3.9,15.972510,54.810425,218.7,270.0,0.0,0.0,,1,,,,,,,,,,,,,,,*69


$WIND,,,T,,,R*12


$AIS,0,273370640,3,3.6,0.0,15.355667,54.832733,,21.0,-39622.28,2656.74,,1,,,,,,,,,,,,,,,*51


$OWN,0,261187000,0,100000.0,3.8,15.972480,54.810417,221.9,272.0,0.0,0.0,,1,,,,,,,,,,,,,,,*67


$WIND,,,T,,,R*12


$AIS,0,273370640,3,3.6,0.0,15.355667,54.832733,,21.0,-39620.32,2657.57,,1,,,,,,,,,,,,,,,*58


$OWN,0,261187000,0,100000.0,3.8,15.972450,54.810413,225.0,275.0,0.0,0.0,,1,,,,,,,,,,,,,,,*64


$WIND,,,T,,,R*12


$AIS,0,273370640,3,3.6,0.0,15.355667,54.832733,,21.0,-39618.42,2657.98,,1,,,,,,,,,,,,,,,*57


$OWN,0,261187000,0,100000.0,3.7,15.972420,54.810410,228.0,278.0,0.0,0.0,,5,9161247,SNHA   ,NAWIGATOR XXI       ,99,17,43,4,6,2,5,21,12,0,3.4,SZCZECIN            *7A


$WIND,,,T,,,R*12


$AIS,0,273370640,3,3.6,0.0,15.355667,54.832733,,21.0,-39616.46,2658.38,,1,,,,,,,,,,,,,,,*58


$OWN,0,261187000,0,100000.0,3.7,15.972390,54.810410,231.1,281.0,0.0,0.0,,5,9161247,SNHA   ,NAWIGATOR XXI       ,99,17,43,4,6,2,5,21,12,0,3.4,SZCZECIN            *79


$WIND,,,T,,,R*12


$AIS,0,273370640,3,3.6,0.0,15.355667,54.832733,,21.0,-39614.56,2658.37,,1,,,,,,,,,,,,,,,*54


$OWN,0,261187000,0,100000.0,3.6,15.972360,54.810406,234.4,283.0,0.0,0.0,,5,9161247,SNHA   ,NAWIGATOR XXI       ,99,17,43,4,6,2,5,21,12,0,3.4,SZCZECIN            *72


$WIND,,,T,,,R*12


$AIS,0,273370640,3,3.6,0.0,15.355667,54.832733,,21.0,-39612.60,2658.77,,1,,,,,,,,,,,,,,,*53


$OWN,0,261187000,0,100000.0,3.6,15.972328,54.810406,237.4,286.0,0.0,0.0,,5,9161247,SNHA   ,NAWIGATOR XXI       ,99,17,43,4,6,2,5,21,12,0,3.4,SZCZECIN            *78


$WIND,,,T,,,R*12


$AIS,0,273370640,3,3.6,0.0,15.355667,54.832733,,21.0,-39610.58,2658.76,,1,,,,,,,,,,,,,,,*5B


$OWN,0,261187000,0,100000.0,3.5,15.972299,54.810406,240.5,289.0,0.0,0.0,,5,9161247,SNHA   ,NAWIGATOR XXI       ,99,17,43,4,6,2,5,21,12,0,3.4,SZCZECIN            *7E


$WIND,,,T,,,R*12


$OWN,0,261187000,0,100000.0,3.5,15.972268,54.810406,243.7,292.0,0.0,0.0,,5,9161247,SNHA   ,NAWIGATOR XXI       ,99,17,43,4,6,2,5,21,12,0,3.4,SZCZECIN            *7B


$WIND,,,T,,,R*12


$OWN,0,261187000,0,100000.0,3.5,15.972239,54.810410,246.8,295.0,0.0,0.0,,5,9161247,SNHA   ,NAWIGATOR XXI       ,99,17,43,4,6,2,5,21,12,0,3.4,SZCZECIN            *75


$WIND,,,T,,,R*12


$OWN,0,261187000,0,100000.0,3.4,15.972210,54.810413,250.0,297.0,0.0,0.0,,5,9161247,SNHA   ,NAWIGATOR XXI       ,99,17,43,4,6,2,5,21,12,0,3.4,SZCZECIN            *71


$WIND,,,T,,,R*12


$OWN,0,261187000,0,100000.0,3.4,15.972181,54.810413,253.0,300.0,0.0,0.0,,5,9161247,SNHA   ,NAWIGATOR XXI       ,99,17,43,4,6,2,5,21,12,0,3.4,SZCZECIN            *76


$WIND,,,T,,,R*12


$OWN,0,261187000,0,100000.0,3.4,15.972154,54.810417,256.0,303.0,0.0,0.0,,5,9161247,SNHA   ,NAWIGATOR XXI       ,99,17,43,4,6,2,5,21,12,0,3.4,SZCZECIN            *7C


$WIND,,,T,,,R*12


$OWN,0,261187000,0,100000.0,3.4,15.972125,54.810425,259.1,306.0,0.0,0.0,,5,9161247,SNHA   ,NAWIGATOR XXI       ,99,17,43,4,6,2,5,21,12,0,3.4,SZCZECIN            *70


$WIND,,,T,,,R*12


$OWN,0,261187000,0,100000.0,3.3,15.972098,54.810429,262.3,308.0,0.0,0.0,,5,9161247,SNHA   ,NAWIGATOR XXI       ,99,17,43,4,6,2,5,21,12,0,3.4,SZCZECIN            *78


$WIND,,,T,,,R*12


$OWN,0,261187000,0,100000.0,3.3,15.972072,54.810436,265.4,312.0,0.0,0.0,,5,9161247,SNHA   ,NAWIGATOR XXI       ,99,17,43,4,6,2,5,21,12,0,3.4,SZCZECIN            *79


$WIND,,,T,,,R*12


$OWN,0,261187000,0,100000.0,3.3,15.972045,54.810444,268.6,315.0,0.0,0.0,,5,9161247,SNHA   ,NAWIGATOR XXI       ,99,17,43,4,6,2,5,21,12,0,3.4,SZCZECIN            *70


$WIND,,,T,,,R*12


$OWN,0,261187000,0,100000.0,3.3,15.972022,54.810452,271.6,318.0,0.0,0.0,,5,9161247,SNHA   ,NAWIGATOR XXI       ,99,17,43,4,6,2,5,21,12,0,3.4,SZCZECIN            *73


$WIND,,,T,,,R*12


$OWN,0,261187000,0,100000.0,3.2,15.971998,54.810459,274.7,320.0,0.0,0.0,,5,9161247,SNHA   ,NAWIGATOR XXI       ,99,17,43,4,6,2,5,21,12,0,3.4,SZCZECIN            *7D


$WIND,,,T,,,R*12


$OWN,0,261187000,0,100000.0,3.2,15.971973,54.810471,277.9,323.0,0.0,0.0,,5,9161247,SNHA   ,NAWIGATOR XXI       ,99,17,43,4,6,2,5,21,12,0,3.4,SZCZECIN            *7C


$WIND,,,T,,,R*12


$OWN,0,261187000,0,100000.0,3.2,15.971951,54.810482,281.1,326.0,0.0,0.0,,5,9161247,SNHA   ,NAWIGATOR XXI       ,99,17,43,4,6,2,5,21,12,0,3.4,SZCZECIN            *74


$WIND,,,T,,,R*12


$OWN,0,261187000,0,100000.0,3.2,15.971931,54.810493,284.4,329.0,0.0,0.0,,5,9161247,SNHA   ,NAWIGATOR XXI       ,99,17,43,4,6,2,5,21,12,0,3.4,SZCZECIN            *7D


$WIND,,,T,,,R*12


$OWN,0,261187000,0,100000.0,3.2,15.971911,54.810505,287.5,332.0,0.0,0.0,,5,9161247,SNHA   ,NAWIGATOR XXI       ,99,17,43,4,6,2,5,21,12,0,3.4,SZCZECIN            *79


$WIND,,,T,,,R*12


$OWN,0,261187000,0,100000.0,3.2,15.971893,54.810516,290.9,334.0,0.0,0.0,,5,9161247,SNHA   ,NAWIGATOR XXI       ,99,17,43,4,6,2,5,21,12,0,3.4,SZCZECIN            *7C


$WIND,,,T,,,R*12


$OWN,0,261187000,0,100000.0,3.1,15.971877,54.810528,294.1,337.0,0.0,0.0,,5,9161247,SNHA   ,NAWIGATOR XXI       ,99,17,43,4,6,2,5,21,12,0,3.4,SZCZECIN            *77


$WIND,,,T,,,R*12


$OWN,0,261187000,0,100000.0,3.1,15.971860,54.810543,297.3,340.0,0.0,0.0,,5,9161247,SNHA   ,NAWIGATOR XXI       ,99,17,43,4,6,2,5,21,12,0,3.4,SZCZECIN            *7D


$WIND,,,T,,,R*12


$OWN,0,261187000,0,100000.0,3.1,15.971845,54.810558,300.5,343.0,0.0,0.0,,5,9161247,SNHA   ,NAWIGATOR XXI       ,99,17,43,4,6,2,5,21,12,0,3.4,SZCZECIN            *7A


$WIND,,,T,,,R*12


$OWN,0,261187000,0,100000.0,3.1,15.971831,54.810570,303.7,346.0,0.0,0.0,,5,9161247,SNHA   ,NAWIGATOR XXI       ,99,17,43,4,6,2,5,21,12,0,3.4,SZCZECIN            *77


$WIND,,,T,,,R*12


$OWN,0,261187000,0,100000.0,3.1,15.971818,54.810585,306.8,348.0,0.0,0.0,,5,9161247,SNHA   ,NAWIGATOR XXI       ,99,17,43,4,6,2,5,21,12,0,3.4,SZCZECIN            *72


$WIND,,,T,,,R*12


$OWN,0,261187000,0,100000.0,3.1,15.971807,54.810600,309.7,351.0,0.0,0.0,,5,9161247,SNHA   ,NAWIGATOR XXI       ,99,17,43,4,6,2,5,21,12,0,3.4,SZCZECIN            *7A


$WIND,,,T,,,R*12


$OWN,0,261187000,0,100000.0,3.1,15.971797,54.810616,313.0,354.0,0.0,0.0,,5,9161247,SNHA   ,NAWIGATOR XXI       ,99,17,43,4,6,2,5,21,12,0,3.4,SZCZECIN            *72


$WIND,,,T,,,R*12


$OWN,0,261187000,0,100000.0,3.1,15.971788,54.810631,316.0,357.0,0.0,0.0,,5,9161247,SNHA   ,NAWIGATOR XXI       ,99,17,43,4,6,2,5,21,12,0,3.4,SZCZECIN            *7F


$WIND,,,T,,,R*12


$OWN,0,261187000,0,100000.0,3.1,15.971782,54.810650,319.0,0.0,0.0,0.0,,5,9161247,SNHA   ,NAWIGATOR XXI       ,99,17,43,4,6,2,5,21,12,0,3.4,SZCZECIN            *7C


$WIND,,,T,,,R*12


$OWN,0,261187000,0,100000.0,3.2,15.971775,54.810665,322.2,2.0,0.0,0.0,,5,9161247,SNHA   ,NAWIGATOR XXI       ,99,17,43,4,6,2,5,21,12,0,3.4,SZCZECIN            *79


$WIND,,,T,,,R*12


$OWN,0,261187000,0,100000.0,3.1,15.971770,54.810680,325.2,5.0,0.0,0.0,,5,9161247,SNHA   ,NAWIGATOR XXI       ,99,17,43,4,6,2,5,21,12,0,3.4,SZCZECIN            *74


$WIND,,,T,,,R*12


$OWN,0,261187000,0,100000.0,3.1,15.971768,54.810696,328.3,8.0,0.0,0.0,,5,9161247,SNHA   ,NAWIGATOR XXI       ,99,17,43,4,6,2,5,21,12,0,3.4,SZCZECIN            *7B


$WIND,,,T,,,R*12


$OWN,0,261187000,0,100000.0,3.1,15.971766,54.810715,331.4,11.0,0.0,0.0,,5,9161247,SNHA   ,NAWIGATOR XXI       ,99,17,43,4,6,2,5,21,12,0,3.4,SZCZECIN            *48


$WIND,,,T,,,R*12


$OWN,0,261187000,0,100000.0,3.2,15.971766,54.810730,334.6,14.0,0.0,0.0,,5,9161247,SNHA   ,NAWIGATOR XXI       ,99,17,43,4,6,2,5,21,12,0,3.4,SZCZECIN            *4E


$WIND,,,T,,,R*12


$OWN,0,261187000,0,100000.0,3.2,15.971768,54.810745,337.5,16.0,0.0,0.0,,5,9161247,SNHA   ,NAWIGATOR XXI       ,99,17,43,4,6,2,5,21,12,0,3.4,SZCZECIN            *40


$WIND,,,T,,,R*12


$OWN,0,261187000,0,100000.0,3.2,15.971771,54.810764,340.5,19.0,0.0,0.0,,5,9161247,SNHA   ,NAWIGATOR XXI       ,99,17,43,4,6,2,5,21,12,0,3.4,SZCZECIN            *44


$WIND,,,T,,,R*12


$OWN,0,261187000,0,100000.0,3.2,15.971771,54.810764,340.5,19.0,0.0,0.0,,5,9161247,SNHA   ,NAWIGATOR XXI       ,99,17,43,4,6,2,5,21,12,0,3.4,SZCZECIN            *44


$WIND,,,T,,,R*12


$OWN,0,261187000,0,100000.0,3.2,15.971782,54.810795,346.3,22.0,0.0,0.0,,5,9161247,SNHA   ,NAWIGATOR XXI       ,99,17,43,4,6,2,5,21,12,0,3.4,SZCZECIN            *4E


$WIND,,,T,,,R*12


$OWN,0,261187000,0,100000.0,3.2,15.971790,54.810814,349.5,25.0,0.0,0.0,,5,9161247,SNHA   ,NAWIGATOR XXI       ,99,17,43,4,6,2,5,21,12,0,3.4,SZCZECIN            *45


$WIND,,,T,,,R*12


$OWN,0,261187000,0,100000.0,3.2,15.971798,54.810829,352.5,28.0,0.0,0.0,,5,9161247,SNHA   ,NAWIGATOR XXI       ,99,17,43,4,6,2,5,21,12,0,3.4,SZCZECIN            *44


$WIND,,,T,,,R*12


$OWN,0,261187000,0,100000.0,3.2,15.971808,54.810848,355.4,34.0,0.0,0.0,,5,9161247,SNHA   ,NAWIGATOR XXI       ,99,17,43,4,6,2,5,21,12,0,3.4,SZCZECIN            *4E


$WIND,,,T,,,R*12


$OWN,0,261187000,0,100000.0,3.2,15.971820,54.810863,358.3,37.0,0.0,0.0,,5,9161247,SNHA   ,NAWIGATOR XXI       ,99,17,43,4,6,2,5,21,12,0,3.4,SZCZECIN            *44


$WIND,,,T,,,R*12


$OWN,0,261187000,0,100000.0,3.3,15.971847,54.810894,3.9,39.0,0.0,0.0,,5,9161247,SNHA   ,NAWIGATOR XXI       ,99,17,43,4,6,2,5,21,12,0,3.4,SZCZECIN            *45


$WIND,,,T,,,R*12


$OWN,0,261187000,0,100000.0,3.3,15.971864,54.810909,6.8,42.0,0.0,0.0,,5,9161247,SNHA   ,NAWIGATOR XXI       ,99,17,43,4,6,2,5,21,12,0,3.4,SZCZECIN            *49


$WIND,,,T,,,R*12


$OWN,0,261187000,0,100000.0,3.3,15.971880,54.810925,9.7,45.0,0.0,0.0,,5,9161247,SNHA   ,NAWIGATOR XXI       ,99,17,43,4,6,2,5,21,12,0,3.4,SZCZECIN            *4A


$WIND,,,T,,,R*12


$OWN,0,261187000,0,100000.0,3.3,15.971898,54.810940,12.5,48.0,0.0,0.0,,5,9161247,SNHA   ,NAWIGATOR XXI       ,99,17,43,4,6,2,5,21,12,0,3.4,SZCZECIN            *75


$WIND,,,T,,,R*12


$OWN,0,261187000,0,100000.0,3.3,15.971898,54.810940,12.5,50.0,0.0,0.0,,5,9161247,SNHA   ,NAWIGATOR XXI       ,99,17,43,4,6,2,5,21,12,0,3.4,SZCZECIN            *7C


$WIND,,,T,,,R*12


$OWN,0,261187000,0,100000.0,3.3,15.971918,54.810951,15.4,53.0,0.0,0.0,,5,9161247,SNHA   ,NAWIGATOR XXI       ,99,17,43,4,6,2,5,21,12,0,3.4,SZCZECIN            *70


$WIND,,,T,,,R*12


$OWN,0,261187000,0,100000.0,3.4,15.971940,54.810966,18.2,56.0,0.0,0.0,,5,9161247,SNHA   ,NAWIGATOR XXI       ,99,17,43,4,6,2,5,21,12,0,3.4,SZCZECIN            *70


$WIND,,,T,,,R*12


$OWN,0,261187000,0,100000.0,3.4,15.971962,54.810978,20.8,59.0,0.0,0.0,,5,9161247,SNHA   ,NAWIGATOR XXI       ,99,17,43,4,6,2,5,21,12,0,3.4,SZCZECIN            *71


$WIND,,,T,,,R*12


$OWN,0,261187000,0,100000.0,3.4,15.971983,54.810993,23.5,62.0,0.0,0.0,,5,9161247,SNHA   ,NAWIGATOR XXI       ,99,17,43,4,6,2,5,21,12,0,3.4,SZCZECIN            *7D


$WIND,,,T,,,R*12


$OWN,0,261187000,0,100000.0,3.4,15.972009,54.811005,26.4,65.0,0.0,0.0,,5,9161247,SNHA   ,NAWIGATOR XXI       ,99,17,43,4,6,2,5,21,12,0,3.4,SZCZECIN            *71


$WIND,,,T,,,R*12


$OWN,0,261187000,0,100000.0,3.4,15.972034,54.811012,29.1,67.0,0.0,0.0,,5,9161247,SNHA   ,NAWIGATOR XXI       ,99,17,43,4,6,2,5,21,12,0,3.4,SZCZECIN            *71


$WIND,,,T,,,R*12


$OWN,0,261187000,0,100000.0,3.4,15.972058,54.811024,31.8,67.0,0.0,0.0,,5,9161247,SNHA   ,NAWIGATOR XXI       ,99,17,43,4,6,2,5,21,12,0,3.4,SZCZECIN            *7E


$WIND,,,T,,,R*12


$AIS,0,371281000,0,0.0,9.5,15.671124,54.739685,262.5,260.0,-19374.76,-7896.65,,1,,,,,,,,,,,,,,,*61


$OWN,0,261187000,0,100000.0,3.5,15.972085,54.811035,34.3,70.0,0.0,0.0,,5,9161247,SNHA   ,NAWIGATOR XXI       ,99,17,43,4,6,2,5,21,12,0,3.4,SZCZECIN            *77


$WIND,,,T,,,R*12


$AIS,0,371281000,0,0.0,9.5,15.671124,54.739685,262.5,260.0,-19376.48,-7897.92,,1,,,,,,,,,,,,,,,*67


$OWN,0,261187000,0,100000.0,3.5,15.972114,54.811043,37.2,73.0,0.0,0.0,,5,9161247,SNHA   ,NAWIGATOR XXI       ,99,17,43,4,6,2,5,21,12,0,3.4,SZCZECIN            *7E


$WIND,,,T,,,R*12


$AIS,0,371281000,0,0.0,9.5,15.671124,54.739685,262.5,260.0,-19378.32,-7898.76,,1,,,,,,,,,,,,,,,*61


$OWN,0,261187000,0,100000.0,3.5,15.972141,54.811050,40.2,78.0,0.0,0.0,,5,9161247,SNHA   ,NAWIGATOR XXI       ,99,17,43,4,6,2,5,21,12,0,3.4,SZCZECIN            *77


$WIND,,,T,,,R*12


$AIS,0,371281000,0,0.0,9.5,15.671124,54.739685,262.5,260.0,-19380.10,-7899.60,,1,,,,,,,,,,,,,,,*60


$OWN,0,261187000,0,100000.0,3.5,15.972172,54.811058,42.9,81.0,0.0,0.0,,5,9161247,SNHA   ,NAWIGATOR XXI       ,99,17,43,4,6,2,5,21,12,0,3.4,SZCZECIN            *70


$WIND,,,T,,,R*12


$AIS,0,371281000,0,0.0,9.5,15.671124,54.739685,262.5,260.0,-19382.06,-7900.44,,1,,,,,,,,,,,,,,,*62


$OWN,0,261187000,0,100000.0,3.5,15.972200,54.811066,45.6,84.0,0.0,0.0,,5,9161247,SNHA   ,NAWIGATOR XXI       ,99,17,43,4,6,2,5,21,12,0,3.4,SZCZECIN            *76


$WIND,,,T,,,R*12


$AIS,0,371281000,0,0.0,9.5,15.671124,54.739685,262.5,260.0,-19383.91,-7901.28,,1,,,,,,,,,,,,,,,*66


$OWN,0,261187000,0,100000.0,3.5,15.972232,54.811069,48.3,87.0,0.0,0.0,,5,9161247,SNHA   ,NAWIGATOR XXI       ,99,17,43,4,6,2,5,21,12,0,3.4,SZCZECIN            *73


$WIND,,,T,,,R*12


$AIS,0,371281000,0,0.0,9.5,15.671124,54.739685,262.5,260.0,-19385.93,-7901.70,,1,,,,,,,,,,,,,,,*6F


$OWN,0,261187000,0,100000.0,3.5,15.972263,54.811073,51.0,90.0,0.0,0.0,,1,,,,,,,,,,,,,,,*64


$WIND,,,T,,,R*12


$AIS,0,371281000,0,0.0,9.5,15.671124,54.739685,262.5,260.0,-19387.96,-7902.11,,1,,,,,,,,,,,,,,,*6C


$OWN,0,261187000,0,100000.0,3.5,15.972293,54.811081,53.6,92.0,0.0,0.0,,1,,,,,,,,,,,,,,,*60


$WIND,,,T,,,R*12


$AIS,0,371281000,0,0.0,9.5,15.671124,54.739685,262.5,260.0,-19389.86,-7902.95,,1,,,,,,,,,,,,,,,*6F


$OWN,0,261187000,0,100000.0,3.5,15.972325,54.811085,56.3,95.0,0.0,0.0,,1,,,,,,,,,,,,,,,*6F


$WIND,,,T,,,R*12


$AIS,0,371281000,0,0.0,9.5,15.671124,54.739685,262.5,260.0,-19391.95,-7903.37,,1,,,,,,,,,,,,,,,*6D


$OWN,0,261187000,0,100000.0,3.6,15.972357,54.811085,58.9,95.0,0.0,0.0,,1,,,,,,,,,,,,,,,*6D


$WIND,,,T,,,R*12


$OWN,0,261187000,0,100000.0,3.6,15.972390,54.811089,61.4,98.0,0.0,0.0,,1,,,,,,,,,,,,,,,*60


$WIND,,,T,,,R*12


$OWN,0,261187000,0,100000.0,3.6,15.972422,54.811089,64.0,101.0,0.0,0.0,,1,,,,,,,,,,,,,,,*5E


$WIND,,,T,,,R*12


$AIS,0,273212470,3,0.0,0.0,15.326226,54.826260,212.6,,-41516.32,1879.55,,1,,,,,,,,,,,,,,,*64


$AIS,0,273397740,3,-100000.0,5.4,15.337300,54.836849,148.1,145.0,-40794.21,3051.39,,1,,,,,,,,,,,,,,,*54


$OWN,0,261187000,0,100000.0,3.6,15.972453,54.811089,66.6,103.0,0.0,0.0,,1,,,,,,,,,,,,,,,*5E


$WIND,,,T,,,R*12


$AIS,0,273212470,3,0.0,0.0,15.326226,54.826260,212.6,,-41518.47,1879.57,,1,,,,,,,,,,,,,,,*6A


$AIS,0,273397740,3,-100000.0,5.4,15.337300,54.836849,148.1,145.0,-40796.35,3051.41,,1,,,,,,,,,,,,,,,*5C


$AIS,0,273418880,0,0.0,0.3,15.456852,54.813122,126.8,52.0,-33137.36,348.11,,1,,,,,,,,,,,,,,,*4C


$OWN,0,261187000,0,100000.0,3.6,15.972486,54.811089,69.3,106.0,0.0,0.0,,1,,,,,,,,,,,,,,,*59


$WIND,,,T,,,R*12


$AIS,0,273212470,3,0.0,0.0,15.326226,54.826260,212.6,,-41520.49,1879.59,,1,,,,,,,,,,,,,,,*61


$AIS,0,273397740,3,-100000.0,5.4,15.337300,54.836849,148.1,145.0,-40798.37,3051.43,,1,,,,,,,,,,,,,,,*52


$AIS,0,273418880,0,0.0,0.3,15.456852,54.813122,126.8,52.0,-33139.38,348.13,,1,,,,,,,,,,,,,,,*4E


$AIS,0,273370640,3,-19.7,0.3,15.355598,54.832794,342.8,6.0,-39627.12,2589.71,,1,,,,,,,,,,,,,,,*55


$OWN,0,261187000,0,100000.0,3.6,15.972518,54.811089,71.9,109.0,0.0,0.0,,1,,,,,,,,,,,,,,,*53


$WIND,,,T,,,R*12


$AIS,0,273212470,3,0.0,0.0,15.326226,54.826260,212.6,,-41522.63,1880.03,,1,,,,,,,,,,,,,,,*62


$AIS,0,273397740,3,-100000.0,5.4,15.337300,54.836849,148.1,145.0,-40800.52,3051.87,,1,,,,,,,,,,,,,,,*57


$AIS,0,273418880,0,0.0,0.3,15.456852,54.813122,126.8,52.0,-33141.53,348.57,,1,,,,,,,,,,,,,,,*4C


$AIS,0,273370640,3,-19.7,0.3,15.355598,54.832794,342.8,6.0,-39629.26,2590.15,,1,,,,,,,,,,,,,,,*56


$OWN,0,261187000,0,100000.0,3.6,15.972551,54.811085,74.5,112.0,0.0,0.0,,1,,,,,,,,,,,,,,,*51


$WIND,,,T,,,R*12


$AIS,0,273212470,3,0.0,0.0,15.326226,54.826260,212.6,,-41522.63,1880.03,,1,,,,,,,,,,,,,,,*62


$AIS,0,273397740,3,-100000.0,5.4,15.337300,54.836849,148.1,145.0,-40800.52,3051.87,,1,,,,,,,,,,,,,,,*57


$AIS,0,273418880,0,0.0,0.3,15.456852,54.813122,126.8,52.0,-33141.53,348.57,,1,,,,,,,,,,,,,,,*4C


$AIS,0,273370640,3,-19.7,0.3,15.355598,54.832794,342.8,6.0,-39629.26,2590.15,,1,,,,,,,,,,,,,,,*56


$OWN,0,261187000,0,100000.0,3.6,15.972584,54.811081,77.2,115.0,0.0,0.0,,1,,,,,,,,,,,,,,,*5E


$WIND,,,T,,,R*12


$AIS,0,273212470,3,0.0,0.0,15.326226,54.826260,212.6,,-41524.71,1880.48,,1,,,,,,,,,,,,,,,*68


$AIS,0,273397740,3,-100000.0,5.4,15.337300,54.836849,148.1,145.0,-40802.60,3052.31,,1,,,,,,,,,,,,,,,*5A


$AIS,0,273418880,0,0.0,0.3,15.456852,54.813122,126.8,52.0,-33143.61,349.01,,1,,,,,,,,,,,,,,,*4D


$AIS,0,273370640,3,-19.7,0.3,15.355598,54.832794,342.8,6.0,-39631.35,2590.60,,1,,,,,,,,,,,,,,,*5F


$OWN,0,261187000,0,100000.0,3.6,15.972615,54.811073,80.0,118.0,0.0,0.0,,1,,,,,,,,,,,,,,,*5F


$WIND,,,T,,,R*12


$AIS,0,273212470,3,0.0,0.0,15.326226,54.826260,212.6,,-41526.74,1881.34,,1,,,,,,,,,,,,,,,*65


$AIS,0,273397740,3,-100000.0,5.4,15.337300,54.836849,148.1,145.0,-40804.62,3053.18,,1,,,,,,,,,,,,,,,*54


$AIS,0,273418880,0,0.0,0.3,15.456852,54.813122,126.8,52.0,-33145.64,349.87,,1,,,,,,,,,,,,,,,*40


$AIS,0,273370640,3,-19.7,0.3,15.355598,54.832794,342.8,6.0,-39633.37,2591.46,,1,,,,,,,,,,,,,,,*5A


$AIS,0,371281000,0,0.0,9.5,15.669771,54.739578,262.5,260.0,-19497.73,-7913.53,,1,,,,,,,,,,,,,,,*69


$OWN,0,261187000,0,100000.0,3.6,15.972645,54.811069,82.7,120.0,0.0,0.0,,1,,,,,,,,,,,,,,,*5F


$WIND,,,T,,,R*12


$AIS,0,273212470,3,0.0,0.0,15.326226,54.826260,212.6,,-41530.66,1882.23,,1,,,,,,,,,,,,,,,*64


$AIS,0,273397740,3,-100000.0,5.4,15.337300,54.836849,148.1,145.0,-40808.54,3054.07,,1,,,,,,,,,,,,,,,*54


$AIS,0,273418880,0,0.0,0.3,15.456852,54.813122,126.8,52.0,-33149.56,350.75,,1,,,,,,,,,,,,,,,*48


$AIS,0,273370640,3,-19.7,0.3,15.355598,54.832794,342.8,6.0,-39637.29,2592.35,,1,,,,,,,,,,,,,,,*56


$AIS,0,371281000,0,0.0,9.5,15.669771,54.739578,262.5,260.0,-19501.66,-7912.66,,1,,,,,,,,,,,,,,,*64


$OWN,0,261187000,0,100000.0,3.6,15.972709,54.811058,87.6,125.0,0.0,0.0,,1,,,,,,,,,,,,,,,*55


$WIND,,,T,,,R*12


$AIS,0,273212470,3,0.0,0.0,15.326226,54.826260,212.6,,-41532.74,1883.10,,1,,,,,,,,,,,,,,,*64


$AIS,0,273397740,3,-100000.0,5.4,15.337300,54.836849,148.1,145.0,-40810.62,3054.93,,1,,,,,,,,,,,,,,,*55


$AIS,0,273418880,0,0.0,0.3,15.456852,54.813122,126.8,52.0,-33151.64,351.62,,1,,,,,,,,,,,,,,,*47


$AIS,0,273370640,3,-16.1,0.2,15.355595,54.832787,306.0,4.0,-39639.62,2592.37,,1,,,,,,,,,,,,,,,*58


$AIS,0,371281000,0,0.0,9.5,15.669771,54.739578,262.5,260.0,-19503.75,-7911.80,,1,,,,,,,,,,,,,,,*6F


$OWN,0,261187000,0,100000.0,3.7,15.972740,54.811050,89.9,127.0,0.0,0.0,,1,,,,,,,,,,,,,,,*52


$WIND,,,T,,,R*12


$AIS,0,273212470,3,0.0,0.0,15.326226,54.826260,212.6,,-41534.76,1883.96,,1,,,,,,,,,,,,,,,*6E


$AIS,0,273397740,3,-100000.0,5.4,15.337300,54.836849,148.1,145.0,-40812.64,3055.80,,1,,,,,,,,,,,,,,,*52


$AIS,0,273418880,0,0.0,0.3,15.456852,54.813122,126.8,52.0,-33153.66,352.48,,1,,,,,,,,,,,,,,,*4C


$AIS,0,273370640,3,-16.1,0.2,15.355595,54.832787,306.0,4.0,-39641.64,2593.23,,1,,,,,,,,,,,,,,,*55


$AIS,0,371281000,0,0.0,9.5,15.669771,54.739578,262.5,260.0,-19505.77,-7910.95,,1,,,,,,,,,,,,,,,*6E


$OWN,0,261187000,0,100000.0,3.7,15.972774,54.811043,92.2,130.0,0.0,0.0,,1,,,,,,,,,,,,,,,*50


$WIND,,,T,,,R*12


$AIS,0,273418880,0,0.0,0.3,15.456852,54.813122,126.8,52.0,-33155.81,353.34,,1,,,,,,,,,,,,,,,*49


$AIS,0,273370640,3,-16.1,0.2,15.355595,54.832787,306.0,4.0,-39643.79,2594.10,,1,,,,,,,,,,,,,,,*5C


$AIS,0,371281000,0,0.0,9.5,15.669771,54.739578,262.5,260.0,-19507.92,-7910.09,,1,,,,,,,,,,,,,,,*62


$OWN,0,261187000,0,100000.0,3.7,15.972774,54.811043,92.2,130.0,0.0,0.0,,1,,,,,,,,,,,,,,,*50

