$OWN,0,261187000,0,0.0,11.4,15.945039,54.978832,356.5,359.0,0.0,0.0,,1,,,,,,,,,,,,,,,*6A

$WIND,,,T,,,R*12

$OWN,0,261187000,0,0.0,11.4,15.945030,54.978886,356.3,359.0,0.0,0.0,,1,,,,,,,,,,,,,,,*6A

$WIND,,,T,,,R*12

$OWN,0,261187000,0,0.0,11.4,15.945022,54.978939,356.1,359.0,0.0,0.0,,1,,,,,,,,,,,,,,,*6E

$WIND,,,T,,,R*12

$OWN,0,261187000,0,0.0,11.4,15.945022,54.978939,356.1,359.0,0.0,0.0,,1,,,,,,,,,,,,,,,*6E

$WIND,,,T,,,R*12

$OWN,0,261187000,0,0.0,11.4,15.945012,54.978989,356.0,359.0,0.0,0.0,,1,,,,,,,,,,,,,,,*67

$WIND,,,T,,,R*12

$OWN,0,261187000,0,0.0,11.4,15.945004,54.979042,355.8,359.0,0.0,0.0,,1,,,,,,,,,,,,,,,*64

$WIND,,,T,,,R*12

$OWN,0,261187000,0,0.0,11.4,15.944995,54.979095,355.8,359.0,0.0,0.0,,1,,,,,,,,,,,,,,,*6E

$WIND,,,T,,,R*12

$OWN,0,261187000,0,0.0,11.4,15.944986,54.979149,355.7,359.0,0.0,0.0,,1,,,,,,,,,,,,,,,*63

$WIND,,,T,,,R*12

$OWN,0,261187000,0,100000.0,11.4,15.944979,54.979198,355.6,359.0,0.0,0.0,,1,,,,,,,,,,,,,,,*5F

$WIND,,,T,,,R*12

$OWN,0,261187000,0,0.0,11.4,15.944972,54.979252,355.6,359.0,0.0,0.0,,1,,,,,,,,,,,,,,,*60

$WIND,,,T,,,R*12

$OWN,0,261187000,0,0.0,11.4,15.944963,54.979305,355.6,359.0,0.0,0.0,,1,,,,,,,,,,,,,,,*63

$WIND,,,T,,,R*12

$OWN,0,261187000,0,0.0,11.4,15.944957,54.979359,355.5,359.0,0.0,0.0,,1,,,,,,,,,,,,,,,*6E

$WIND,,,T,,,R*12

$OWN,0,261187000,0,100000.0,11.4,15.944948,54.979408,355.5,0.0,0.0,0.0,,1,,,,,,,,,,,,,,,*5D

$WIND,,,T,,,R*12

$OWN,0,261187000,0,0.0,11.4,15.944933,54.979515,355.4,0.0,0.0,0.0,,1,,,,,,,,,,,,,,,*6C

$WIND,,,T,,,R*12

$OWN,0,261187000,0,0.0,11.4,15.944925,54.979568,355.3,0.0,0.0,0.0,,1,,,,,,,,,,,,,,,*66

$WIND,,,T,,,R*12

$OWN,0,261187000,0,0.0,11.4,15.944925,54.979568,355.3,0.0,0.0,0.0,,1,,,,,,,,,,,,,,,*66

$WIND,,,T,,,R*12

$OWN,0,261187000,0,0.0,11.4,15.944915,54.979622,355.2,0.0,0.0,0.0,,1,,,,,,,,,,,,,,,*69

$WIND,,,T,,,R*12

$OWN,0,261187000,0,0.0,11.4,15.944906,54.979671,355.2,0.0,0.0,0.0,,1,,,,,,,,,,,,,,,*6D

$WIND,,,T,,,R*12

$OWN,0,261187000,0,0.0,11.4,15.944900,54.979725,355.3,0.0,0.0,0.0,,1,,,,,,,,,,,,,,,*6A

$WIND,,,T,,,R*12

$OWN,0,261187000,0,0.0,11.4,15.944895,54.979778,355.4,0.0,0.0,0.0,,1,,,,,,,,,,,,,,,*68

$WIND,,,T,,,R*12

$OWN,0,261187000,0,100000.0,11.4,15.944890,54.979832,355.5,0.0,0.0,0.0,,1,,,,,,,,,,,,,,,*5C

$WIND,,,T,,,R*12

$OWN,0,261187000,0,100000.0,11.4,15.944883,54.979885,355.7,0.0,0.0,0.0,,1,,,,,,,,,,,,,,,*50

$WIND,,,T,,,R*12

$OWN,0,261187000,0,0.0,11.4,15.944880,54.979939,355.7,0.0,0.0,0.0,,1,,,,,,,,,,,,,,,*64

$WIND,,,T,,,R*12

$OWN,0,261187000,0,100000.0,11.4,15.944865,54.980042,355.6,0.0,0.0,0.0,,1,,,,,,,,,,,,,,,*5C

$WIND,,,T,,,R*12

$OWN,0,261187000,0,0.0,11.4,15.944857,54.980095,355.5,1.0,0.0,0.0,,1,,,,,,,,,,,,,,,*64

$WIND,,,T,,,R*12

$OWN,0,261187000,0,0.0,11.4,15.944848,54.980148,355.5,1.0,0.0,0.0,,1,,,,,,,,,,,,,,,*6B

$WIND,,,T,,,R*12

$OWN,0,261187000,0,0.0,11.4,15.944841,54.980198,355.5,1.0,0.0,0.0,,1,,,,,,,,,,,,,,,*6F

$WIND,,,T,,,R*12

$OWN,0,261187000,0,0.0,11.4,15.944835,54.980251,355.6,1.0,0.0,0.0,,1,,,,,,,,,,,,,,,*69

$WIND,,,T,,,R*12

$OWN,0,261187000,0,0.0,11.4,15.944830,54.980305,355.7,1.0,0.0,0.0,,1,,,,,,,,,,,,,,,*6D

$WIND,,,T,,,R*12

$OWN,0,261187000,0,0.0,11.4,15.944827,54.980358,356.0,1.0,0.0,0.0,,1,,,,,,,,,,,,,,,*67

$WIND,,,T,,,R*12

$OWN,0,261187000,0,0.0,11.4,15.944825,54.980412,356.2,1.0,0.0,0.0,,1,,,,,,,,,,,,,,,*6E

$WIND,,,T,,,R*12

$OWN,0,261187000,0,0.0,11.4,15.944821,54.980461,356.3,1.0,0.0,0.0,,1,,,,,,,,,,,,,,,*6F

$WIND,,,T,,,R*12

$OWN,0,261187000,0,0.0,11.4,15.944821,54.980461,356.3,1.0,0.0,0.0,,1,,,,,,,,,,,,,,,*6F

$WIND,,,T,,,R*12

$OWN,0,261187000,0,0.0,11.4,15.944817,54.980515,356.4,0.0,0.0,0.0,,1,,,,,,,,,,,,,,,*6E

$WIND,,,T,,,R*12

$OWN,0,261187000,0,0.0,11.4,15.944812,54.980568,356.3,0.0,0.0,0.0,,1,,,,,,,,,,,,,,,*66

$WIND,,,T,,,R*12

$OWN,0,261187000,0,-100000.0,11.4,15.944805,54.980621,356.2,0.0,0.0,0.0,,1,,,,,,,,,,,,,,,*73

$WIND,,,T,,,R*12

$OWN,0,261187000,0,-100000.0,11.4,15.944797,54.980675,356.2,0.0,0.0,0.0,,1,,,,,,,,,,,,,,,*76

$WIND,,,T,,,R*12

$OWN,0,261187000,0,0.0,11.4,15.944790,54.980728,356.1,0.0,0.0,0.0,,1,,,,,,,,,,,,,,,*67

$WIND,,,T,,,R*12

$OWN,0,261187000,0,0.0,11.4,15.944783,54.980782,356.0,0.0,0.0,0.0,,1,,,,,,,,,,,,,,,*64

$WIND,,,T,,,R*12

$OWN,0,261187000,0,0.0,11.4,15.944778,54.980835,356.2,0.0,0.0,0.0,,1,,,,,,,,,,,,,,,*61

$WIND,,,T,,,R*12

$OWN,0,261187000,0,0.0,11.4,15.944774,54.980885,356.3,0.0,0.0,0.0,,1,,,,,,,,,,,,,,,*67

$WIND,,,T,,,R*12

$OWN,0,261187000,0,0.0,11.4,15.944768,54.980938,356.4,0.0,0.0,0.0,,1,,,,,,,,,,,,,,,*6A

$WIND,,,T,,,R*12

$OWN,0,261187000,0,0.0,11.5,15.944765,54.980991,356.4,0.0,0.0,0.0,,1,,,,,,,,,,,,,,,*65

$WIND,,,T,,,R*12

$OWN,0,261187000,0,0.0,11.5,15.944760,54.981045,356.4,0.0,0.0,0.0,,1,,,,,,,,,,,,,,,*61

$WIND,,,T,,,R*12

$OWN,0,261187000,0,100000.0,11.4,15.944754,54.981098,356.4,0.0,0.0,0.0,,1,,,,,,,,,,,,,,,*56

$WIND,,,T,,,R*12

$OWN,0,261187000,0,100000.0,11.4,15.944747,54.981152,356.3,0.0,0.0,0.0,,1,,,,,,,,,,,,,,,*54

$WIND,,,T,,,R*12

$OWN,0,261187000,0,0.0,11.5,15.944740,54.981201,356.2,0.0,0.0,0.0,,1,,,,,,,,,,,,,,,*67

$WIND,,,T,,,R*12

$OWN,0,261187000,0,0.0,11.5,15.944732,54.981255,356.1,0.0,0.0,0.0,,1,,,,,,,,,,,,,,,*60

$WIND,,,T,,,R*12

$OWN,0,261187000,0,0.0,11.5,15.944725,54.981308,356.0,0.0,0.0,0.0,,1,,,,,,,,,,,,,,,*6E

$WIND,,,T,,,R*12

$OWN,0,261187000,0,0.0,11.5,15.944716,54.981361,355.9,1.0,0.0,0.0,,1,,,,,,,,,,,,,,,*6A

$WIND,,,T,,,R*12

$OWN,0,261187000,0,0.0,11.5,15.944710,54.981415,356.0,1.0,0.0,0.0,,1,,,,,,,,,,,,,,,*62

$WIND,,,T,,,R*12

$OWN,0,261187000,0,0.0,11.5,15.944707,54.981468,356.2,0.0,0.0,0.0,,1,,,,,,,,,,,,,,,*6D

$WIND,,,T,,,R*12

$OWN,0,261187000,0,0.0,11.5,15.944703,54.981522,356.4,0.0,0.0,0.0,,1,,,,,,,,,,,,,,,*60

$WIND,,,T,,,R*12

$OWN,0,261187000,0,-100000.0,11.5,15.944700,54.981575,356.5,0.0,0.0,0.0,,1,,,,,,,,,,,,,,,*7C

$WIND,,,T,,,R*12

$OWN,0,261187000,0,0.0,11.5,15.944698,54.981625,356.6,0.0,0.0,0.0,,1,,,,,,,,,,,,,,,*65

$WIND,,,T,,,R*12

$OWN,0,261187000,0,0.0,11.5,15.944692,54.981678,356.5,0.0,0.0,0.0,,1,,,,,,,,,,,,,,,*64

$WIND,,,T,,,R*12

$OWN,0,261187000,0,-100000.0,11.5,15.944685,54.981731,356.4,0.0,0.0,0.0,,1,,,,,,,,,,,,,,,*73

$WIND,,,T,,,R*12

$OWN,0,261187000,0,0.0,11.5,15.944676,54.981785,356.3,0.0,0.0,0.0,,1,,,,,,,,,,,,,,,*6B

$WIND,,,T,,,R*12

$OWN,0,261187000,0,0.0,11.5,15.944670,54.981838,356.2,359.0,0.0,0.0,,1,,,,,,,,,,,,,,,*6A

$WIND,,,T,,,R*12

$OWN,0,261187000,0,0.0,11.5,15.944663,54.981888,356.2,0.0,0.0,0.0,,1,,,,,,,,,,,,,,,*6C

$WIND,,,T,,,R*12

$OWN,0,261187000,0,0.0,11.5,15.944658,54.981941,356.3,0.0,0.0,0.0,,1,,,,,,,,,,,,,,,*61

$WIND,,,T,,,R*12

$OWN,0,261187000,0,0.0,11.5,15.944655,54.981995,356.5,359.0,0.0,0.0,,1,,,,,,,,,,,,,,,*6C

$WIND,,,T,,,R*12

$OWN,0,261187000,0,0.0,11.5,15.944652,54.982048,356.5,0.0,0.0,0.0,,1,,,,,,,,,,,,,,,*6E

$WIND,,,T,,,R*12

$OWN,0,261187000,0,0.0,11.5,15.944645,54.982101,356.5,0.0,0.0,0.0,,1,,,,,,,,,,,,,,,*64

$WIND,,,T,,,R*12

$OWN,0,261187000,0,0.0,11.5,15.944638,54.982155,356.3,359.0,0.0,0.0,,1,,,,,,,,,,,,,,,*66

$WIND,,,T,,,R*12

$OWN,0,261187000,0,0.0,11.5,15.944629,54.982208,356.1,359.0,0.0,0.0,,1,,,,,,,,,,,,,,,*6F

$WIND,,,T,,,R*12

$OWN,0,261187000,0,0.0,11.5,15.944620,54.982262,355.9,359.0,0.0,0.0,,1,,,,,,,,,,,,,,,*61

$WIND,,,T,,,R*12

$OWN,0,261187000,0,0.0,11.5,15.944610,54.982311,355.8,359.0,0.0,0.0,,1,,,,,,,,,,,,,,,*66

$WIND,,,T,,,R*12

$OWN,0,261187000,0,100000.0,11.5,15.944602,54.982365,355.7,359.0,0.0,0.0,,1,,,,,,,,,,,,,,,*58

$WIND,,,T,,,R*12

$OWN,0,261187000,0,0.0,11.5,15.944595,54.982418,355.8,0.0,0.0,0.0,,1,,,,,,,,,,,,,,,*69

$WIND,,,T,,,R*12

$OWN,0,261187000,0,100000.0,11.5,15.944590,54.982471,355.9,0.0,0.0,0.0,,1,,,,,,,,,,,,,,,*53

$WIND,,,T,,,R*12

$OWN,0,261187000,0,100000.0,11.5,15.944585,54.982525,356.0,0.0,0.0,0.0,,1,,,,,,,,,,,,,,,*5D

$WIND,,,T,,,R*12

$OWN,0,261187000,0,100000.0,11.5,15.944582,54.982578,356.2,0.0,0.0,0.0,,1,,,,,,,,,,,,,,,*50

$WIND,,,T,,,R*12

$OWN,0,261187000,0,100000.0,11.5,15.944578,54.982632,356.3,1.0,0.0,0.0,,1,,,,,,,,,,,,,,,*58

$WIND,,,T,,,R*12

$OWN,0,261187000,0,100000.0,11.5,15.944573,54.982685,356.3,1.0,0.0,0.0,,1,,,,,,,,,,,,,,,*5F

$WIND,,,T,,,R*12

$OWN,0,261187000,0,100000.0,11.5,15.944573,54.982685,356.3,1.0,0.0,0.0,,1,,,,,,,,,,,,,,,*5F

$WIND,,,T,,,R*12

$OWN,0,261187000,0,100000.0,11.5,15.944558,54.982788,356.0,2.0,0.0,0.0,,1,,,,,,,,,,,,,,,*5A

$WIND,,,T,,,R*12

$OWN,0,261187000,0,100000.0,11.5,15.944550,54.982841,356.0,3.0,0.0,0.0,,1,,,,,,,,,,,,,,,*59

$WIND,,,T,,,R*12

$OWN,0,261187000,0,100000.0,11.5,15.944545,54.982895,356.1,4.0,0.0,0.0,,1,,,,,,,,,,,,,,,*52

$WIND,,,T,,,R*12

$OWN,0,261187000,0,100000.0,11.5,15.944542,54.982948,356.3,5.0,0.0,0.0,,1,,,,,,,,,,,,,,,*57

$WIND,,,T,,,R*12

$OWN,0,261187000,0,100000.0,11.5,15.944540,54.983002,356.6,6.0,0.0,0.0,,1,,,,,,,,,,,,,,,*55

$WIND,,,T,,,R*12

$OWN,0,261187000,0,100000.0,11.5,15.944542,54.983055,357.1,7.0,0.0,0.0,,1,,,,,,,,,,,,,,,*52

$WIND,,,T,,,R*12

$OWN,0,261187000,0,100000.0,11.4,15.944545,54.983105,357.5,8.0,0.0,0.0,,1,,,,,,,,,,,,,,,*5B

$WIND,,,T,,,R*12

$OWN,0,261187000,0,100000.0,11.4,15.944555,54.983208,358.5,10.0,0.0,0.0,,1,,,,,,,,,,,,,,,*62

$WIND,,,T,,,R*12

$OWN,0,261187000,0,100000.0,11.4,15.944560,54.983261,359.0,12.0,0.0,0.0,,1,,,,,,,,,,,,,,,*6D

$WIND,,,T,,,R*12

$OWN,0,261187000,0,100000.0,11.4,15.944567,54.983311,359.5,13.0,0.0,0.0,,1,,,,,,,,,,,,,,,*68

$WIND,,,T,,,R*12

$OWN,0,261187000,0,100000.0,11.3,15.944576,54.983364,0.1,14.0,0.0,0.0,,1,,,,,,,,,,,,,,,*61

$WIND,,,T,,,R*12

$OWN,0,261187000,0,100000.0,11.3,15.944585,54.983414,0.7,16.0,0.0,0.0,,1,,,,,,,,,,,,,,,*69

$WIND,,,T,,,R*12

$OWN,0,261187000,0,100000.0,11.3,15.944598,54.983463,1.3,17.0,0.0,0.0,,1,,,,,,,,,,,,,,,*61

$WIND,,,T,,,R*12

$OWN,0,261187000,0,100000.0,11.2,15.944610,54.983513,2.0,19.0,0.0,0.0,,1,,,,,,,,,,,,,,,*6B

$WIND,,,T,,,R*12

$OWN,0,261187000,0,100000.0,11.2,15.944629,54.983562,2.9,20.0,0.0,0.0,,1,,,,,,,,,,,,,,,*64

$WIND,,,T,,,R*12

$OWN,0,261187000,0,100000.0,11.2,15.944649,54.983612,3.9,22.0,0.0,0.0,,1,,,,,,,,,,,,,,,*65

$WIND,,,T,,,R*12

$OWN,0,261187000,0,100000.0,11.1,15.944670,54.983662,4.9,23.0,0.0,0.0,,1,,,,,,,,,,,,,,,*6D

$WIND,,,T,,,R*12

$OWN,0,261187000,0,100000.0,11.1,15.944695,54.983707,5.9,25.0,0.0,0.0,,1,,,,,,,,,,,,,,,*63

$WIND,,,T,,,R*12

$OWN,0,261187000,0,100000.0,11.0,15.944720,54.983753,7.0,27.0,0.0,0.0,,1,,,,,,,,,,,,,,,*65

$WIND,,,T,,,R*12

$OWN,0,261187000,0,100000.0,10.9,15.944747,54.983803,8.0,28.0,0.0,0.0,,1,,,,,,,,,,,,,,,*66

$WIND,,,T,,,R*12

$OWN,0,261187000,0,100000.0,10.9,15.944775,54.983849,9.0,29.0,0.0,0.0,,1,,,,,,,,,,,,,,,*69

$WIND,,,T,,,R*12

$OWN,0,261187000,0,100000.0,10.9,15.944803,54.983894,10.0,30.0,0.0,0.0,,1,,,,,,,,,,,,,,,*57

$WIND,,,T,,,R*12

$OWN,0,261187000,0,100000.0,10.8,15.944834,54.983940,10.9,31.0,0.0,0.0,,1,,,,,,,,,,,,,,,*52

$WIND,,,T,,,R*12

$OWN,0,261187000,0,100000.0,10.8,15.944865,54.983986,11.9,32.0,0.0,0.0,,1,,,,,,,,,,,,,,,*5E

$WIND,,,T,,,R*12

$OWN,0,261187000,0,100000.0,10.7,15.944899,54.984032,13.1,33.0,0.0,0.0,,1,,,,,,,,,,,,,,,*58

$WIND,,,T,,,R*12

$OWN,0,261187000,0,100000.0,10.7,15.944933,54.984074,14.2,33.0,0.0,0.0,,1,,,,,,,,,,,,,,,*5F

$WIND,,,T,,,R*12

$OWN,0,261187000,0,100000.0,10.6,15.944973,54.984116,15.5,33.0,0.0,0.0,,1,,,,,,,,,,,,,,,*59

$WIND,,,T,,,R*12

$OWN,0,261187000,0,0.0,10.6,15.945013,54.984158,16.7,34.0,0.0,0.0,,1,,,,,,,,,,,,,,,*6A

$WIND,,,T,,,R*12

$OWN,0,261187000,0,0.0,10.6,15.945013,54.984158,16.7,34.0,0.0,0.0,,1,,,,,,,,,,,,,,,*6A

$WIND,,,T,,,R*12

$OWN,0,261187000,0,0.0,10.5,15.945055,54.984200,17.8,34.0,0.0,0.0,,1,,,,,,,,,,,,,,,*6B

$WIND,,,T,,,R*12

$OWN,0,261187000,0,-100000.0,10.5,15.945095,54.984241,18.7,33.0,0.0,0.0,,1,,,,,,,,,,,,,,,*79

$WIND,,,T,,,R*12

$OWN,0,261187000,0,-100000.0,10.5,15.945135,54.984283,19.6,33.0,0.0,0.0,,1,,,,,,,,,,,,,,,*7C

$WIND,,,T,,,R*12

$OWN,0,261187000,0,-100000.0,10.5,15.945173,54.984325,20.2,32.0,0.0,0.0,,1,,,,,,,,,,,,,,,*7C

$WIND,,,T,,,R*12

$OWN,0,261187000,0,-100000.0,10.5,15.945210,54.984367,20.7,32.0,0.0,0.0,,1,,,,,,,,,,,,,,,*79

$WIND,,,T,,,R*12

$OWN,0,261187000,0,-100000.0,10.5,15.945249,54.984413,21.3,32.0,0.0,0.0,,1,,,,,,,,,,,,,,,*74

$WIND,,,T,,,R*12

$OWN,0,261187000,0,-100000.0,10.4,15.945285,54.984455,21.8,32.0,0.0,0.0,,1,,,,,,,,,,,,,,,*7C

$WIND,,,T,,,R*12

$OWN,0,261187000,0,-100000.0,10.4,15.945325,54.984497,22.4,31.0,0.0,0.0,,1,,,,,,,,,,,,,,,*75

$WIND,,,T,,,R*12

$OWN,0,261187000,0,-100000.0,10.4,15.945407,54.984581,23.6,30.0,0.0,0.0,,1,,,,,,,,,,,,,,,*76

$WIND,,,T,,,R*12

$OWN,0,261187000,0,-100000.0,10.4,15.945447,54.984627,23.9,29.0,0.0,0.0,,1,,,,,,,,,,,,,,,*7A

$WIND,,,T,,,R*12

$OWN,0,261187000,0,-100000.0,10.5,15.945485,54.984669,24.1,28.0,0.0,0.0,,1,,,,,,,,,,,,,,,*71

$WIND,,,T,,,R*12

$OWN,0,261187000,0,-100000.0,10.5,15.945485,54.984669,24.1,27.0,0.0,0.0,,1,,,,,,,,,,,,,,,*7E

$WIND,,,T,,,R*12

$OWN,0,261187000,0,-100000.0,10.5,15.945521,54.984711,24.2,26.0,0.0,0.0,,1,,,,,,,,,,,,,,,*7D

$WIND,,,T,,,R*12

$OWN,0,261187000,0,-100000.0,10.5,15.945555,54.984756,24.1,25.0,0.0,0.0,,1,,,,,,,,,,,,,,,*7D

$WIND,,,T,,,R*12

$OWN,0,261187000,0,-100000.0,10.5,15.945590,54.984802,23.9,23.0,0.0,0.0,,1,,,,,,,,,,,,,,,*73

$WIND,,,T,,,R*12

$OWN,0,261187000,0,-100000.0,10.5,15.945621,54.984848,23.7,23.0,0.0,0.0,,1,,,,,,,,,,,,,,,*7A

$WIND,,,T,,,R*12

$OWN,0,261187000,0,-100000.0,10.5,15.945653,54.984894,23.5,22.0,0.0,0.0,,1,,,,,,,,,,,,,,,*7D

$WIND,,,T,,,R*12

$OWN,0,261187000,0,-100000.0,10.5,15.945685,54.984940,23.3,21.0,0.0,0.0,,1,,,,,,,,,,,,,,,*7B

$WIND,,,T,,,R*12

$OWN,0,261187000,0,-100000.0,10.5,15.945715,54.984982,23.1,20.0,0.0,0.0,,1,,,,,,,,,,,,,,,*7E

$WIND,,,T,,,R*12

$OWN,0,261187000,0,-100000.0,10.6,15.945745,54.985031,22.8,18.0,0.0,0.0,,1,,,,,,,,,,,,,,,*7B

$WIND,,,T,,,R*12

$OWN,0,261187000,0,-100000.0,10.6,15.945773,54.985077,22.3,16.0,0.0,0.0,,1,,,,,,,,,,,,,,,*79

$WIND,,,T,,,R*12

$OWN,0,261187000,0,-100000.0,10.6,15.945798,54.985123,21.8,13.0,0.0,0.0,,1,,,,,,,,,,,,,,,*71

$WIND,,,T,,,R*12

$OWN,0,261187000,0,-100000.0,10.6,15.945820,54.985168,21.1,12.0,0.0,0.0,,1,,,,,,,,,,,,,,,*7A

$WIND,,,T,,,R*12

$OWN,0,261187000,0,-100000.0,10.6,15.945842,54.985218,20.4,10.0,0.0,0.0,,1,,,,,,,,,,,,,,,*7C

$WIND,,,T,,,R*12

$OWN,0,261187000,0,-100000.0,10.5,15.945860,54.985264,19.6,8.0,0.0,0.0,,1,,,,,,,,,,,,,,,*45

$WIND,,,T,,,R*12

$OWN,0,261187000,0,-100000.0,10.5,15.945877,54.985313,18.7,6.0,0.0,0.0,,1,,,,,,,,,,,,,,,*4C

$WIND,,,T,,,R*12

$OWN,0,261187000,0,-100000.0,10.5,15.945889,54.985359,17.8,5.0,0.0,0.0,,1,,,,,,,,,,,,,,,*40

$WIND,,,T,,,R*12

$OWN,0,261187000,0,-100000.0,10.5,15.945902,54.985409,16.8,3.0,0.0,0.0,,1,,,,,,,,,,,,,,,*47

$WIND,,,T,,,R*12

$OWN,0,261187000,0,-100000.0,10.4,15.945918,54.985504,14.8,1.0,0.0,0.0,,1,,,,,,,,,,,,,,,*41

$WIND,,,T,,,R*12

$OWN,0,261187000,0,-100000.0,10.4,15.945924,54.985550,13.7,359.0,0.0,0.0,,1,,,,,,,,,,,,,,,*49

$WIND,,,T,,,R*12

$OWN,0,261187000,0,-100000.0,10.4,15.945925,54.985596,12.6,357.0,0.0,0.0,,1,,,,,,,,,,,,,,,*4C

$WIND,,,T,,,R*12

$OWN,0,261187000,0,-100000.0,10.4,15.945925,54.985596,12.6,357.0,0.0,0.0,,1,,,,,,,,,,,,,,,*4C

$WIND,,,T,,,R*12

$OWN,0,261187000,0,-100000.0,10.3,15.945925,54.985641,11.3,355.0,0.0,0.0,,1,,,,,,,,,,,,,,,*46

$WIND,,,T,,,R*12

$OWN,0,261187000,0,-100000.0,10.3,15.945924,54.985691,10.1,354.0,0.0,0.0,,1,,,,,,,,,,,,,,,*48

$WIND,,,T,,,R*12

$OWN,0,261187000,0,-100000.0,10.2,15.945917,54.985737,8.7,352.0,0.0,0.0,,1,,,,,,,,,,,,,,,*7D

$WIND,,,T,,,R*12

$OWN,0,261187000,0,-100000.0,10.2,15.945909,54.985783,7.3,350.0,0.0,0.0,,1,,,,,,,,,,,,,,,*74

$WIND,,,T,,,R*12

$OWN,0,261187000,0,-100000.0,10.1,15.945898,54.985828,5.9,348.0,0.0,0.0,,1,,,,,,,,,,,,,,,*71

$WIND,,,T,,,R*12

$OWN,0,261187000,0,-100000.0,10.1,15.945885,54.985874,4.6,346.0,0.0,0.0,,1,,,,,,,,,,,,,,,*74

$WIND,,,T,,,R*12

$OWN,0,261187000,0,-100000.0,10.0,15.945871,54.985920,3.1,342.0,0.0,0.0,,1,,,,,,,,,,,,,,,*7A

$WIND,,,T,,,R*12

$OWN,0,261187000,0,-100000.0,10.0,15.945855,54.985962,1.6,340.0,0.0,0.0,,1,,,,,,,,,,,,,,,*7D

$WIND,,,T,,,R*12

$OWN,0,261187000,0,-100000.0,9.9,15.945833,54.986008,0.0,338.0,0.0,0.0,,1,,,,,,,,,,,,,,,*42

$WIND,,,T,,,R*12

$OWN,0,261187000,0,-100000.0,9.9,15.945808,54.986050,358.3,336.0,0.0,0.0,,1,,,,,,,,,,,,,,,*44

$WIND,,,T,,,R*12

$OWN,0,261187000,0,-100000.0,9.8,15.945758,54.986134,355.3,334.0,0.0,0.0,,1,,,,,,,,,,,,,,,*43

$WIND,,,T,,,R*12

$OWN,0,261187000,0,-100000.0,9.7,15.945730,54.986176,353.6,332.0,0.0,0.0,,1,,,,,,,,,,,,,,,*41

$WIND,,,T,,,R*12

$OWN,0,261187000,0,-100000.0,9.7,15.945697,54.986214,351.9,330.0,0.0,0.0,,1,,,,,,,,,,,,,,,*45

$WIND,,,T,,,R*12

$OWN,0,261187000,0,-100000.0,9.7,15.945697,54.986214,351.9,330.0,0.0,0.0,,1,,,,,,,,,,,,,,,*45

$WIND,,,T,,,R*12

$OWN,0,261187000,0,-100000.0,9.6,15.945665,54.986256,350.4,329.0,0.0,0.0,,1,,,,,,,,,,,,,,,*4B

$WIND,,,T,,,R*12

$OWN,0,261187000,0,-100000.0,9.6,15.945630,54.986294,348.8,327.0,0.0,0.0,,1,,,,,,,,,,,,,,,*4E

$WIND,,,T,,,R*12

$OWN,0,261187000,0,-100000.0,9.5,15.945595,54.986332,347.2,326.0,0.0,0.0,,1,,,,,,,,,,,,,,,*48

$WIND,,,T,,,R*12

$OWN,0,261187000,0,-100000.0,9.5,15.945555,54.986370,345.5,325.0,0.0,0.0,,1,,,,,,,,,,,,,,,*44

$WIND,,,T,,,R*12

$OWN,0,261187000,0,-100000.0,9.4,15.945515,54.986408,343.9,324.0,0.0,0.0,,1,,,,,,,,,,,,,,,*42

$WIND,,,T,,,R*12

$OWN,0,261187000,0,-100000.0,9.4,15.945474,54.986443,342.2,323.0,0.0,0.0,,1,,,,,,,,,,,,,,,*46

$WIND,,,T,,,R*12

$OWN,0,261187000,0,-100000.0,9.4,15.945474,54.986443,342.2,323.0,0.0,0.0,,1,,,,,,,,,,,,,,,*46

$WIND,,,T,,,R*12

$OWN,0,261187000,0,-100000.0,9.3,15.945430,54.986481,340.6,322.0,0.0,0.0,,1,,,,,,,,,,,,,,,*48

$WIND,,,T,,,R*12

$OWN,0,261187000,0,-100000.0,9.3,15.945385,54.986515,339.0,322.0,0.0,0.0,,1,,,,,,,,,,,,,,,*45

$WIND,,,T,,,R*12

$OWN,0,261187000,0,0.0,9.3,15.945292,54.986580,336.0,321.0,0.0,0.0,,1,,,,,,,,,,,,,,,*5E

$WIND,,,T,,,R*12

$OWN,0,261187000,0,0.0,9.3,15.945245,54.986618,334.6,321.0,0.0,0.0,,1,,,,,,,,,,,,,,,*52

$WIND,,,T,,,R*12

$OWN,0,261187000,0,0.0,9.3,15.945197,54.986649,333.4,321.0,0.0,0.0,,1,,,,,,,,,,,,,,,*5F

$WIND,,,T,,,R*12

$OWN,0,261187000,0,100000.0,9.3,15.945150,54.986687,332.3,322.0,0.0,0.0,,1,,,,,,,,,,,,,,,*62

$WIND,,,T,,,R*12

$OWN,0,261187000,0,100000.0,9.3,15.945150,54.986687,332.3,322.0,0.0,0.0,,1,,,,,,,,,,,,,,,*62

$WIND,,,T,,,R*12

$OWN,0,261187000,0,100000.0,9.3,15.945102,54.986717,331.3,322.0,0.0,0.0,,1,,,,,,,,,,,,,,,*6E

$WIND,,,T,,,R*12

$OWN,0,261187000,0,100000.0,9.3,15.945006,54.986790,329.5,322.0,0.0,0.0,,1,,,,,,,,,,,,,,,*6B

$WIND,,,T,,,R*12

$OWN,0,261187000,0,100000.0,9.3,15.944959,54.986824,328.6,323.0,0.0,0.0,,1,,,,,,,,,,,,,,,*6A

$WIND,,,T,,,R*12

$OWN,0,261187000,0,100000.0,9.4,15.944908,54.986858,327.8,323.0,0.0,0.0,,1,,,,,,,,,,,,,,,*63

$WIND,,,T,,,R*12

$OWN,0,261187000,0,100000.0,9.4,15.944859,54.986893,327.1,324.0,0.0,0.0,,1,,,,,,,,,,,,,,,*6F

$WIND,,,T,,,R*12

$OWN,0,261187000,0,100000.0,9.4,15.944807,54.986927,326.4,325.0,0.0,0.0,,1,,,,,,,,,,,,,,,*6F

$WIND,,,T,,,R*12

$OWN,0,261187000,0,100000.0,9.5,15.944757,54.986961,325.9,325.0,0.0,0.0,,1,,,,,,,,,,,,,,,*68

$WIND,,,T,,,R*12

$OWN,0,261187000,0,100000.0,9.5,15.944707,54.986996,325.4,326.0,0.0,0.0,,1,,,,,,,,,,,,,,,*6B

$WIND,,,T,,,R*12

$OWN,0,261187000,0,100000.0,9.5,15.944658,54.987034,325.1,326.0,0.0,0.0,,1,,,,,,,,,,,,,,,*65

$WIND,,,T,,,R*12

$OWN,0,261187000,0,100000.0,9.6,15.944610,54.987068,324.9,327.0,0.0,0.0,,1,,,,,,,,,,,,,,,*6B

$WIND,,,T,,,R*12

$OWN,0,261187000,0,100000.0,9.6,15.944562,54.987106,324.7,328.0,0.0,0.0,,1,,,,,,,,,,,,,,,*65

$WIND,,,T,,,R*12

$OWN,0,261187000,0,100000.0,9.7,15.944467,54.987179,324.5,329.0,0.0,0.0,,1,,,,,,,,,,,,,,,*6B

$WIND,,,T,,,R*12

$OWN,0,261187000,0,100000.0,9.7,15.944418,54.987217,324.3,330.0,0.0,0.0,,1,,,,,,,,,,,,,,,*66

$WIND,,,T,,,R*12

$OWN,0,261187000,0,100000.0,9.7,15.944371,54.987255,324.4,331.0,0.0,0.0,,1,,,,,,,,,,,,,,,*6E

$WIND,,,T,,,R*12

$OWN,0,261187000,0,100000.0,9.8,15.944326,54.987293,324.5,333.0,0.0,0.0,,1,,,,,,,,,,,,,,,*6A

$WIND,,,T,,,R*12

$OWN,0,261187000,0,100000.0,9.8,15.944326,54.987293,324.5,333.0,0.0,0.0,,1,,,,,,,,,,,,,,,*6A

$WIND,,,T,,,R*12

$OWN,0,261187000,0,100000.0,9.8,15.944239,54.987370,325.0,334.0,0.0,0.0,,1,,,,,,,,,,,,,,,*6A

$WIND,,,T,,,R*12

$OWN,0,261187000,0,100000.0,9.8,15.944197,54.987411,325.4,335.0,0.0,0.0,,1,,,,,,,,,,,,,,,*68

$WIND,,,T,,,R*12

$OWN,0,261187000,0,100000.0,9.8,15.944197,54.987411,325.4,336.0,0.0,0.0,,1,,,,,,,,,,,,,,,*6B

$WIND,,,T,,,R*12

$OWN,0,261187000,0,100000.0,9.8,15.944157,54.987450,325.8,338.0,0.0,0.0,,1,,,,,,,,,,,,,,,*60

$WIND,,,T,,,R*12

$OWN,0,261187000,0,100000.0,9.8,15.944117,54.987492,326.3,339.0,0.0,0.0,,1,,,,,,,,,,,,,,,*63

$WIND,,,T,,,R*12

$OWN,0,261187000,0,100000.0,9.9,15.944041,54.987572,327.4,340.0,0.0,0.0,,1,,,,,,,,,,,,,,,*67

$WIND,,,T,,,R*12

$OWN,0,261187000,0,100000.0,9.9,15.944007,54.987614,328.0,342.0,0.0,0.0,,1,,,,,,,,,,,,,,,*6F

$WIND,,,T,,,R*12

$OWN,0,261187000,0,100000.0,9.9,15.943974,54.987656,328.7,343.0,0.0,0.0,,1,,,,,,,,,,,,,,,*65

$WIND,,,T,,,R*12

$OWN,0,261187000,0,100000.0,9.9,15.943940,54.987698,329.4,344.0,0.0,0.0,,1,,,,,,,,,,,,,,,*65

$WIND,,,T,,,R*12

$OWN,0,261187000,0,100000.0,9.9,15.943910,54.987740,330.2,346.0,0.0,0.0,,1,,,,,,,,,,,,,,,*68

$WIND,,,T,,,R*12

$OWN,0,261187000,0,100000.0,9.9,15.943882,54.987782,331.1,347.0,0.0,0.0,,1,,,,,,,,,,,,,,,*6F

$WIND,,,T,,,R*12

$OWN,0,261187000,0,100000.0,9.8,15.943855,54.987823,332.0,349.0,0.0,0.0,,1,,,,,,,,,,,,,,,*6C

$WIND,,,T,,,R*12

$OWN,0,261187000,0,100000.0,9.8,15.943830,54.987869,332.8,352.0,0.0,0.0,,1,,,,,,,,,,,,,,,*63

$WIND,,,T,,,R*12

$OWN,0,261187000,0,100000.0,9.8,15.943805,54.987911,333.8,353.0,0.0,0.0,,1,,,,,,,,,,,,,,,*6B

$WIND,,,T,,,R*12

$OWN,0,261187000,0,100000.0,9.8,15.943784,54.987957,334.8,355.0,0.0,0.0,,1,,,,,,,,,,,,,,,*6E

$WIND,,,T,,,R*12

$OWN,0,261187000,0,100000.0,9.8,15.943784,54.987957,334.8,355.0,0.0,0.0,,1,,,,,,,,,,,,,,,*6E

$WIND,,,T,,,R*12

$OWN,0,261187000,0,100000.0,9.8,15.943765,54.987999,335.7,356.0,0.0,0.0,,1,,,,,,,,,,,,,,,*6E

$WIND,,,T,,,R*12

$OWN,0,261187000,0,100000.0,9.8,15.943747,54.988045,336.8,358.0,0.0,0.0,,1,,,,,,,,,,,,,,,*6B

$WIND,,,T,,,R*12

$OWN,0,261187000,0,100000.0,9.8,15.943730,54.988087,338.0,0.0,0.0,0.0,,1,,,,,,,,,,,,,,,*6D

$WIND,,,T,,,R*12

$OWN,0,261187000,0,100000.0,9.7,15.943718,54.988132,339.2,1.0,0.0,0.0,,1,,,,,,,,,,,,,,,*65

$WIND,,,T,,,R*12

$OWN,0,261187000,0,100000.0,9.7,15.943707,54.988178,340.4,3.0,0.0,0.0,,1,,,,,,,,,,,,,,,*6F

$WIND,,,T,,,R*12

$OWN,0,261187000,0,100000.0,9.7,15.943697,54.988220,341.5,5.0,0.0,0.0,,1,,,,,,,,,,,,,,,*6F

$WIND,,,T,,,R*12

$OWN,0,261187000,0,100000.0,9.6,15.943685,54.988308,344.0,7.0,0.0,0.0,,1,,,,,,,,,,,,,,,*64

$WIND,,,T,,,R*12

$OWN,0,261187000,0,100000.0,9.6,15.943682,54.988350,345.3,8.0,0.0,0.0,,1,,,,,,,,,,,,,,,*63

$WIND,,,T,,,R*12

$OWN,0,261187000,0,100000.0,9.6,15.943682,54.988396,346.7,10.0,0.0,0.0,,1,,,,,,,,,,,,,,,*57

$WIND,,,T,,,R*12

$OWN,0,261187000,0,100000.0,9.5,15.943684,54.988441,348.1,12.0,0.0,0.0,,1,,,,,,,,,,,,,,,*55

$WIND,,,T,,,R*12

$OWN,0,261187000,0,100000.0,9.5,15.943684,54.988441,348.1,13.0,0.0,0.0,,1,,,,,,,,,,,,,,,*54

$WIND,,,T,,,R*12

$OWN,0,261187000,0,100000.0,9.5,15.943688,54.988483,349.5,15.0,0.0,0.0,,1,,,,,,,,,,,,,,,*55

$WIND,,,T,,,R*12

$OWN,0,261187000,0,100000.0,9.4,15.943695,54.988525,351.0,17.0,0.0,0.0,,1,,,,,,,,,,,,,,,*5B

$WIND,,,T,,,R*12

$OWN,0,261187000,0,100000.0,9.4,15.943705,54.988571,352.5,19.0,0.0,0.0,,1,,,,,,,,,,,,,,,*5A

$WIND,,,T,,,R*12

$OWN,0,261187000,0,100000.0,9.4,15.943715,54.988613,353.9,21.0,0.0,0.0,,1,,,,,,,,,,,,,,,*5A

$WIND,,,T,,,R*12

$OWN,0,261187000,0,100000.0,9.3,15.943727,54.988655,355.2,23.0,0.0,0.0,,1,,,,,,,,,,,,,,,*51

$WIND,,,T,,,R*12

$OWN,0,261187000,0,100000.0,9.3,15.943740,54.988697,356.7,24.0,0.0,0.0,,1,,,,,,,,,,,,,,,*5F

$WIND,,,T,,,R*12

$OWN,0,261187000,0,100000.0,9.3,15.943755,54.988739,358.2,26.0,0.0,0.0,,1,,,,,,,,,,,,,,,*57

$WIND,,,T,,,R*12

$OWN,0,261187000,0,100000.0,9.2,15.943773,54.988781,359.7,28.0,0.0,0.0,,1,,,,,,,,,,,,,,,*5B

$WIND,,,T,,,R*12

$OWN,0,261187000,0,100000.0,9.2,15.943795,54.988819,1.4,29.0,0.0,0.0,,1,,,,,,,,,,,,,,,*51

$WIND,,,T,,,R*12

$OWN,0,261187000,0,100000.0,9.2,15.943820,54.988861,3.0,30.0,0.0,0.0,,1,,,,,,,,,,,,,,,*51

$WIND,,,T,,,R*12

$OWN,0,261187000,0,100000.0,9.1,15.943845,54.988903,4.6,32.0,0.0,0.0,,1,,,,,,,,,,,,,,,*57

$WIND,,,T,,,R*12

$OWN,0,261187000,0,100000.0,9.1,15.943871,54.988941,6.0,32.0,0.0,0.0,,1,,,,,,,,,,,,,,,*52

$WIND,,,T,,,R*12

$OWN,0,261187000,0,100000.0,9.1,15.943898,54.988979,7.4,33.0,0.0,0.0,,1,,,,,,,,,,,,,,,*5A

$WIND,,,T,,,R*12

$OWN,0,261187000,0,100000.0,9.1,15.943925,54.989021,8.8,34.0,0.0,0.0,,1,,,,,,,,,,,,,,,*5C

$WIND,,,T,,,R*12

$OWN,0,261187000,0,100000.0,9.0,15.943955,54.989056,10.3,34.0,0.0,0.0,,1,,,,,,,,,,,,,,,*68

$WIND,,,T,,,R*12

$OWN,0,261187000,0,100000.0,9.0,15.943987,54.989094,11.7,35.0,0.0,0.0,,1,,,,,,,,,,,,,,,*6D

$WIND,,,T,,,R*12

$OWN,0,261187000,0,0.0,9.0,15.944020,54.989132,13.2,35.0,0.0,0.0,,1,,,,,,,,,,,,,,,*55

$WIND,,,T,,,R*12

$OWN,0,261187000,0,0.0,9.0,15.944057,54.989170,14.6,35.0,0.0,0.0,,1,,,,,,,,,,,,,,,*50

$WIND,,,T,,,R*12

$OWN,0,261187000,0,0.0,9.0,15.944092,54.989208,16.1,35.0,0.0,0.0,,1,,,,,,,,,,,,,,,*50

$WIND,,,T,,,R*12

$OWN,0,261187000,0,0.0,9.0,15.944128,54.989243,17.3,35.0,0.0,0.0,,1,,,,,,,,,,,,,,,*5C

$WIND,,,T,,,R*12

$OWN,0,261187000,0,-100000.0,9.0,15.944167,54.989281,18.4,35.0,0.0,0.0,,1,,,,,,,,,,,,,,,*4D

$WIND,,,T,,,R*12

$OWN,0,261187000,0,-100000.0,9.0,15.944201,54.989319,19.3,34.0,0.0,0.0,,1,,,,,,,,,,,,,,,*49

$WIND,,,T,,,R*12

$OWN,0,261187000,0,-100000.0,9.0,15.944237,54.989357,20.1,34.0,0.0,0.0,,1,,,,,,,,,,,,,,,*4E

$WIND,,,T,,,R*12

$OWN,0,261187000,0,-100000.0,9.1,15.944272,54.989395,20.9,34.0,0.0,0.0,,1,,,,,,,,,,,,,,,*48

$WIND,,,T,,,R*12

$OWN,0,261187000,0,-100000.0,9.1,15.944308,54.989433,21.6,33.0,0.0,0.0,,1,,,,,,,,,,,,,,,*46

$WIND,,,T,,,R*12

$OWN,0,261187000,0,-100000.0,9.1,15.944346,54.989471,22.4,32.0,0.0,0.0,,1,,,,,,,,,,,,,,,*4A

$WIND,,,T,,,R*12

$OWN,0,261187000,0,-100000.0,9.1,15.944385,54.989510,23.2,32.0,0.0,0.0,,1,,,,,,,,,,,,,,,*44

$WIND,,,T,,,R*12

$OWN,0,261187000,0,-100000.0,9.2,15.944425,54.989548,24.0,31.0,0.0,0.0,,1,,,,,,,,,,,,,,,*41

$WIND,,,T,,,R*12

$OWN,0,261187000,0,-100000.0,9.2,15.944502,54.989624,24.7,30.0,0.0,0.0,,1,,,,,,,,,,,,,,,*4A

$WIND,,,T,,,R*12

$OWN,0,261187000,0,-100000.0,9.3,15.944535,54.989666,24.8,29.0,0.0,0.0,,1,,,,,,,,,,,,,,,*4E

$WIND,,,T,,,R*12

$OWN,0,261187000,0,-100000.0,9.3,15.944570,54.989708,24.8,28.0,0.0,0.0,,1,,,,,,,,,,,,,,,*47

$WIND,,,T,,,R*12

$OWN,0,261187000,0,-100000.0,9.4,15.944603,54.989746,24.9,27.0,0.0,0.0,,1,,,,,,,,,,,,,,,*43

$WIND,,,T,,,R*12

$OWN,0,261187000,0,-100000.0,9.4,15.944638,54.989788,25.1,26.0,0.0,0.0,,1,,,,,,,,,,,,,,,*41

$WIND,,,T,,,R*12

$OWN,0,261187000,0,-100000.0,9.5,15.944675,54.989830,25.3,25.0,0.0,0.0,,1,,,,,,,,,,,,,,,*44

$WIND,,,T,,,R*12

$OWN,0,261187000,0,-100000.0,9.5,15.944708,54.989868,25.2,23.0,0.0,0.0,,1,,,,,,,,,,,,,,,*45

$WIND,,,T,,,R*12

$OWN,0,261187000,0,-100000.0,9.5,15.944741,54.989910,25.0,22.0,0.0,0.0,,1,,,,,,,,,,,,,,,*45

$WIND,,,T,,,R*12

$OWN,0,261187000,0,-100000.0,9.5,15.944741,54.989910,25.0,21.0,0.0,0.0,,1,,,,,,,,,,,,,,,*46

$WIND,,,T,,,R*12

$OWN,0,261187000,0,-100000.0,9.6,15.944772,54.989952,24.6,19.0,0.0,0.0,,1,,,,,,,,,,,,,,,*4F

$WIND,,,T,,,R*12

$OWN,0,261187000,0,-100000.0,9.6,15.944797,54.989998,24.0,18.0,0.0,0.0,,1,,,,,,,,,,,,,,,*45

$WIND,,,T,,,R*12

$OWN,0,261187000,0,-100000.0,9.6,15.944821,54.990040,23.5,16.0,0.0,0.0,,1,,,,,,,,,,,,,,,*4F

$WIND,,,T,,,R*12

$OWN,0,261187000,0,-100000.0,9.6,15.944848,54.990082,23.1,14.0,0.0,0.0,,1,,,,,,,,,,,,,,,*48

$WIND,,,T,,,R*12

$OWN,0,261187000,0,-100000.0,9.7,15.944874,54.990128,22.5,13.0,0.0,0.0,,1,,,,,,,,,,,,,,,*45

$WIND,,,T,,,R*12

$OWN,0,261187000,0,-100000.0,9.7,15.944897,54.990170,21.9,13.0,0.0,0.0,,1,,,,,,,,,,,,,,,*4A

$WIND,,,T,,,R*12

$OWN,0,261187000,0,-100000.0,9.7,15.944917,54.990215,21.1,11.0,0.0,0.0,,1,,,,,,,,,,,,,,,*49

$WIND,,,T,,,R*12

$OWN,0,261187000,0,-100000.0,9.7,15.944935,54.990261,20.4,9.0,0.0,0.0,,1,,,,,,,,,,,,,,,*77

$WIND,,,T,,,R*12

$OWN,0,261187000,0,-100000.0,9.7,15.944950,54.990303,19.5,6.0,0.0,0.0,,1,,,,,,,,,,,,,,,*75

$WIND,,,T,,,R*12

$OWN,0,261187000,0,-100000.0,9.7,15.944950,54.990303,19.5,6.0,0.0,0.0,,1,,,,,,,,,,,,,,,*75

$WIND,,,T,,,R*12

$OWN,0,261187000,0,-100000.0,9.7,15.944965,54.990345,18.6,4.0,0.0,0.0,,1,,,,,,,,,,,,,,,*71

$WIND,,,T,,,R*12

$OWN,0,261187000,0,-100000.0,9.7,15.944986,54.990437,16.5,0.0,0.0,0.0,,1,,,,,,,,,,,,,,,*77

$WIND,,,T,,,R*12

$OWN,0,261187000,0,-100000.0,9.7,15.944993,54.990482,15.3,359.0,0.0,0.0,,1,,,,,,,,,,,,,,,*77

$WIND,,,T,,,R*12

$OWN,0,261187000,0,-100000.0,9.6,15.944997,54.990524,14.2,357.0,0.0,0.0,,1,,,,,,,,,,,,,,,*71

$WIND,,,T,,,R*12

$OWN,0,261187000,0,-100000.0,9.6,15.945000,54.990570,13.1,355.0,0.0,0.0,,1,,,,,,,,,,,,,,,*70

$WIND,,,T,,,R*12

$OWN,0,261187000,0,-100000.0,9.6,15.945002,54.990616,11.9,354.0,0.0,0.0,,1,,,,,,,,,,,,,,,*7A

$WIND,,,T,,,R*12

$OWN,0,261187000,0,-100000.0,9.6,15.945000,54.990658,10.6,352.0,0.0,0.0,,1,,,,,,,,,,,,,,,*7A

$WIND,,,T,,,R*12

$OWN,0,261187000,0,-100000.0,9.6,15.944997,54.990704,9.3,351.0,0.0,0.0,,1,,,,,,,,,,,,,,,*4A

$WIND,,,T,,,R*12

$OWN,0,261187000,0,-100000.0,9.5,15.944992,54.990746,8.2,350.0,0.0,0.0,,1,,,,,,,,,,,,,,,*4B

$WIND,,,T,,,R*12

$OWN,0,261187000,0,-100000.0,9.5,15.944983,54.990791,6.8,349.0,0.0,0.0,,1,,,,,,,,,,,,,,,*4D

$WIND,,,T,,,R*12

$OWN,0,261187000,0,-100000.0,9.5,15.944973,54.990833,5.3,347.0,0.0,0.0,,1,,,,,,,,,,,,,,,*43

$WIND,,,T,,,R*12

$OWN,0,261187000,0,-100000.0,9.5,15.944959,54.990875,3.8,346.0,0.0,0.0,,1,,,,,,,,,,,,,,,*45

$WIND,,,T,,,R*12

$OWN,0,261187000,0,-100000.0,9.4,15.944945,54.990921,2.5,345.0,0.0,0.0,,1,,,,,,,,,,,,,,,*46

$WIND,,,T,,,R*12

$OWN,0,261187000,0,-100000.0,9.4,15.944928,54.990963,1.0,344.0,0.0,0.0,,1,,,,,,,,,,,,,,,*4C

$WIND,,,T,,,R*12

$OWN,0,261187000,0,-100000.0,9.4,15.944912,54.991005,359.6,343.0,0.0,0.0,,1,,,,,,,,,,,,,,,*42

$WIND,,,T,,,R*12

$OWN,0,261187000,0,-100000.0,9.4,15.944892,54.991047,358.4,343.0,0.0,0.0,,1,,,,,,,,,,,,,,,*4E

$WIND,,,T,,,R*12

$OWN,0,261187000,0,-100000.0,9.4,15.944872,54.991089,357.2,342.0,0.0,0.0,,1,,,,,,,,,,,,,,,*4A

$WIND,,,T,,,R*12

$OWN,0,261187000,0,-100000.0,9.4,15.944854,54.991135,356.0,341.0,0.0,0.0,,1,,,,,,,,,,,,,,,*48

$WIND,,,T,,,R*12

$OWN,0,261187000,0,-100000.0,9.4,15.944832,54.991177,354.7,340.0,0.0,0.0,,1,,,,,,,,,,,,,,,*4A

$WIND,,,T,,,R*12

$OWN,0,261187000,0,-100000.0,9.4,15.944808,54.991219,353.6,339.0,0.0,0.0,,1,,,,,,,,,,,,,,,*40

$WIND,,,T,,,R*12

$OWN,0,261187000,0,-100000.0,9.4,15.944785,54.991257,352.5,338.0,0.0,0.0,,1,,,,,,,,,,,,,,,*43

$WIND,,,T,,,R*12

$OWN,0,261187000,0,-100000.0,9.4,15.944758,54.991302,351.3,338.0,0.0,0.0,,1,,,,,,,,,,,,,,,*47

$WIND,,,T,,,R*12

$OWN,0,261187000,0,-100000.0,9.4,15.944758,54.991302,351.3,338.0,0.0,0.0,,1,,,,,,,,,,,,,,,*47

$WIND,,,T,,,R*12

$AIS,0,273392360,0,0.0,0.0,15.393795,54.826580,205.4,83.0,-35392.43,-18199.70,,1,,,,,,,,,,,,,,,*69

$OWN,0,261187000,0,-100000.0,9.4,15.944703,54.991383,349.0,337.0,0.0,0.0,,1,,,,,,,,,,,,,,,*45

$WIND,,,T,,,R*12

$AIS,0,273392360,0,0.0,0.0,15.393795,54.826580,205.4,83.0,-35390.53,-18204.39,,1,,,,,,,,,,,,,,,*60

$OWN,0,261187000,0,-100000.0,9.4,15.944674,54.991425,347.9,336.0,0.0,0.0,,1,,,,,,,,,,,,,,,*49

$WIND,,,T,,,R*12

$AIS,0,273392360,0,0.0,0.0,15.393795,54.826580,205.4,83.0,-35388.51,-18209.07,,1,,,,,,,,,,,,,,,*6B

$OWN,0,261187000,0,-100000.0,9.4,15.944642,54.991467,346.8,336.0,0.0,0.0,,1,,,,,,,,,,,,,,,*4A

$WIND,,,T,,,R*12

$AIS,0,273392360,0,0.0,0.0,15.393795,54.826580,205.4,83.0,-35388.51,-18209.07,,1,,,,,,,,,,,,,,,*6B

$OWN,0,261187000,0,-100000.0,9.4,15.944610,54.991508,345.8,335.0,0.0,0.0,,1,,,,,,,,,,,,,,,*45

$WIND,,,T,,,R*12

$AIS,0,273392360,0,0.0,0.0,15.393795,54.826580,205.4,83.0,-35386.43,-18213.76,,1,,,,,,,,,,,,,,,*6B

$OWN,0,261187000,0,-100000.0,9.5,15.944578,54.991547,344.8,334.0,0.0,0.0,,1,,,,,,,,,,,,,,,*42

$WIND,,,T,,,R*12

$AIS,0,273392360,0,0.0,0.0,15.393795,54.826580,205.4,83.0,-35384.41,-18218.02,,1,,,,,,,,,,,,,,,*63

$OWN,0,261187000,0,-100000.0,9.5,15.944545,54.991589,343.9,334.0,0.0,0.0,,5,9161247,SNHA   ,NAWIGATOR XXI       ,99,17,43,4,6,2,5,21,12,0,3.4,SZCZECIN            *5D

$WIND,,,T,,,R*12

$AIS,0,273392360,0,0.0,0.0,15.393795,54.826580,205.4,83.0,-35380.12,-18227.39,,1,,,,,,,,,,,,,,,*65

$AIS,0,246530000,0,0.0,11.1,15.332967,54.786633,75.8,75.0,-39326.68,-22640.08,,1,,,,,,,,,,,,,,,*6C

$OWN,0,261187000,0,-100000.0,9.5,15.944511,54.991631,343.1,333.0,0.0,0.0,,5,9161247,SNHA   ,NAWIGATOR XXI       ,99,17,43,4,6,2,5,21,12,0,3.4,SZCZECIN            *53

$WIND,,,T,,,R*12

$AIS,0,273392360,0,0.0,0.0,15.393795,54.826580,205.4,83.0,-35377.97,-18232.08,,1,,,,,,,,,,,,,,,*66

$AIS,0,246530000,0,0.0,11.1,15.332967,54.786633,75.8,75.0,-39324.53,-22644.77,,1,,,,,,,,,,,,,,,*6A

$OWN,0,261187000,0,-100000.0,9.5,15.944478,54.991673,342.2,333.0,0.0,0.0,,5,9161247,SNHA   ,NAWIGATOR XXI       ,99,17,43,4,6,2,5,21,12,0,3.4,SZCZECIN            *59

$WIND,,,T,,,R*12

$AIS,0,273392360,0,0.0,0.0,15.393795,54.826580,205.4,83.0,-35375.77,-18236.34,,1,,,,,,,,,,,,,,,*61

$AIS,0,246530000,0,0.0,11.1,15.332967,54.786633,75.8,75.0,-39322.32,-22649.03,,1,,,,,,,,,,,,,,,*65

$OWN,0,261187000,0,-100000.0,9.6,15.944407,54.991753,340.5,332.0,0.0,0.0,,5,9161247,SNHA   ,NAWIGATOR XXI       ,99,17,43,4,6,2,5,21,12,0,3.4,SZCZECIN            *55

$WIND,,,T,,,R*12

$AIS,0,273392360,0,0.0,0.0,15.393795,54.826580,205.4,83.0,-35373.38,-18241.03,,1,,,,,,,,,,,,,,,*68

$AIS,0,246530000,0,0.0,11.1,15.332967,54.786633,75.8,75.0,-39319.93,-22653.72,,1,,,,,,,,,,,,,,,*6B

$OWN,0,261187000,0,-100000.0,9.6,15.944368,54.991791,339.6,332.0,0.0,0.0,,5,9161247,SNHA   ,NAWIGATOR XXI       ,99,17,43,4,6,2,5,21,12,0,3.4,SZCZECIN            *58

$WIND,,,T,,,R*12

$AIS,0,246530000,0,0.0,11.1,15.332967,54.786633,75.8,75.0,-39317.48,-22657.99,,1,,,,,,,,,,,,,,,*62

$OWN,0,261187000,0,-100000.0,9.6,15.944330,54.991833,338.8,331.0,0.0,0.0,,5,9161247,SNHA   ,NAWIGATOR XXI       ,99,17,43,4,6,2,5,21,12,0,3.4,SZCZECIN            *5E

$WIND,,,T,,,R*12

$AIS,0,246530000,0,0.0,11.1,15.332967,54.786633,75.8,75.0,-39315.03,-22662.68,,1,,,,,,,,,,,,,,,*67

$OWN,0,261187000,0,-100000.0,9.6,15.944290,54.991875,338.0,331.0,0.0,0.0,,5,9161247,SNHA   ,NAWIGATOR XXI       ,99,17,43,4,6,2,5,21,12,0,3.4,SZCZECIN            *5F

$WIND,,,T,,,R*12

$AIS,0,246530000,0,0.0,11.1,15.332967,54.786633,75.8,75.0,-39312.45,-22667.37,,1,,,,,,,,,,,,,,,*6D

$OWN,0,261187000,0,-100000.0,9.6,15.944290,54.991875,338.0,330.0,0.0,0.0,,5,9161247,SNHA   ,NAWIGATOR XXI       ,99,17,43,4,6,2,5,21,12,0,3.4,SZCZECIN            *5E

$WIND,,,T,,,R*12

$AIS,0,246530000,0,0.0,11.1,15.332967,54.786633,75.8,75.0,-39312.45,-22667.37,,1,,,,,,,,,,,,,,,*6D

$OWN,0,261187000,0,-100000.0,9.7,15.944250,54.991913,337.2,330.0,0.0,0.0,,5,9161247,SNHA   ,NAWIGATOR XXI       ,99,17,43,4,6,2,5,21,12,0,3.4,SZCZECIN            *5F

$WIND,,,T,,,R*12

$AIS,0,246530000,0,0.0,11.1,15.332967,54.786633,75.8,75.0,-39309.87,-22671.64,,1,,,,,,,,,,,,,,,*68

$OWN,0,261187000,0,-100000.0,9.7,15.944210,54.991955,336.5,329.0,0.0,0.0,,5,9161247,SNHA   ,NAWIGATOR XXI       ,99,17,43,4,6,2,5,21,12,0,3.4,SZCZECIN            *57

$WIND,,,T,,,R*12

$AIS,0,246530000,0,0.0,11.1,15.332967,54.786633,75.8,75.0,-39307.30,-22676.33,,1,,,,,,,,,,,,,,,*6F

$OWN,0,261187000,0,-100000.0,9.8,15.944127,54.992035,335.1,329.0,0.0,0.0,,5,9161247,SNHA   ,NAWIGATOR XXI       ,99,17,43,4,6,2,5,21,12,0,3.4,SZCZECIN            *54

$WIND,,,T,,,R*12

$OWN,0,261187000,0,-100000.0,9.8,15.944085,54.992073,334.5,328.0,0.0,0.0,,5,9161247,SNHA   ,NAWIGATOR XXI       ,99,17,43,4,6,2,5,21,12,0,3.4,SZCZECIN            *5B

$WIND,,,T,,,R*12

$OWN,0,261187000,0,-100000.0,9.8,15.944041,54.992115,333.8,328.0,0.0,0.0,,5,9161247,SNHA   ,NAWIGATOR XXI       ,99,17,43,4,6,2,5,21,12,0,3.4,SZCZECIN            *58

$WIND,,,T,,,R*12

$OWN,0,261187000,0,-100000.0,9.9,15.943998,54.992153,333.2,328.0,0.0,0.0,,5,9161247,SNHA   ,NAWIGATOR XXI       ,99,17,43,4,6,2,5,21,12,0,3.4,SZCZECIN            *5B

$WIND,,,T,,,R*12

$OWN,0,261187000,0,-100000.0,9.9,15.943952,54.992191,332.6,327.0,0.0,0.0,,5,9161247,SNHA   ,NAWIGATOR XXI       ,99,17,43,4,6,2,5,21,12,0,3.4,SZCZECIN            *59

$WIND,,,T,,,R*12

$OWN,0,261187000,0,-100000.0,9.9,15.943907,54.992233,332.0,327.0,0.0,0.0,,5,9161247,SNHA   ,NAWIGATOR XXI       ,99,17,43,4,6,2,5,21,12,0,3.4,SZCZECIN            *54

$WIND,,,T,,,R*12

$OWN,0,261187000,0,-100000.0,9.9,15.943862,54.992271,331.4,327.0,0.0,0.0,,5,9161247,SNHA   ,NAWIGATOR XXI       ,99,17,43,4,6,2,5,21,12,0,3.4,SZCZECIN            *57

$WIND,,,T,,,R*12

$OWN,0,261187000,0,-100000.0,9.9,15.943862,54.992271,331.4,327.0,0.0,0.0,,5,9161247,SNHA   ,NAWIGATOR XXI       ,99,17,43,4,6,2,5,21,12,0,3.4,SZCZECIN            *57

$WIND,,,T,,,R*12

$OWN,0,261187000,0,-100000.0,10.0,15.943769,54.992348,330.4,326.0,0.0,0.0,,5,9161247,SNHA   ,NAWIGATOR XXI       ,99,17,43,4,6,2,5,21,12,0,3.4,SZCZECIN            *69

$WIND,,,T,,,R*12

$OWN,0,261187000,0,-100000.0,10.0,15.943720,54.992390,329.9,326.0,0.0,0.0,,5,9161247,SNHA   ,NAWIGATOR XXI       ,99,17,43,4,6,2,5,21,12,0,3.4,SZCZECIN            *64

$WIND,,,T,,,R*12

$OWN,0,261187000,0,-100000.0,10.1,15.943671,54.992428,329.4,326.0,0.0,0.0,,5,9161247,SNHA   ,NAWIGATOR XXI       ,99,17,43,4,6,2,5,21,12,0,3.4,SZCZECIN            *69

$WIND,,,T,,,R*12

$OWN,0,261187000,0,-100000.0,10.1,15.943671,54.992428,329.4,326.0,0.0,0.0,,5,9161247,SNHA   ,NAWIGATOR XXI       ,99,17,43,4,6,2,5,21,12,0,3.4,SZCZECIN            *69

$WIND,,,T,,,R*12

$OWN,0,261187000,0,-100000.0,10.1,15.943624,54.992466,329.0,325.0,0.0,0.0,,5,9161247,SNHA   ,NAWIGATOR XXI       ,99,17,43,4,6,2,5,21,12,0,3.4,SZCZECIN            *64

$WIND,,,T,,,R*12

$OWN,0,261187000,0,-100000.0,10.1,15.943575,54.992504,328.5,325.0,0.0,0.0,,5,9161247,SNHA   ,NAWIGATOR XXI       ,99,17,43,4,6,2,5,21,12,0,3.4,SZCZECIN            *62

$WIND,,,T,,,R*12

$OWN,0,261187000,0,-100000.0,10.2,15.943525,54.992546,328.1,325.0,0.0,0.0,,5,9161247,SNHA   ,NAWIGATOR XXI       ,99,17,43,4,6,2,5,21,12,0,3.4,SZCZECIN            *66

$WIND,,,T,,,R*12

$OWN,0,261187000,0,-100000.0,10.2,15.943475,54.992584,327.6,325.0,0.0,0.0,,5,9161247,SNHA   ,NAWIGATOR XXI       ,99,17,43,4,6,2,5,21,12,0,3.4,SZCZECIN            *64

$WIND,,,T,,,R*12

$OWN,0,261187000,0,-100000.0,10.2,15.943375,54.992661,326.8,324.0,0.0,0.0,,5,9161247,SNHA   ,NAWIGATOR XXI       ,99,17,43,4,6,2,5,21,12,0,3.4,SZCZECIN            *65

$WIND,,,T,,,R*12

$OWN,0,261187000,0,-100000.0,10.3,15.943323,54.992699,326.4,324.0,0.0,0.0,,5,9161247,SNHA   ,NAWIGATOR XXI       ,99,17,43,4,6,2,5,21,12,0,3.4,SZCZECIN            *6C

$WIND,,,T,,,R*12

$OWN,0,261187000,0,0.0,10.3,15.943272,54.992737,326.0,324.0,0.0,0.0,,5,9161247,SNHA   ,NAWIGATOR XXI       ,99,17,43,4,6,2,5,21,12,0,3.4,SZCZECIN            *74

$WIND,,,T,,,R*12

$OWN,0,261187000,0,0.0,10.3,15.943220,54.992775,325.7,324.0,0.0,0.0,,5,9161247,SNHA   ,NAWIGATOR XXI       ,99,17,43,4,6,2,5,21,12,0,3.4,SZCZECIN            *71

$WIND,,,T,,,R*12

$OWN,0,261187000,0,-100000.0,10.4,15.943169,54.992813,325.4,324.0,0.0,0.0,,5,9161247,SNHA   ,NAWIGATOR XXI       ,99,17,43,4,6,2,5,21,12,0,3.4,SZCZECIN            *68

$WIND,,,T,,,R*12

$OWN,0,261187000,0,0.0,10.4,15.943115,54.992855,325.1,323.0,0.0,0.0,,5,9161247,SNHA   ,NAWIGATOR XXI       ,99,17,43,4,6,2,5,21,12,0,3.4,SZCZECIN            *7F

$WIND,,,T,,,R*12

$OWN,0,261187000,0,0.0,10.4,15.943062,54.992893,324.8,323.0,0.0,0.0,,5,9161247,SNHA   ,NAWIGATOR XXI       ,99,17,43,4,6,2,5,21,12,0,3.4,SZCZECIN            *7C

$WIND,,,T,,,R*12

$OWN,0,261187000,0,0.0,10.4,15.943008,54.992931,324.5,323.0,0.0,0.0,,5,9161247,SNHA   ,NAWIGATOR XXI       ,99,17,43,4,6,2,5,21,12,0,3.4,SZCZECIN            *74

$WIND,,,T,,,R*12

$OWN,0,261187000,0,0.0,10.5,15.942955,54.992970,324.2,323.0,0.0,0.0,,5,9161247,SNHA   ,NAWIGATOR XXI       ,99,17,43,4,6,2,5,21,12,0,3.4,SZCZECIN            *77

$WIND,,,T,,,R*12

$OWN,0,261187000,0,0.0,10.5,15.942902,54.993008,323.9,323.0,0.0,0.0,,5,9161247,SNHA   ,NAWIGATOR XXI       ,99,17,43,4,6,2,5,21,12,0,3.4,SZCZECIN            *7E

$WIND,,,T,,,R*12

$OWN,0,261187000,0,0.0,10.5,15.942846,54.993046,323.6,323.0,0.0,0.0,,5,9161247,SNHA   ,NAWIGATOR XXI       ,99,17,43,4,6,2,5,21,12,0,3.4,SZCZECIN            *7A

$WIND,,,T,,,R*12

$OWN,0,261187000,0,0.0,10.5,15.942792,54.993088,323.4,323.0,0.0,0.0,,5,9161247,SNHA   ,NAWIGATOR XXI       ,99,17,43,4,6,2,5,21,12,0,3.4,SZCZECIN            *7C

$WIND,,,T,,,R*12

$OWN,0,261187000,0,0.0,10.6,15.942739,54.993126,323.2,323.0,0.0,0.0,,5,9161247,SNHA   ,NAWIGATOR XXI       ,99,17,43,4,6,2,5,21,12,0,3.4,SZCZECIN            *7D

$WIND,,,T,,,R*12

$OWN,0,261187000,0,0.0,10.6,15.942683,54.993164,322.9,323.0,0.0,0.0,,5,9161247,SNHA   ,NAWIGATOR XXI       ,99,17,43,4,6,2,5,21,12,0,3.4,SZCZECIN            *71

$WIND,,,T,,,R*12

$OWN,0,261187000,0,0.0,10.6,15.942627,54.993202,322.7,323.0,0.0,0.0,,5,9161247,SNHA   ,NAWIGATOR XXI       ,99,17,43,4,6,2,5,21,12,0,3.4,SZCZECIN            *72

$WIND,,,T,,,R*12

$OWN,0,261187000,0,0.0,10.6,15.942572,54.993240,322.5,323.0,0.0,0.0,,5,9161247,SNHA   ,NAWIGATOR XXI       ,99,17,43,4,6,2,5,21,12,0,3.4,SZCZECIN            *75

$WIND,,,T,,,R*12

$OWN,0,261187000,0,0.0,10.7,15.942516,54.993279,322.4,323.0,0.0,0.0,,5,9161247,SNHA   ,NAWIGATOR XXI       ,99,17,43,4,6,2,5,21,12,0,3.4,SZCZECIN            *7D

$WIND,,,T,,,R*12

$OWN,0,261187000,0,0.0,10.7,15.942462,54.993317,322.2,323.0,0.0,0.0,,5,9161247,SNHA   ,NAWIGATOR XXI       ,99,17,43,4,6,2,5,21,12,0,3.4,SZCZECIN            *70

$WIND,,,T,,,R*12

$OWN,0,261187000,0,0.0,10.7,15.942405,54.993355,322.0,322.0,0.0,0.0,,5,9161247,SNHA   ,NAWIGATOR XXI       ,99,17,43,4,6,2,5,21,12,0,3.4,SZCZECIN            *74

$WIND,,,T,,,R*12

$OWN,0,261187000,0,0.0,10.7,15.942348,54.993397,321.8,322.0,0.0,0.0,,5,9161247,SNHA   ,NAWIGATOR XXI       ,99,17,43,4,6,2,5,21,12,0,3.4,SZCZECIN            *7F

$WIND,,,T,,,R*12

$OWN,0,261187000,0,0.0,10.8,15.942291,54.993435,321.7,322.0,0.0,0.0,,5,9161247,SNHA   ,NAWIGATOR XXI       ,99,17,43,4,6,2,5,21,12,0,3.4,SZCZECIN            *75

$WIND,,,T,,,R*12

$OWN,0,261187000,0,0.0,10.8,15.942235,54.993473,321.5,322.0,0.0,0.0,,5,9161247,SNHA   ,NAWIGATOR XXI       ,99,17,43,4,6,2,5,21,12,0,3.4,SZCZECIN            *7B

$WIND,,,T,,,R*12

$OWN,0,261187000,0,0.0,10.8,15.942179,54.993511,321.4,322.0,0.0,0.0,,5,9161247,SNHA   ,NAWIGATOR XXI       ,99,17,43,4,6,2,5,21,12,0,3.4,SZCZECIN            *74

$WIND,,,T,,,R*12

$OWN,0,261187000,0,0.0,10.8,15.942179,54.993511,321.4,322.0,0.0,0.0,,5,9161247,SNHA   ,NAWIGATOR XXI       ,99,17,43,4,6,2,5,21,12,0,3.4,SZCZECIN            *74

$WIND,,,T,,,R*12

$OWN,0,261187000,0,0.0,10.8,15.942122,54.993549,321.2,322.0,0.0,0.0,,5,9161247,SNHA   ,NAWIGATOR XXI       ,99,17,43,4,6,2,5,21,12,0,3.4,SZCZECIN            *71

$WIND,,,T,,,R*12

$OWN,0,261187000,0,0.0,10.8,15.942063,54.993587,321.1,322.0,0.0,0.0,,5,9161247,SNHA   ,NAWIGATOR XXI       ,99,17,43,4,6,2,5,21,12,0,3.4,SZCZECIN            *74

$WIND,,,T,,,R*12

$OWN,0,261187000,0,0.0,10.9,15.942007,54.993629,320.9,322.0,0.0,0.0,,5,9161247,SNHA   ,NAWIGATOR XXI       ,99,17,43,4,6,2,5,21,12,0,3.4,SZCZECIN            *79

$WIND,,,T,,,R*12

$OWN,0,261187000,0,0.0,10.9,15.941948,54.993664,320.8,322.0,0.0,0.0,,5,9161247,SNHA   ,NAWIGATOR XXI       ,99,17,43,4,6,2,5,21,12,0,3.4,SZCZECIN            *70

$WIND,,,T,,,R*12

$OWN,0,261187000,0,0.0,10.9,15.941892,54.993706,320.7,322.0,0.0,0.0,,5,9161247,SNHA   ,NAWIGATOR XXI       ,99,17,43,4,6,2,5,21,12,0,3.4,SZCZECIN            *7C

$WIND,,,T,,,R*12

$OWN,0,261187000,0,0.0,10.9,15.941833,54.993744,320.6,322.0,0.0,0.0,,5,9161247,SNHA   ,NAWIGATOR XXI       ,99,17,43,4,6,2,5,21,12,0,3.4,SZCZECIN            *70

$WIND,,,T,,,R*12

$OWN,0,261187000,0,0.0,10.9,15.941776,54.993782,320.4,322.0,0.0,0.0,,5,9161247,SNHA   ,NAWIGATOR XXI       ,99,17,43,4,6,2,5,21,12,0,3.4,SZCZECIN            *76

$WIND,,,T,,,R*12

$OWN,0,261187000,0,0.0,11.0,15.941718,54.993820,320.4,322.0,0.0,0.0,,5,9161247,SNHA   ,NAWIGATOR XXI       ,99,17,43,4,6,2,5,21,12,0,3.4,SZCZECIN            *71

$WIND,,,T,,,R*12

$OWN,0,261187000,0,100000.0,11.0,15.941660,54.993858,320.3,322.0,0.0,0.0,,5,9161247,SNHA   ,NAWIGATOR XXI       ,99,17,43,4,6,2,5,21,12,0,3.4,SZCZECIN            *46

$WIND,,,T,,,R*12

$OWN,0,261187000,0,0.0,11.0,15.941604,54.993896,320.3,322.0,0.0,0.0,,5,9161247,SNHA   ,NAWIGATOR XXI       ,99,17,43,4,6,2,5,21,12,0,3.4,SZCZECIN            *77

$WIND,,,T,,,R*12

$OWN,0,261187000,0,0.0,11.0,15.941545,54.993938,320.3,322.0,0.0,0.0,,5,9161247,SNHA   ,NAWIGATOR XXI       ,99,17,43,4,6,2,5,21,12,0,3.4,SZCZECIN            *74

$WIND,,,T,,,R*12

$OWN,0,261187000,0,0.0,11.0,15.941488,54.993977,320.3,322.0,0.0,0.0,,1,,,,,,,,,,,,,,,*6A

$WIND,,,T,,,R*12

$OWN,0,261187000,0,0.0,11.0,15.941430,54.994019,320.2,322.0,0.0,0.0,,1,,,,,,,,,,,,,,,*6E

$WIND,,,T,,,R*12

$OWN,0,261187000,0,-100000.0,11.0,15.941372,54.994057,320.0,322.0,0.0,0.0,,1,,,,,,,,,,,,,,,*7B

$WIND,,,T,,,R*12

$OWN,0,261187000,0,-100000.0,11.1,15.941312,54.994095,319.8,322.0,0.0,0.0,,1,,,,,,,,,,,,,,,*70

$WIND,,,T,,,R*12

$OWN,0,261187000,0,-100000.0,11.1,15.941252,54.994133,319.7,322.0,0.0,0.0,,1,,,,,,,,,,,,,,,*77

$WIND,,,T,,,R*12

$OWN,0,261187000,0,-100000.0,11.1,15.941194,54.994171,319.6,321.0,0.0,0.0,,1,,,,,,,,,,,,,,,*7A

$WIND,,,T,,,R*12

$OWN,0,261187000,0,-100000.0,11.1,15.941133,54.994209,319.5,321.0,0.0,0.0,,1,,,,,,,,,,,,,,,*78

$WIND,,,T,,,R*12

$OWN,0,261187000,0,-100000.0,11.1,15.941075,54.994247,319.6,320.0,0.0,0.0,,1,,,,,,,,,,,,,,,*73

$WIND,,,T,,,R*12

$OWN,0,261187000,0,-100000.0,11.1,15.941018,54.994289,319.6,320.0,0.0,0.0,,1,,,,,,,,,,,,,,,*7A

$WIND,,,T,,,R*12

$OWN,0,261187000,0,-100000.0,11.1,15.940960,54.994328,319.6,319.0,0.0,0.0,,1,,,,,,,,,,,,,,,*7D

$WIND,,,T,,,R*12

