$OWN,0,311000232,0,18,18,1.5,51,15,15,0.0,0.0,,1,,,,,,,,,,,,,,,*70
$AIS,0,151111111,0,15,15,1.4833,51.0083,11,11,0.0,0.0,,1,,,,,,,,,,,,,,,*70
$AIS,0,251111111,0,15,15,1.55,51.07,231,231,0.0,0.0,,1,,,,,,,,,,,,,,,*70
$AIS,0,351111111,0,21.5,21.5,1.0063,51.0683,273,273,0.0,0.0,,1,,,,,,,,,,,,,,,*70
$AIS,0,451111111,0,25.3,25.3,1.585,51.0267,296,296,0.0,0.0,,1,,,,,,,,,,,,,,,*70
$AIS,0,551111111,0,15,15,1.5717,51.0167,284,284,0.0,0.0,,1,,,,,,,,,,,,,,,*70
$OWN,0,311000232,0,18,18,1.5002,51.0005,15,15,0.0,0.0,,1,,,,,,,,,,,,,,,*70
$AIS,0,151111111,0,15,15,1.4834,51.0087,11,11,0.0,0.0,,1,,,,,,,,,,,,,,,*70
$AIS,0,251111111,0,15,15,1.5495,51.0697,231,231,0.0,0.0,,1,,,,,,,,,,,,,,,*70
$AIS,0,351111111,0,21.5,21.5,1.0112,51.0681,273,273,0.0,0.0,,1,,,,,,,,,,,,,,,*70
$AIS,0,451111111,0,25.3,25.3,1.584,51.027,296,296,0.0,0.0,,1,,,,,,,,,,,,,,,*70
$AIS,0,551111111,0,15,15,1.571,51.0168,284,284,0.0,0.0,,1,,,,,,,,,,,,,,,*70
$OWN,0,311000232,0,18,18,1.5005,51.0009,15,15,0.0,0.0,,1,,,,,,,,,,,,,,,*70
$AIS,0,151111111,0,15,15,1.4836,51.0091,11,11,0.0,0.0,,1,,,,,,,,,,,,,,,*70
$AIS,0,251111111,0,15,15,1.549,51.0694,231,231,0.0,0.0,,1,,,,,,,,,,,,,,,*70
$AIS,0,351111111,0,21.5,21.5,1.0161,51.0679,273,273,0.0,0.0,,1,,,,,,,,,,,,,,,*70
$AIS,0,451111111,0,25.3,25.3,1.583,51.0273,296,296,0.0,0.0,,1,,,,,,,,,,,,,,,*70
$AIS,0,551111111,0,15,15,1.5704,51.0169,284,284,0.0,0.0,,1,,,,,,,,,,,,,,,*70
$OWN,0,311000232,0,18,18,1.5007,51.0014,15,15,0.0,0.0,,1,,,,,,,,,,,,,,,*70
$AIS,0,151111111,0,15,15,1.4837,51.0095,11,11,0.0,0.0,,1,,,,,,,,,,,,,,,*70
$AIS,0,251111111,0,15,15,1.5485,51.0691,231,231,0.0,0.0,,1,,,,,,,,,,,,,,,*70
$AIS,0,351111111,0,21.5,21.5,1.0211,51.0677,273,273,0.0,0.0,,1,,,,,,,,,,,,,,,*70
$AIS,0,451111111,0,25.3,25.3,1.5819,51.0276,296,296,0.0,0.0,,1,,,,,,,,,,,,,,,*70
$AIS,0,551111111,0,15,15,1.5698,51.017,284,284,0.0,0.0,,1,,,,,,,,,,,,,,,*70
$OWN,0,311000232,0,18,18,1.5009,51.0018,15,15,0.0,0.0,,1,,,,,,,,,,,,,,,*70
$AIS,0,151111111,0,15,15,1.4838,51.0099,11,11,0.0,0.0,,1,,,,,,,,,,,,,,,*70
$AIS,0,251111111,0,15,15,1.548,51.0688,231,231,0.0,0.0,,1,,,,,,,,,,,,,,,*70
$AIS,0,351111111,0,21.5,21.5,1.026,51.0675,273,273,0.0,0.0,,1,,,,,,,,,,,,,,,*70
$AIS,0,451111111,0,25.3,25.3,1.5809,51.0279,296,296,0.0,0.0,,1,,,,,,,,,,,,,,,*70
$AIS,0,551111111,0,15,15,1.5691,51.0171,284,284,0.0,0.0,,1,,,,,,,,,,,,,,,*70
$OWN,0,311000232,0,18,18,1.5012,51.0023,15,15,0.0,0.0,,1,,,,,,,,,,,,,,,*70
$AIS,0,151111111,0,15,15,1.4839,51.0103,11,11,0.0,0.0,,1,,,,,,,,,,,,,,,*70
$AIS,0,251111111,0,15,15,1.5475,51.0685,231,231,0.0,0.0,,1,,,,,,,,,,,,,,,*70
$AIS,0,351111111,0,21.5,21.5,1.0309,51.0673,273,273,0.0,0.0,,1,,,,,,,,,,,,,,,*70
$AIS,0,451111111,0,25.3,25.3,1.5799,51.0282,296,296,0.0,0.0,,1,,,,,,,,,,,,,,,*70
$AIS,0,551111111,0,15,15,1.5685,51.0172,284,284,0.0,0.0,,1,,,,,,,,,,,,,,,*70
$OWN,0,311000232,0,18,18,1.5014,51.0027,15,15,0.0,0.0,,1,,,,,,,,,,,,,,,*70
$AIS,0,151111111,0,15,15,1.484,51.0107,11,11,0.0,0.0,,1,,,,,,,,,,,,,,,*70
$AIS,0,251111111,0,15,15,1.547,51.0682,231,231,0.0,0.0,,1,,,,,,,,,,,,,,,*70
$AIS,0,351111111,0,21.5,21.5,1.0359,51.0671,273,273,0.0,0.0,,1,,,,,,,,,,,,,,,*70
$AIS,0,451111111,0,25.3,25.3,1.5789,51.0285,296,296,0.0,0.0,,1,,,,,,,,,,,,,,,*70
$AIS,0,551111111,0,15,15,1.5679,51.0173,284,284,0.0,0.0,,1,,,,,,,,,,,,,,,*70
$OWN,0,311000232,0,18,18,1.5016,51.0031,15,15,0.0,0.0,,1,,,,,,,,,,,,,,,*70
$AIS,0,151111111,0,15,15,1.4841,51.0111,11,11,0.0,0.0,,1,,,,,,,,,,,,,,,*70
$AIS,0,251111111,0,15,15,1.5465,51.0679,231,231,0.0,0.0,,1,,,,,,,,,,,,,,,*70
$AIS,0,351111111,0,21.5,21.5,1.0408,51.0669,273,273,0.0,0.0,,1,,,,,,,,,,,,,,,*70
$AIS,0,451111111,0,25.3,25.3,1.5779,51.0288,296,296,0.0,0.0,,1,,,,,,,,,,,,,,,*70
$AIS,0,551111111,0,15,15,1.5672,51.0174,284,284,0.0,0.0,,1,,,,,,,,,,,,,,,*70
$OWN,0,311000232,0,18,18,1.5019,51.0036,15,15,0.0,0.0,,1,,,,,,,,,,,,,,,*70
$AIS,0,151111111,0,15,15,1.4843,51.0115,11,11,0.0,0.0,,1,,,,,,,,,,,,,,,*70
$AIS,0,251111111,0,15,15,1.546,51.0676,231,231,0.0,0.0,,1,,,,,,,,,,,,,,,*70
$AIS,0,351111111,0,21.5,21.5,1.0458,51.0667,273,273,0.0,0.0,,1,,,,,,,,,,,,,,,*70
$AIS,0,451111111,0,25.3,25.3,1.5769,51.0291,296,296,0.0,0.0,,1,,,,,,,,,,,,,,,*70
$AIS,0,551111111,0,15,15,1.5666,51.0175,284,284,0.0,0.0,,1,,,,,,,,,,,,,,,*70
$OWN,0,311000232,0,18,18,1.5021,51.004,15,15,0.0,0.0,,1,,,,,,,,,,,,,,,*70
$AIS,0,151111111,0,15,15,1.4844,51.0119,11,11,0.0,0.0,,1,,,,,,,,,,,,,,,*70
$AIS,0,251111111,0,15,15,1.5455,51.0673,231,231,0.0,0.0,,1,,,,,,,,,,,,,,,*70
$AIS,0,351111111,0,21.5,21.5,1.0507,51.0665,273,273,0.0,0.0,,1,,,,,,,,,,,,,,,*70
$AIS,0,451111111,0,25.3,25.3,1.5758,51.0294,296,296,0.0,0.0,,1,,,,,,,,,,,,,,,*70
$AIS,0,551111111,0,15,15,1.566,51.0176,284,284,0.0,0.0,,1,,,,,,,,,,,,,,,*70
$OWN,0,311000232,0,18,18,1.5023,51.0045,15,15,0.0,0.0,,1,,,,,,,,,,,,,,,*70
$AIS,0,151111111,0,15,15,1.4845,51.0123,11,11,0.0,0.0,,1,,,,,,,,,,,,,,,*70
$AIS,0,251111111,0,15,15,1.545,51.067,231,231,0.0,0.0,,1,,,,,,,,,,,,,,,*70
$AIS,0,351111111,0,21.5,21.5,1.0556,51.0663,273,273,0.0,0.0,,1,,,,,,,,,,,,,,,*70
$AIS,0,451111111,0,25.3,25.3,1.5748,51.0297,296,296,0.0,0.0,,1,,,,,,,,,,,,,,,*70
$AIS,0,551111111,0,15,15,1.5653,51.0177,284,284,0.0,0.0,,1,,,,,,,,,,,,,,,*70
$OWN,0,311000232,0,18,18,1.5026,51.005,15,15,0.0,0.0,,1,,,,,,,,,,,,,,,*70
$AIS,0,151111111,0,15,15,1.4846,51.0127,11,11,0.0,0.0,,1,,,,,,,,,,,,,,,*70
$AIS,0,251111111,0,15,15,1.5445,51.0667,231,231,0.0,0.0,,1,,,,,,,,,,,,,,,*70
$AIS,0,351111111,0,21.5,21.5,1.0606,51.0661,273,273,0.0,0.0,,1,,,,,,,,,,,,,,,*70
$AIS,0,451111111,0,25.3,25.3,1.5738,51.03,296,296,0.0,0.0,,1,,,,,,,,,,,,,,,*70
$AIS,0,551111111,0,15,15,1.5647,51.0178,284,284,0.0,0.0,,1,,,,,,,,,,,,,,,*70
$OWN,0,311000232,0,18,18,1.5028,51.0054,15,15,0.0,0.0,,1,,,,,,,,,,,,,,,*70
$AIS,0,151111111,0,15,15,1.4847,51.0131,11,11,0.0,0.0,,1,,,,,,,,,,,,,,,*70
$AIS,0,251111111,0,15,15,1.544,51.0664,231,231,0.0,0.0,,1,,,,,,,,,,,,,,,*70
$AIS,0,351111111,0,21.5,21.5,1.0655,51.0659,273,273,0.0,0.0,,1,,,,,,,,,,,,,,,*70
$AIS,0,451111111,0,25.3,25.3,1.5728,51.0303,296,296,0.0,0.0,,1,,,,,,,,,,,,,,,*70
$AIS,0,551111111,0,15,15,1.5641,51.0179,284,284,0.0,0.0,,1,,,,,,,,,,,,,,,*70
$OWN,0,311000232,0,18,18,1.503,51.0059,15,15,0.0,0.0,,1,,,,,,,,,,,,,,,*70
$AIS,0,151111111,0,15,15,1.4848,51.0135,11,11,0.0,0.0,,1,,,,,,,,,,,,,,,*70
$AIS,0,251111111,0,15,15,1.5435,51.0661,231,231,0.0,0.0,,1,,,,,,,,,,,,,,,*70
$AIS,0,351111111,0,21.5,21.5,1.0704,51.0657,273,273,0.0,0.0,,1,,,,,,,,,,,,,,,*70
$AIS,0,451111111,0,25.3,25.3,1.5718,51.0306,296,296,0.0,0.0,,1,,,,,,,,,,,,,,,*70
$AIS,0,551111111,0,15,15,1.5634,51.018,284,284,0.0,0.0,,1,,,,,,,,,,,,,,,*70
$OWN,0,311000232,0,18,18,1.5033,51.0063,15,15,0.0,0.0,,1,,,,,,,,,,,,,,,*70
$AIS,0,151111111,0,15,15,1.485,51.0139,11,11,0.0,0.0,,1,,,,,,,,,,,,,,,*70
$AIS,0,251111111,0,15,15,1.543,51.0658,231,231,0.0,0.0,,1,,,,,,,,,,,,,,,*70
$AIS,0,351111111,0,21.5,21.5,1.0754,51.0655,273,273,0.0,0.0,,1,,,,,,,,,,,,,,,*70
$AIS,0,451111111,0,25.3,25.3,1.5708,51.0309,296,296,0.0,0.0,,1,,,,,,,,,,,,,,,*70
$AIS,0,551111111,0,15,15,1.5628,51.0181,284,284,0.0,0.0,,1,,,,,,,,,,,,,,,*70
$OWN,0,311000232,0,18,18,1.5035,51.0067,15,15,0.0,0.0,,1,,,,,,,,,,,,,,,*70
$AIS,0,151111111,0,15,15,1.4851,51.0143,11,11,0.0,0.0,,1,,,,,,,,,,,,,,,*70
$AIS,0,251111111,0,15,15,1.5425,51.0655,231,231,0.0,0.0,,1,,,,,,,,,,,,,,,*70
$AIS,0,351111111,0,21.5,21.5,1.0803,51.0653,273,273,0.0,0.0,,1,,,,,,,,,,,,,,,*70
$AIS,0,451111111,0,25.3,25.3,1.5697,51.0312,296,296,0.0,0.0,,1,,,,,,,,,,,,,,,*70
$AIS,0,551111111,0,15,15,1.5622,51.0182,284,284,0.0,0.0,,1,,,,,,,,,,,,,,,*70
$OWN,0,311000232,0,18,18,1.5037,51.0072,15,15,0.0,0.0,,1,,,,,,,,,,,,,,,*70
$AIS,0,151111111,0,15,15,1.4852,51.0147,11,11,0.0,0.0,,1,,,,,,,,,,,,,,,*70
$AIS,0,251111111,0,15,15,1.542,51.0652,231,231,0.0,0.0,,1,,,,,,,,,,,,,,,*70
$AIS,0,351111111,0,21.5,21.5,1.0853,51.0651,273,273,0.0,0.0,,1,,,,,,,,,,,,,,,*70
$AIS,0,451111111,0,25.3,25.3,1.5687,51.0315,296,296,0.0,0.0,,1,,,,,,,,,,,,,,,*70
$AIS,0,551111111,0,15,15,1.5615,51.0183,284,284,0.0,0.0,,1,,,,,,,,,,,,,,,*70
$OWN,0,311000232,0,18,18,1.504,51.0076,15,15,0.0,0.0,,1,,,,,,,,,,,,,,,*70
$AIS,0,151111111,0,15,15,1.4853,51.0151,11,11,0.0,0.0,,1,,,,,,,,,,,,,,,*70
$AIS,0,251111111,0,15,15,1.5415,51.0649,231,231,0.0,0.0,,1,,,,,,,,,,,,,,,*70
$AIS,0,351111111,0,21.5,21.5,1.0902,51.0649,273,273,0.0,0.0,,1,,,,,,,,,,,,,,,*70
$AIS,0,451111111,0,25.3,25.3,1.5677,51.0318,296,296,0.0,0.0,,1,,,,,,,,,,,,,,,*70
$AIS,0,551111111,0,15,15,1.5609,51.0184,284,284,0.0,0.0,,1,,,,,,,,,,,,,,,*70
$OWN,0,311000232,0,18,18,1.5042,51.0081,15,15,0.0,0.0,,1,,,,,,,,,,,,,,,*70
$AIS,0,151111111,0,15,15,1.4854,51.0155,11,11,0.0,0.0,,1,,,,,,,,,,,,,,,*70
$AIS,0,251111111,0,15,15,1.541,51.0646,231,231,0.0,0.0,,1,,,,,,,,,,,,,,,*70
$AIS,0,351111111,0,21.5,21.5,1.0951,51.0647,273,273,0.0,0.0,,1,,,,,,,,,,,,,,,*70
$AIS,0,451111111,0,25.3,25.3,1.5667,51.0321,296,296,0.0,0.0,,1,,,,,,,,,,,,,,,*70
$AIS,0,551111111,0,15,15,1.5603,51.0185,284,284,0.0,0.0,,1,,,,,,,,,,,,,,,*70
$OWN,0,311000232,0,18,18,1.5044,51.0085,15,15,0.0,0.0,,1,,,,,,,,,,,,,,,*70
$AIS,0,151111111,0,15,15,1.4855,51.0159,11,11,0.0,0.0,,1,,,,,,,,,,,,,,,*70
$AIS,0,251111111,0,15,15,1.5405,51.0643,231,231,0.0,0.0,,1,,,,,,,,,,,,,,,*70
$AIS,0,351111111,0,21.5,21.5,1.1001,51.0645,273,273,0.0,0.0,,1,,,,,,,,,,,,,,,*70
$AIS,0,451111111,0,25.3,25.3,1.5657,51.0324,296,296,0.0,0.0,,1,,,,,,,,,,,,,,,*70
$AIS,0,551111111,0,15,15,1.5596,51.0186,284,284,0.0,0.0,,1,,,,,,,,,,,,,,,*70
$OWN,0,311000232,0,18,18,1.5047,51.009,15,15,0.0,0.0,,1,,,,,,,,,,,,,,,*70
$AIS,0,151111111,0,15,15,1.4857,51.0163,11,11,0.0,0.0,,1,,,,,,,,,,,,,,,*70
$AIS,0,251111111,0,15,15,1.54,51.064,231,231,0.0,0.0,,1,,,,,,,,,,,,,,,*70
$AIS,0,351111111,0,21.5,21.5,1.105,51.0643,273,273,0.0,0.0,,1,,,,,,,,,,,,,,,*70
$AIS,0,451111111,0,25.3,25.3,1.5647,51.0327,296,296,0.0,0.0,,1,,,,,,,,,,,,,,,*70
$AIS,0,551111111,0,15,15,1.559,51.0187,284,284,0.0,0.0,,1,,,,,,,,,,,,,,,*70
$OWN,0,311000232,0,18,18,1.5049,51.0095,15,15,0.0,0.0,,1,,,,,,,,,,,,,,,*70
$AIS,0,151111111,0,15,15,1.4858,51.0167,11,11,0.0,0.0,,1,,,,,,,,,,,,,,,*70
$AIS,0,251111111,0,15,15,1.5395,51.0637,231,231,0.0,0.0,,1,,,,,,,,,,,,,,,*70
$AIS,0,351111111,0,21.5,21.5,1.1099,51.0641,273,273,0.0,0.0,,1,,,,,,,,,,,,,,,*70
$AIS,0,451111111,0,25.3,25.3,1.5636,51.033,296,296,0.0,0.0,,1,,,,,,,,,,,,,,,*70
$AIS,0,551111111,0,15,15,1.5584,51.0188,284,284,0.0,0.0,,1,,,,,,,,,,,,,,,*70
$OWN,0,311000232,0,18,18,1.5051,51.0099,15,15,0.0,0.0,,1,,,,,,,,,,,,,,,*70
$AIS,0,151111111,0,15,15,1.4859,51.0171,11,11,0.0,0.0,,1,,,,,,,,,,,,,,,*70
$AIS,0,251111111,0,15,15,1.539,51.0634,231,231,0.0,0.0,,1,,,,,,,,,,,,,,,*70
$AIS,0,351111111,0,21.5,21.5,1.1149,51.0639,273,273,0.0,0.0,,1,,,,,,,,,,,,,,,*70
$AIS,0,451111111,0,25.3,25.3,1.5626,51.0333,296,296,0.0,0.0,,1,,,,,,,,,,,,,,,*70
$AIS,0,551111111,0,15,15,1.5577,51.0189,284,284,0.0,0.0,,1,,,,,,,,,,,,,,,*70
$OWN,0,311000232,0,18,18,1.5054,51.0104,15,15,0.0,0.0,,1,,,,,,,,,,,,,,,*70
$AIS,0,151111111,0,15,15,1.486,51.0175,11,11,0.0,0.0,,1,,,,,,,,,,,,,,,*70
$AIS,0,251111111,0,15,15,1.5385,51.0631,231,231,0.0,0.0,,1,,,,,,,,,,,,,,,*70
$AIS,0,351111111,0,21.5,21.5,1.1198,51.0637,273,273,0.0,0.0,,1,,,,,,,,,,,,,,,*70
$AIS,0,451111111,0,25.3,25.3,1.5616,51.0336,296,296,0.0,0.0,,1,,,,,,,,,,,,,,,*70
$AIS,0,551111111,0,15,15,1.5571,51.019,284,284,0.0,0.0,,1,,,,,,,,,,,,,,,*70
$OWN,0,311000232,0,18,18,1.5056,51.0108,15,15,0.0,0.0,,1,,,,,,,,,,,,,,,*70
$AIS,0,151111111,0,15,15,1.4861,51.0179,11,11,0.0,0.0,,1,,,,,,,,,,,,,,,*70
$AIS,0,251111111,0,15,15,1.538,51.0628,231,231,0.0,0.0,,1,,,,,,,,,,,,,,,*70
$AIS,0,351111111,0,21.5,21.5,1.1248,51.0635,273,273,0.0,0.0,,1,,,,,,,,,,,,,,,*70
$AIS,0,451111111,0,25.3,25.3,1.5606,51.0339,296,296,0.0,0.0,,1,,,,,,,,,,,,,,,*70
$AIS,0,551111111,0,15,15,1.5565,51.0191,284,284,0.0,0.0,,1,,,,,,,,,,,,,,,*70
$OWN,0,311000232,0,18,18,1.5058,51.0113,15,15,0.0,0.0,,1,,,,,,,,,,,,,,,*70
$AIS,0,151111111,0,15,15,1.4862,51.0183,11,11,0.0,0.0,,1,,,,,,,,,,,,,,,*70
$AIS,0,251111111,0,15,15,1.5375,51.0625,231,231,0.0,0.0,,1,,,,,,,,,,,,,,,*70
$AIS,0,351111111,0,21.5,21.5,1.1297,51.0633,273,273,0.0,0.0,,1,,,,,,,,,,,,,,,*70
$AIS,0,451111111,0,25.3,25.3,1.5596,51.0342,296,296,0.0,0.0,,1,,,,,,,,,,,,,,,*70
$AIS,0,551111111,0,15,15,1.5558,51.0192,284,284,0.0,0.0,,1,,,,,,,,,,,,,,,*70
$OWN,0,311000232,0,18,18,1.5061,51.0117,15,15,0.0,0.0,,1,,,,,,,,,,,,,,,*70
$AIS,0,151111111,0,15,15,1.4864,51.0187,11,11,0.0,0.0,,1,,,,,,,,,,,,,,,*70
$AIS,0,251111111,0,15,15,1.537,51.0622,231,231,0.0,0.0,,1,,,,,,,,,,,,,,,*70
$AIS,0,351111111,0,21.5,21.5,1.1346,51.0631,273,273,0.0,0.0,,1,,,,,,,,,,,,,,,*70
$AIS,0,451111111,0,25.3,25.3,1.5586,51.0345,296,296,0.0,0.0,,1,,,,,,,,,,,,,,,*70
$AIS,0,551111111,0,15,15,1.5552,51.0193,284,284,0.0,0.0,,1,,,,,,,,,,,,,,,*70
$OWN,0,311000232,0,18,18,1.5063,51.0121,15,15,0.0,0.0,,1,,,,,,,,,,,,,,,*70
$AIS,0,151111111,0,15,15,1.4865,51.0191,11,11,0.0,0.0,,1,,,,,,,,,,,,,,,*70
$AIS,0,251111111,0,15,15,1.5365,51.0619,231,231,0.0,0.0,,1,,,,,,,,,,,,,,,*70
$AIS,0,351111111,0,21.5,21.5,1.1396,51.0629,273,273,0.0,0.0,,1,,,,,,,,,,,,,,,*70
$AIS,0,451111111,0,25.3,25.3,1.5575,51.0348,296,296,0.0,0.0,,1,,,,,,,,,,,,,,,*70
$AIS,0,551111111,0,15,15,1.5546,51.0194,284,284,0.0,0.0,,1,,,,,,,,,,,,,,,*70
$OWN,0,311000232,0,18,18,1.5065,51.0126,15,15,0.0,0.0,,1,,,,,,,,,,,,,,,*70
$AIS,0,151111111,0,15,15,1.4866,51.0195,11,11,0.0,0.0,,1,,,,,,,,,,,,,,,*70
$AIS,0,251111111,0,15,15,1.536,51.0616,231,231,0.0,0.0,,1,,,,,,,,,,,,,,,*70
$AIS,0,351111111,0,21.5,21.5,1.1445,51.0627,273,273,0.0,0.0,,1,,,,,,,,,,,,,,,*70
$AIS,0,451111111,0,25.3,25.3,1.5565,51.0351,296,296,0.0,0.0,,1,,,,,,,,,,,,,,,*70
$AIS,0,551111111,0,15,15,1.5539,51.0195,284,284,0.0,0.0,,1,,,,,,,,,,,,,,,*70
$OWN,0,311000232,0,18,18,1.5068,51.013,15,15,0.0,0.0,,1,,,,,,,,,,,,,,,*70
$AIS,0,151111111,0,15,15,1.4867,51.0199,11,11,0.0,0.0,,1,,,,,,,,,,,,,,,*70
$AIS,0,251111111,0,15,15,1.5355,51.0613,231,231,0.0,0.0,,1,,,,,,,,,,,,,,,*70
$AIS,0,351111111,0,21.5,21.5,1.1494,51.0625,273,273,0.0,0.0,,1,,,,,,,,,,,,,,,*70
$AIS,0,451111111,0,25.3,25.3,1.5555,51.0354,296,296,0.0,0.0,,1,,,,,,,,,,,,,,,*70
$AIS,0,551111111,0,15,15,1.5533,51.0196,284,284,0.0,0.0,,1,,,,,,,,,,,,,,,*70
$OWN,0,311000232,0,18,18,1.507,51.0135,15,15,0.0,0.0,,1,,,,,,,,,,,,,,,*70
$AIS,0,151111111,0,15,15,1.4868,51.0203,11,11,0.0,0.0,,1,,,,,,,,,,,,,,,*70
$AIS,0,251111111,0,15,15,1.535,51.061,231,231,0.0,0.0,,1,,,,,,,,,,,,,,,*70
$AIS,0,351111111,0,21.5,21.5,1.1544,51.0623,273,273,0.0,0.0,,1,,,,,,,,,,,,,,,*70
$AIS,0,451111111,0,25.3,25.3,1.5545,51.0357,296,296,0.0,0.0,,1,,,,,,,,,,,,,,,*70
$AIS,0,551111111,0,15,15,1.5527,51.0197,284,284,0.0,0.0,,1,,,,,,,,,,,,,,,*70
$OWN,0,311000232,0,18,18,1.5072,51.014,15,15,0.0,0.0,,1,,,,,,,,,,,,,,,*70
$AIS,0,151111111,0,15,15,1.4869,51.0207,11,11,0.0,0.0,,1,,,,,,,,,,,,,,,*70
$AIS,0,251111111,0,15,15,1.5345,51.0607,231,231,0.0,0.0,,1,,,,,,,,,,,,,,,*70
$AIS,0,351111111,0,21.5,21.5,1.1593,51.0621,273,273,0.0,0.0,,1,,,,,,,,,,,,,,,*70
$AIS,0,451111111,0,25.3,25.3,1.5535,51.036,296,296,0.0,0.0,,1,,,,,,,,,,,,,,,*70
$AIS,0,551111111,0,15,15,1.552,51.0198,284,284,0.0,0.0,,1,,,,,,,,,,,,,,,*70
$OWN,0,311000232,0,18,18,1.5075,51.0144,15,15,0.0,0.0,,1,,,,,,,,,,,,,,,*70
$AIS,0,151111111,0,15,15,1.4871,51.0211,11,11,0.0,0.0,,1,,,,,,,,,,,,,,,*70
$AIS,0,251111111,0,15,15,1.534,51.0604,231,231,0.0,0.0,,1,,,,,,,,,,,,,,,*70
$AIS,0,351111111,0,21.5,21.5,1.1643,51.0619,273,273,0.0,0.0,,1,,,,,,,,,,,,,,,*70
$AIS,0,451111111,0,25.3,25.3,1.5525,51.0363,296,296,0.0,0.0,,1,,,,,,,,,,,,,,,*70
$AIS,0,551111111,0,15,15,1.5514,51.0199,284,284,0.0,0.0,,1,,,,,,,,,,,,,,,*70
$OWN,0,311000232,0,18,18,1.5077,51.0149,15,15,0.0,0.0,,1,,,,,,,,,,,,,,,*70
$AIS,0,151111111,0,15,15,1.4872,51.0215,11,11,0.0,0.0,,1,,,,,,,,,,,,,,,*70
$AIS,0,251111111,0,15,15,1.5335,51.0601,231,231,0.0,0.0,,1,,,,,,,,,,,,,,,*70
$AIS,0,351111111,0,21.5,21.5,1.1692,51.0617,273,273,0.0,0.0,,1,,,,,,,,,,,,,,,*70
$AIS,0,451111111,0,25.3,25.3,1.5514,51.0366,296,296,0.0,0.0,,1,,,,,,,,,,,,,,,*70
$AIS,0,551111111,0,15,15,1.5508,51.02,284,284,0.0,0.0,,1,,,,,,,,,,,,,,,*70
$OWN,0,311000232,0,18,18,1.5079,51.0153,15,15,0.0,0.0,,1,,,,,,,,,,,,,,,*70
$AIS,0,151111111,0,15,15,1.4873,51.0219,11,11,0.0,0.0,,1,,,,,,,,,,,,,,,*70
$AIS,0,251111111,0,15,15,1.533,51.0598,231,231,0.0,0.0,,1,,,,,,,,,,,,,,,*70
$AIS,0,351111111,0,21.5,21.5,1.1741,51.0615,273,273,0.0,0.0,,1,,,,,,,,,,,,,,,*70
$AIS,0,451111111,0,25.3,25.3,1.5504,51.0369,296,296,0.0,0.0,,1,,,,,,,,,,,,,,,*70
$AIS,0,551111111,0,15,15,1.5501,51.0201,284,284,0.0,0.0,,1,,,,,,,,,,,,,,,*70
$OWN,0,311000232,0,18,18,1.5082,51.0157,15,15,0.0,0.0,,1,,,,,,,,,,,,,,,*70
$AIS,0,151111111,0,15,15,1.4874,51.0223,11,11,0.0,0.0,,1,,,,,,,,,,,,,,,*70
$AIS,0,251111111,0,15,15,1.5325,51.0595,231,231,0.0,0.0,,1,,,,,,,,,,,,,,,*70
$AIS,0,351111111,0,21.5,21.5,1.1791,51.0613,273,273,0.0,0.0,,1,,,,,,,,,,,,,,,*70
$AIS,0,451111111,0,25.3,25.3,1.5494,51.0372,296,296,0.0,0.0,,1,,,,,,,,,,,,,,,*70
$AIS,0,551111111,0,15,15,1.5495,51.0202,284,284,0.0,0.0,,1,,,,,,,,,,,,,,,*70
$OWN,0,311000232,0,18,18,1.5084,51.0162,15,15,0.0,0.0,,1,,,,,,,,,,,,,,,*70
$AIS,0,151111111,0,15,15,1.4875,51.0227,11,11,0.0,0.0,,1,,,,,,,,,,,,,,,*70
$AIS,0,251111111,0,15,15,1.532,51.0592,231,231,0.0,0.0,,1,,,,,,,,,,,,,,,*70
$AIS,0,351111111,0,21.5,21.5,1.184,51.0611,273,273,0.0,0.0,,1,,,,,,,,,,,,,,,*70
$AIS,0,451111111,0,25.3,25.3,1.5484,51.0375,296,296,0.0,0.0,,1,,,,,,,,,,,,,,,*70
$AIS,0,551111111,0,15,15,1.5489,51.0203,284,284,0.0,0.0,,1,,,,,,,,,,,,,,,*70
$OWN,0,311000232,0,18,18,1.5086,51.0166,15,15,0.0,0.0,,1,,,,,,,,,,,,,,,*70
$AIS,0,151111111,0,15,15,1.4876,51.0231,11,11,0.0,0.0,,1,,,,,,,,,,,,,,,*70
$AIS,0,251111111,0,15,15,1.5315,51.0589,231,231,0.0,0.0,,1,,,,,,,,,,,,,,,*70
$AIS,0,351111111,0,21.5,21.5,1.1889,51.0609,273,273,0.0,0.0,,1,,,,,,,,,,,,,,,*70
$AIS,0,451111111,0,25.3,25.3,1.5474,51.0378,296,296,0.0,0.0,,1,,,,,,,,,,,,,,,*70
$AIS,0,551111111,0,15,15,1.5482,51.0204,284,284,0.0,0.0,,1,,,,,,,,,,,,,,,*70
$OWN,0,311000232,0,18,18,1.5089,51.0171,15,15,0.0,0.0,,1,,,,,,,,,,,,,,,*70
$AIS,0,151111111,0,15,15,1.4878,51.0235,11,11,0.0,0.0,,1,,,,,,,,,,,,,,,*70
$AIS,0,251111111,0,15,15,1.531,51.0586,231,231,0.0,0.0,,1,,,,,,,,,,,,,,,*70
$AIS,0,351111111,0,21.5,21.5,1.1939,51.0607,273,273,0.0,0.0,,1,,,,,,,,,,,,,,,*70
$AIS,0,451111111,0,25.3,25.3,1.5464,51.0381,296,296,0.0,0.0,,1,,,,,,,,,,,,,,,*70
$AIS,0,551111111,0,15,15,1.5476,51.0205,284,284,0.0,0.0,,1,,,,,,,,,,,,,,,*70
$OWN,0,311000232,0,18,18,1.5091,51.0175,15,15,0.0,0.0,,1,,,,,,,,,,,,,,,*70
$AIS,0,151111111,0,15,15,1.4879,51.0239,11,11,0.0,0.0,,1,,,,,,,,,,,,,,,*70
$AIS,0,251111111,0,15,15,1.5305,51.0583,231,231,0.0,0.0,,1,,,,,,,,,,,,,,,*70
$AIS,0,351111111,0,21.5,21.5,1.1988,51.0605,273,273,0.0,0.0,,1,,,,,,,,,,,,,,,*70
$AIS,0,451111111,0,25.3,25.3,1.5453,51.0384,296,296,0.0,0.0,,1,,,,,,,,,,,,,,,*70
$AIS,0,551111111,0,15,15,1.547,51.0206,284,284,0.0,0.0,,1,,,,,,,,,,,,,,,*70
$OWN,0,311000232,0,18,18,1.5093,51.018,15,15,0.0,0.0,,1,,,,,,,,,,,,,,,*70
$AIS,0,151111111,0,15,15,1.488,51.0243,11,11,0.0,0.0,,1,,,,,,,,,,,,,,,*70
$AIS,0,251111111,0,15,15,1.53,51.058,231,231,0.0,0.0,,1,,,,,,,,,,,,,,,*70
$AIS,0,351111111,0,21.5,21.5,1.2038,51.0603,273,273,0.0,0.0,,1,,,,,,,,,,,,,,,*70
$AIS,0,451111111,0,25.3,25.3,1.5443,51.0387,296,296,0.0,0.0,,1,,,,,,,,,,,,,,,*70
$AIS,0,551111111,0,15,15,1.5463,51.0207,284,284,0.0,0.0,,1,,,,,,,,,,,,,,,*70
$OWN,0,311000232,0,18,18,1.5096,51.0185,15,15,0.0,0.0,,1,,,,,,,,,,,,,,,*70
$AIS,0,151111111,0,15,15,1.4881,51.0247,11,11,0.0,0.0,,1,,,,,,,,,,,,,,,*70
$AIS,0,251111111,0,15,15,1.5295,51.0577,231,231,0.0,0.0,,1,,,,,,,,,,,,,,,*70
$AIS,0,351111111,0,21.5,21.5,1.2087,51.0601,273,273,0.0,0.0,,1,,,,,,,,,,,,,,,*70
$AIS,0,451111111,0,25.3,25.3,1.5433,51.039,296,296,0.0,0.0,,1,,,,,,,,,,,,,,,*70
$AIS,0,551111111,0,15,15,1.5457,51.0208,284,284,0.0,0.0,,1,,,,,,,,,,,,,,,*70
$OWN,0,311000232,0,18,18,1.5098,51.0189,15,15,0.0,0.0,,1,,,,,,,,,,,,,,,*70
$AIS,0,151111111,0,15,15,1.4882,51.0251,11,11,0.0,0.0,,1,,,,,,,,,,,,,,,*70
$AIS,0,251111111,0,15,15,1.529,51.0574,231,231,0.0,0.0,,1,,,,,,,,,,,,,,,*70
$AIS,0,351111111,0,21.5,21.5,1.2136,51.0599,273,273,0.0,0.0,,1,,,,,,,,,,,,,,,*70
$AIS,0,451111111,0,25.3,25.3,1.5423,51.0393,296,296,0.0,0.0,,1,,,,,,,,,,,,,,,*70
$AIS,0,551111111,0,15,15,1.5451,51.0209,284,284,0.0,0.0,,1,,,,,,,,,,,,,,,*70
$OWN,0,311000232,0,18,18,1.51,51.0194,15,15,0.0,0.0,,1,,,,,,,,,,,,,,,*70
$AIS,0,151111111,0,15,15,1.4883,51.0255,11,11,0.0,0.0,,1,,,,,,,,,,,,,,,*70
$AIS,0,251111111,0,15,15,1.5285,51.0571,231,231,0.0,0.0,,1,,,,,,,,,,,,,,,*70
$AIS,0,351111111,0,21.5,21.5,1.2186,51.0597,273,273,0.0,0.0,,1,,,,,,,,,,,,,,,*70
$AIS,0,451111111,0,25.3,25.3,1.5413,51.0396,296,296,0.0,0.0,,1,,,,,,,,,,,,,,,*70
$AIS,0,551111111,0,15,15,1.5444,51.021,284,284,0.0,0.0,,1,,,,,,,,,,,,,,,*70
$OWN,0,311000232,0,18,18,1.5103,51.0198,15,15,0.0,0.0,,1,,,,,,,,,,,,,,,*70
$AIS,0,151111111,0,15,15,1.4885,51.0259,11,11,0.0,0.0,,1,,,,,,,,,,,,,,,*70
$AIS,0,251111111,0,15,15,1.528,51.0568,231,231,0.0,0.0,,1,,,,,,,,,,,,,,,*70
$AIS,0,351111111,0,21.5,21.5,1.2235,51.0595,273,273,0.0,0.0,,1,,,,,,,,,,,,,,,*70
$AIS,0,451111111,0,25.3,25.3,1.5403,51.0399,296,296,0.0,0.0,,1,,,,,,,,,,,,,,,*70
$AIS,0,551111111,0,15,15,1.5438,51.0211,284,284,0.0,0.0,,1,,,,,,,,,,,,,,,*70
$OWN,0,311000232,0,18,18,1.5105,51.0203,15,15,0.0,0.0,,1,,,,,,,,,,,,,,,*70
$AIS,0,151111111,0,15,15,1.4886,51.0263,11,11,0.0,0.0,,1,,,,,,,,,,,,,,,*70
$AIS,0,251111111,0,15,15,1.5275,51.0565,231,231,0.0,0.0,,1,,,,,,,,,,,,,,,*70
$AIS,0,351111111,0,21.5,21.5,1.2284,51.0593,273,273,0.0,0.0,,1,,,,,,,,,,,,,,,*70
$AIS,0,451111111,0,25.3,25.3,1.5392,51.0402,296,296,0.0,0.0,,1,,,,,,,,,,,,,,,*70
$AIS,0,551111111,0,15,15,1.5432,51.0212,284,284,0.0,0.0,,1,,,,,,,,,,,,,,,*70
$OWN,0,311000232,0,18,18,1.5107,51.0207,15,15,0.0,0.0,,1,,,,,,,,,,,,,,,*70
$AIS,0,151111111,0,15,15,1.4887,51.0267,11,11,0.0,0.0,,1,,,,,,,,,,,,,,,*70
$AIS,0,251111111,0,15,15,1.527,51.0562,231,231,0.0,0.0,,1,,,,,,,,,,,,,,,*70
$AIS,0,351111111,0,21.5,21.5,1.2334,51.0591,273,273,0.0,0.0,,1,,,,,,,,,,,,,,,*70
$AIS,0,451111111,0,25.3,25.3,1.5382,51.0405,296,296,0.0,0.0,,1,,,,,,,,,,,,,,,*70
$AIS,0,551111111,0,15,15,1.5425,51.0213,284,284,0.0,0.0,,1,,,,,,,,,,,,,,,*70
$OWN,0,311000232,0,18,18,1.511,51.0211,15,15,0.0,0.0,,1,,,,,,,,,,,,,,,*70
$AIS,0,151111111,0,15,15,1.4888,51.0271,11,11,0.0,0.0,,1,,,,,,,,,,,,,,,*70
$AIS,0,251111111,0,15,15,1.5265,51.0559,231,231,0.0,0.0,,1,,,,,,,,,,,,,,,*70
$AIS,0,351111111,0,21.5,21.5,1.2383,51.0589,273,273,0.0,0.0,,1,,,,,,,,,,,,,,,*70
$AIS,0,451111111,0,25.3,25.3,1.5372,51.0408,296,296,0.0,0.0,,1,,,,,,,,,,,,,,,*70
$AIS,0,551111111,0,15,15,1.5419,51.0214,284,284,0.0,0.0,,1,,,,,,,,,,,,,,,*70
$OWN,0,311000232,0,18,18,1.5112,51.0216,15,15,0.0,0.0,,1,,,,,,,,,,,,,,,*70
$AIS,0,151111111,0,15,15,1.4889,51.0275,11,11,0.0,0.0,,1,,,,,,,,,,,,,,,*70
$AIS,0,251111111,0,15,15,1.526,51.0556,231,231,0.0,0.0,,1,,,,,,,,,,,,,,,*70
$AIS,0,351111111,0,21.5,21.5,1.2432,51.0587,273,273,0.0,0.0,,1,,,,,,,,,,,,,,,*70
$AIS,0,451111111,0,25.3,25.3,1.5362,51.0411,296,296,0.0,0.0,,1,,,,,,,,,,,,,,,*70
$AIS,0,551111111,0,15,15,1.5413,51.0215,284,284,0.0,0.0,,1,,,,,,,,,,,,,,,*70
$OWN,0,311000232,0,18,18,1.5114,51.0221,15,15,0.0,0.0,,1,,,,,,,,,,,,,,,*70
$AIS,0,151111111,0,15,15,1.489,51.0279,11,11,0.0,0.0,,1,,,,,,,,,,,,,,,*70
$AIS,0,251111111,0,15,15,1.5255,51.0553,231,231,0.0,0.0,,1,,,,,,,,,,,,,,,*70
$AIS,0,351111111,0,21.5,21.5,1.2482,51.0585,273,273,0.0,0.0,,1,,,,,,,,,,,,,,,*70
$AIS,0,451111111,0,25.3,25.3,1.5352,51.0414,296,296,0.0,0.0,,1,,,,,,,,,,,,,,,*70
$AIS,0,551111111,0,15,15,1.5406,51.0216,284,284,0.0,0.0,,1,,,,,,,,,,,,,,,*70
$OWN,0,311000232,0,18,18,1.5117,51.0225,15,15,0.0,0.0,,1,,,,,,,,,,,,,,,*70
$AIS,0,151111111,0,15,15,1.4892,51.0283,11,11,0.0,0.0,,1,,,,,,,,,,,,,,,*70
$AIS,0,251111111,0,15,15,1.525,51.055,231,231,0.0,0.0,,1,,,,,,,,,,,,,,,*70
$AIS,0,351111111,0,21.5,21.5,1.2531,51.0583,273,273,0.0,0.0,,1,,,,,,,,,,,,,,,*70
$AIS,0,451111111,0,25.3,25.3,1.5342,51.0417,296,296,0.0,0.0,,1,,,,,,,,,,,,,,,*70
$AIS,0,551111111,0,15,15,1.54,51.0217,284,284,0.0,0.0,,1,,,,,,,,,,,,,,,*70
$OWN,0,311000232,0,18,18,1.5119,51.023,15,15,0.0,0.0,,1,,,,,,,,,,,,,,,*70
$AIS,0,151111111,0,15,15,1.4893,51.0287,11,11,0.0,0.0,,1,,,,,,,,,,,,,,,*70
$AIS,0,251111111,0,15,15,1.5245,51.0547,231,231,0.0,0.0,,1,,,,,,,,,,,,,,,*70
$AIS,0,351111111,0,21.5,21.5,1.2581,51.0581,273,273,0.0,0.0,,1,,,,,,,,,,,,,,,*70
$AIS,0,451111111,0,25.3,25.3,1.5331,51.042,296,296,0.0,0.0,,1,,,,,,,,,,,,,,,*70
$AIS,0,551111111,0,15,15,1.5394,51.0218,284,284,0.0,0.0,,1,,,,,,,,,,,,,,,*70
$OWN,0,311000232,0,18,18,1.5121,51.0234,15,15,0.0,0.0,,1,,,,,,,,,,,,,,,*70
$AIS,0,151111111,0,15,15,1.4894,51.0291,11,11,0.0,0.0,,1,,,,,,,,,,,,,,,*70
$AIS,0,251111111,0,15,15,1.524,51.0544,231,231,0.0,0.0,,1,,,,,,,,,,,,,,,*70
$AIS,0,351111111,0,21.5,21.5,1.263,51.0579,273,273,0.0,0.0,,1,,,,,,,,,,,,,,,*70
$AIS,0,451111111,0,25.3,25.3,1.5321,51.0423,296,296,0.0,0.0,,1,,,,,,,,,,,,,,,*70
$AIS,0,551111111,0,15,15,1.5387,51.0219,284,284,0.0,0.0,,1,,,,,,,,,,,,,,,*70
$OWN,0,311000232,0,18,18,1.5124,51.0239,15,15,0.0,0.0,,1,,,,,,,,,,,,,,,*70
$AIS,0,151111111,0,15,15,1.4895,51.0295,11,11,0.0,0.0,,1,,,,,,,,,,,,,,,*70
$AIS,0,251111111,0,15,15,1.5235,51.0541,231,231,0.0,0.0,,1,,,,,,,,,,,,,,,*70
$AIS,0,351111111,0,21.5,21.5,1.2679,51.0577,273,273,0.0,0.0,,1,,,,,,,,,,,,,,,*70
$AIS,0,451111111,0,25.3,25.3,1.5311,51.0426,296,296,0.0,0.0,,1,,,,,,,,,,,,,,,*70
$AIS,0,551111111,0,15,15,1.5381,51.022,284,284,0.0,0.0,,1,,,,,,,,,,,,,,,*70
$OWN,0,311000232,0,18,18,1.5126,51.0243,15,15,0.0,0.0,,1,,,,,,,,,,,,,,,*70
$AIS,0,151111111,0,15,15,1.4896,51.0299,11,11,0.0,0.0,,1,,,,,,,,,,,,,,,*70
$AIS,0,251111111,0,15,15,1.523,51.0538,231,231,0.0,0.0,,1,,,,,,,,,,,,,,,*70
$AIS,0,351111111,0,21.5,21.5,1.2729,51.0575,273,273,0.0,0.0,,1,,,,,,,,,,,,,,,*70
$AIS,0,451111111,0,25.3,25.3,1.5301,51.0429,296,296,0.0,0.0,,1,,,,,,,,,,,,,,,*70
$AIS,0,551111111,0,15,15,1.5375,51.0221,284,284,0.0,0.0,,1,,,,,,,,,,,,,,,*70
$OWN,0,311000232,0,18,18,1.5128,51.0248,15,15,0.0,0.0,,1,,,,,,,,,,,,,,,*70
$AIS,0,151111111,0,15,15,1.4897,51.0303,11,11,0.0,0.0,,1,,,,,,,,,,,,,,,*70
$AIS,0,251111111,0,15,15,1.5225,51.0535,231,231,0.0,0.0,,1,,,,,,,,,,,,,,,*70
$AIS,0,351111111,0,21.5,21.5,1.2778,51.0573,273,273,0.0,0.0,,1,,,,,,,,,,,,,,,*70
$AIS,0,451111111,0,25.3,25.3,1.5291,51.0432,296,296,0.0,0.0,,1,,,,,,,,,,,,,,,*70
$AIS,0,551111111,0,15,15,1.5368,51.0222,284,284,0.0,0.0,,1,,,,,,,,,,,,,,,*70
$OWN,0,311000232,0,18,18,1.5131,51.0252,15,15,0.0,0.0,,1,,,,,,,,,,,,,,,*70
$AIS,0,151111111,0,15,15,1.4899,51.0307,11,11,0.0,0.0,,1,,,,,,,,,,,,,,,*70
$AIS,0,251111111,0,15,15,1.522,51.0532,231,231,0.0,0.0,,1,,,,,,,,,,,,,,,*70
$AIS,0,351111111,0,21.5,21.5,1.2828,51.0571,273,273,0.0,0.0,,1,,,,,,,,,,,,,,,*70
$AIS,0,451111111,0,25.3,25.3,1.5281,51.0435,296,296,0.0,0.0,,1,,,,,,,,,,,,,,,*70
$AIS,0,551111111,0,15,15,1.5362,51.0223,284,284,0.0,0.0,,1,,,,,,,,,,,,,,,*70
$OWN,0,311000232,0,18,18,1.5133,51.0256,15,15,0.0,0.0,,1,,,,,,,,,,,,,,,*70
$AIS,0,151111111,0,15,15,1.49,51.0311,11,11,0.0,0.0,,1,,,,,,,,,,,,,,,*70
$AIS,0,251111111,0,15,15,1.5215,51.0529,231,231,0.0,0.0,,1,,,,,,,,,,,,,,,*70
$AIS,0,351111111,0,21.5,21.5,1.2877,51.0569,273,273,0.0,0.0,,1,,,,,,,,,,,,,,,*70
$AIS,0,451111111,0,25.3,25.3,1.527,51.0438,296,296,0.0,0.0,,1,,,,,,,,,,,,,,,*70
$AIS,0,551111111,0,15,15,1.5356,51.0224,284,284,0.0,0.0,,1,,,,,,,,,,,,,,,*70
$OWN,0,311000232,0,18,18,1.5135,51.0261,15,15,0.0,0.0,,1,,,,,,,,,,,,,,,*70
$AIS,0,151111111,0,15,15,1.4901,51.0315,11,11,0.0,0.0,,1,,,,,,,,,,,,,,,*70
$AIS,0,251111111,0,15,15,1.521,51.0526,231,231,0.0,0.0,,1,,,,,,,,,,,,,,,*70
$AIS,0,351111111,0,21.5,21.5,1.2926,51.0567,273,273,0.0,0.0,,1,,,,,,,,,,,,,,,*70
$AIS,0,451111111,0,25.3,25.3,1.526,51.0441,296,296,0.0,0.0,,1,,,,,,,,,,,,,,,*70
$AIS,0,551111111,0,15,15,1.5349,51.0225,284,284,0.0,0.0,,1,,,,,,,,,,,,,,,*70
$OWN,0,311000232,0,18,18,1.5138,51.0266,15,15,0.0,0.0,,1,,,,,,,,,,,,,,,*70
$AIS,0,151111111,0,15,15,1.4902,51.0319,11,11,0.0,0.0,,1,,,,,,,,,,,,,,,*70
$AIS,0,251111111,0,15,15,1.5205,51.0523,231,231,0.0,0.0,,1,,,,,,,,,,,,,,,*70
$AIS,0,351111111,0,21.5,21.5,1.2976,51.0565,273,273,0.0,0.0,,1,,,,,,,,,,,,,,,*70
$AIS,0,451111111,0,25.3,25.3,1.525,51.0444,296,296,0.0,0.0,,1,,,,,,,,,,,,,,,*70
$AIS,0,551111111,0,15,15,1.5343,51.0226,284,284,0.0,0.0,,1,,,,,,,,,,,,,,,*70
$OWN,0,311000232,0,18,18,1.514,51.027,15,15,0.0,0.0,,1,,,,,,,,,,,,,,,*70
$AIS,0,151111111,0,15,15,1.4903,51.0323,11,11,0.0,0.0,,1,,,,,,,,,,,,,,,*70
$AIS,0,251111111,0,15,15,1.52,51.052,231,231,0.0,0.0,,1,,,,,,,,,,,,,,,*70
$AIS,0,351111111,0,21.5,21.5,1.3025,51.0563,273,273,0.0,0.0,,1,,,,,,,,,,,,,,,*70
$AIS,0,451111111,0,25.3,25.3,1.524,51.0447,296,296,0.0,0.0,,1,,,,,,,,,,,,,,,*70
$AIS,0,551111111,0,15,15,1.5337,51.0227,284,284,0.0,0.0,,1,,,,,,,,,,,,,,,*70
$OWN,0,311000232,0,18,18,1.5142,51.0275,15,15,0.0,0.0,,1,,,,,,,,,,,,,,,*70
$AIS,0,151111111,0,15,15,1.4904,51.0327,11,11,0.0,0.0,,1,,,,,,,,,,,,,,,*70
$AIS,0,251111111,0,15,15,1.5195,51.0517,231,231,0.0,0.0,,1,,,,,,,,,,,,,,,*70
$AIS,0,351111111,0,21.5,21.5,1.3074,51.0561,273,273,0.0,0.0,,1,,,,,,,,,,,,,,,*70
$AIS,0,451111111,0,25.3,25.3,1.523,51.045,296,296,0.0,0.0,,1,,,,,,,,,,,,,,,*70
$AIS,0,551111111,0,15,15,1.533,51.0228,284,284,0.0,0.0,,1,,,,,,,,,,,,,,,*70
$OWN,0,311000232,0,18,18,1.5145,51.0279,15,15,0.0,0.0,,1,,,,,,,,,,,,,,,*70
$AIS,0,151111111,0,15,15,1.4906,51.0331,11,11,0.0,0.0,,1,,,,,,,,,,,,,,,*70
$AIS,0,251111111,0,15,15,1.519,51.0514,231,231,0.0,0.0,,1,,,,,,,,,,,,,,,*70
$AIS,0,351111111,0,21.5,21.5,1.3124,51.0559,273,273,0.0,0.0,,1,,,,,,,,,,,,,,,*70
$AIS,0,451111111,0,25.3,25.3,1.522,51.0453,296,296,0.0,0.0,,1,,,,,,,,,,,,,,,*70
$AIS,0,551111111,0,15,15,1.5324,51.0229,284,284,0.0,0.0,,1,,,,,,,,,,,,,,,*70
$OWN,0,311000232,0,18,18,1.5147,51.0284,15,15,0.0,0.0,,1,,,,,,,,,,,,,,,*70
$AIS,0,151111111,0,15,15,1.4907,51.0335,11,11,0.0,0.0,,1,,,,,,,,,,,,,,,*70
$AIS,0,251111111,0,15,15,1.5185,51.0511,231,231,0.0,0.0,,1,,,,,,,,,,,,,,,*70
$AIS,0,351111111,0,21.5,21.5,1.3173,51.0557,273,273,0.0,0.0,,1,,,,,,,,,,,,,,,*70
$AIS,0,451111111,0,25.3,25.3,1.5209,51.0456,296,296,0.0,0.0,,1,,,,,,,,,,,,,,,*70
$AIS,0,551111111,0,15,15,1.5318,51.023,284,284,0.0,0.0,,1,,,,,,,,,,,,,,,*70
$OWN,0,311000232,0,18,18,1.5149,51.0288,15,15,0.0,0.0,,1,,,,,,,,,,,,,,,*70
$AIS,0,151111111,0,15,15,1.4908,51.0339,11,11,0.0,0.0,,1,,,,,,,,,,,,,,,*70
$AIS,0,251111111,0,15,15,1.518,51.0508,231,231,0.0,0.0,,1,,,,,,,,,,,,,,,*70
$AIS,0,351111111,0,21.5,21.5,1.3222,51.0555,273,273,0.0,0.0,,1,,,,,,,,,,,,,,,*70
$AIS,0,451111111,0,25.3,25.3,1.5199,51.0459,296,296,0.0,0.0,,1,,,,,,,,,,,,,,,*70
$AIS,0,551111111,0,15,15,1.5311,51.0231,284,284,0.0,0.0,,1,,,,,,,,,,,,,,,*70
$OWN,0,311000232,0,18,18,1.5152,51.0293,15,15,0.0,0.0,,1,,,,,,,,,,,,,,,*70
$AIS,0,151111111,0,15,15,1.4909,51.0343,11,11,0.0,0.0,,1,,,,,,,,,,,,,,,*70
$AIS,0,251111111,0,15,15,1.5175,51.0505,231,231,0.0,0.0,,1,,,,,,,,,,,,,,,*70
$AIS,0,351111111,0,21.5,21.5,1.3272,51.0553,273,273,0.0,0.0,,1,,,,,,,,,,,,,,,*70
$AIS,0,451111111,0,25.3,25.3,1.5189,51.0462,296,296,0.0,0.0,,1,,,,,,,,,,,,,,,*70
$AIS,0,551111111,0,15,15,1.5305,51.0232,284,284,0.0,0.0,,1,,,,,,,,,,,,,,,*70
$OWN,0,311000232,0,18,18,1.5154,51.0297,15,15,0.0,0.0,,1,,,,,,,,,,,,,,,*70
$AIS,0,151111111,0,15,15,1.491,51.0347,11,11,0.0,0.0,,1,,,,,,,,,,,,,,,*70
$AIS,0,251111111,0,15,15,1.517,51.0502,231,231,0.0,0.0,,1,,,,,,,,,,,,,,,*70
$AIS,0,351111111,0,21.5,21.5,1.3321,51.0551,273,273,0.0,0.0,,1,,,,,,,,,,,,,,,*70
$AIS,0,451111111,0,25.3,25.3,1.5179,51.0465,296,296,0.0,0.0,,1,,,,,,,,,,,,,,,*70
$AIS,0,551111111,0,15,15,1.5299,51.0233,284,284,0.0,0.0,,1,,,,,,,,,,,,,,,*70
$OWN,0,311000232,0,18,18,1.5156,51.0301,15,15,0.0,0.0,,1,,,,,,,,,,,,,,,*70
$AIS,0,151111111,0,15,15,1.4911,51.0351,11,11,0.0,0.0,,1,,,,,,,,,,,,,,,*70
$AIS,0,251111111,0,15,15,1.5165,51.0499,231,231,0.0,0.0,,1,,,,,,,,,,,,,,,*70
$AIS,0,351111111,0,21.5,21.5,1.3371,51.0549,273,273,0.0,0.0,,1,,,,,,,,,,,,,,,*70
$AIS,0,451111111,0,25.3,25.3,1.5169,51.0468,296,296,0.0,0.0,,1,,,,,,,,,,,,,,,*70
$AIS,0,551111111,0,15,15,1.5292,51.0234,284,284,0.0,0.0,,1,,,,,,,,,,,,,,,*70
$OWN,0,311000232,0,18,18,1.5159,51.0306,15,15,0.0,0.0,,1,,,,,,,,,,,,,,,*70
$AIS,0,151111111,0,15,15,1.4913,51.0355,11,11,0.0,0.0,,1,,,,,,,,,,,,,,,*70
$AIS,0,251111111,0,15,15,1.516,51.0496,231,231,0.0,0.0,,1,,,,,,,,,,,,,,,*70
$AIS,0,351111111,0,21.5,21.5,1.342,51.0547,273,273,0.0,0.0,,1,,,,,,,,,,,,,,,*70
$AIS,0,451111111,0,25.3,25.3,1.5159,51.0471,296,296,0.0,0.0,,1,,,,,,,,,,,,,,,*70
$AIS,0,551111111,0,15,15,1.5286,51.0235,284,284,0.0,0.0,,1,,,,,,,,,,,,,,,*70
$OWN,0,311000232,0,18,18,1.5161,51.0311,15,15,0.0,0.0,,1,,,,,,,,,,,,,,,*70
$AIS,0,151111111,0,15,15,1.4914,51.0359,11,11,0.0,0.0,,1,,,,,,,,,,,,,,,*70
$AIS,0,251111111,0,15,15,1.5155,51.0493,231,231,0.0,0.0,,1,,,,,,,,,,,,,,,*70
$AIS,0,351111111,0,21.5,21.5,1.3469,51.0545,273,273,0.0,0.0,,1,,,,,,,,,,,,,,,*70
$AIS,0,451111111,0,25.3,25.3,1.5148,51.0474,296,296,0.0,0.0,,1,,,,,,,,,,,,,,,*70
$AIS,0,551111111,0,15,15,1.528,51.0236,284,284,0.0,0.0,,1,,,,,,,,,,,,,,,*70
$OWN,0,311000232,0,18,18,1.5163,51.0315,15,15,0.0,0.0,,1,,,,,,,,,,,,,,,*70
$AIS,0,151111111,0,15,15,1.4915,51.0363,11,11,0.0,0.0,,1,,,,,,,,,,,,,,,*70
$AIS,0,251111111,0,15,15,1.515,51.049,231,231,0.0,0.0,,1,,,,,,,,,,,,,,,*70
$AIS,0,351111111,0,21.5,21.5,1.3519,51.0543,273,273,0.0,0.0,,1,,,,,,,,,,,,,,,*70
$AIS,0,451111111,0,25.3,25.3,1.5138,51.0477,296,296,0.0,0.0,,1,,,,,,,,,,,,,,,*70
$AIS,0,551111111,0,15,15,1.5273,51.0237,284,284,0.0,0.0,,1,,,,,,,,,,,,,,,*70
$OWN,0,311000232,0,18,18,1.5166,51.032,15,15,0.0,0.0,,1,,,,,,,,,,,,,,,*70
$AIS,0,151111111,0,15,15,1.4916,51.0367,11,11,0.0,0.0,,1,,,,,,,,,,,,,,,*70
$AIS,0,251111111,0,15,15,1.5145,51.0487,231,231,0.0,0.0,,1,,,,,,,,,,,,,,,*70
$AIS,0,351111111,0,21.5,21.5,1.3568,51.0541,273,273,0.0,0.0,,1,,,,,,,,,,,,,,,*70
$AIS,0,451111111,0,25.3,25.3,1.5128,51.048,296,296,0.0,0.0,,1,,,,,,,,,,,,,,,*70
$AIS,0,551111111,0,15,15,1.5267,51.0238,284,284,0.0,0.0,,1,,,,,,,,,,,,,,,*70
$OWN,0,311000232,0,18,18,1.5168,51.0324,15,15,0.0,0.0,,1,,,,,,,,,,,,,,,*70
$AIS,0,151111111,0,15,15,1.4917,51.0371,11,11,0.0,0.0,,1,,,,,,,,,,,,,,,*70
$AIS,0,251111111,0,15,15,1.514,51.0484,231,231,0.0,0.0,,1,,,,,,,,,,,,,,,*70
$AIS,0,351111111,0,21.5,21.5,1.3618,51.0539,273,273,0.0,0.0,,1,,,,,,,,,,,,,,,*70
$AIS,0,451111111,0,25.3,25.3,1.5118,51.0483,296,296,0.0,0.0,,1,,,,,,,,,,,,,,,*70
$AIS,0,551111111,0,15,15,1.5261,51.0239,284,284,0.0,0.0,,1,,,,,,,,,,,,,,,*70
$OWN,0,311000232,0,18,18,1.517,51.0329,15,15,0.0,0.0,,1,,,,,,,,,,,,,,,*70
$AIS,0,151111111,0,15,15,1.4918,51.0375,11,11,0.0,0.0,,1,,,,,,,,,,,,,,,*70
$AIS,0,251111111,0,15,15,1.5135,51.0481,231,231,0.0,0.0,,1,,,,,,,,,,,,,,,*70
$AIS,0,351111111,0,21.5,21.5,1.3667,51.0537,273,273,0.0,0.0,,1,,,,,,,,,,,,,,,*70
$AIS,0,451111111,0,25.3,25.3,1.5108,51.0486,296,296,0.0,0.0,,1,,,,,,,,,,,,,,,*70
$AIS,0,551111111,0,15,15,1.5254,51.024,284,284,0.0,0.0,,1,,,,,,,,,,,,,,,*70
$OWN,0,311000232,0,18,18,1.5173,51.0333,15,15,0.0,0.0,,1,,,,,,,,,,,,,,,*70
$AIS,0,151111111,0,15,15,1.492,51.0379,11,11,0.0,0.0,,1,,,,,,,,,,,,,,,*70
$AIS,0,251111111,0,15,15,1.513,51.0478,231,231,0.0,0.0,,1,,,,,,,,,,,,,,,*70
$AIS,0,351111111,0,21.5,21.5,1.3716,51.0535,273,273,0.0,0.0,,1,,,,,,,,,,,,,,,*70
$AIS,0,451111111,0,25.3,25.3,1.5098,51.0489,296,296,0.0,0.0,,1,,,,,,,,,,,,,,,*70
$AIS,0,551111111,0,15,15,1.5248,51.0241,284,284,0.0,0.0,,1,,,,,,,,,,,,,,,*70
$OWN,0,311000232,0,18,18,1.5175,51.0337,15,15,0.0,0.0,,1,,,,,,,,,,,,,,,*70
$AIS,0,151111111,0,15,15,1.4921,51.0383,11,11,0.0,0.0,,1,,,,,,,,,,,,,,,*70
$AIS,0,251111111,0,15,15,1.5125,51.0475,231,231,0.0,0.0,,1,,,,,,,,,,,,,,,*70
$AIS,0,351111111,0,21.5,21.5,1.3766,51.0533,273,273,0.0,0.0,,1,,,,,,,,,,,,,,,*70
$AIS,0,451111111,0,25.3,25.3,1.5087,51.0492,296,296,0.0,0.0,,1,,,,,,,,,,,,,,,*70
$AIS,0,551111111,0,15,15,1.5242,51.0242,284,284,0.0,0.0,,1,,,,,,,,,,,,,,,*70
$OWN,0,311000232,0,18,18,1.5177,51.0342,15,15,0.0,0.0,,1,,,,,,,,,,,,,,,*70
$AIS,0,151111111,0,15,15,1.4922,51.0387,11,11,0.0,0.0,,1,,,,,,,,,,,,,,,*70
$AIS,0,251111111,0,15,15,1.512,51.0472,231,231,0.0,0.0,,1,,,,,,,,,,,,,,,*70
$AIS,0,351111111,0,21.5,21.5,1.3815,51.0531,273,273,0.0,0.0,,1,,,,,,,,,,,,,,,*70
$AIS,0,451111111,0,25.3,25.3,1.5077,51.0495,296,296,0.0,0.0,,1,,,,,,,,,,,,,,,*70
$AIS,0,551111111,0,15,15,1.5235,51.0243,284,284,0.0,0.0,,1,,,,,,,,,,,,,,,*70
$OWN,0,311000232,0,18,18,1.518,51.0346,15,15,0.0,0.0,,1,,,,,,,,,,,,,,,*70
$AIS,0,151111111,0,15,15,1.4923,51.0391,11,11,0.0,0.0,,1,,,,,,,,,,,,,,,*70
$AIS,0,251111111,0,15,15,1.5115,51.0469,231,231,0.0,0.0,,1,,,,,,,,,,,,,,,*70
$AIS,0,351111111,0,21.5,21.5,1.3864,51.0529,273,273,0.0,0.0,,1,,,,,,,,,,,,,,,*70
$AIS,0,451111111,0,25.3,25.3,1.5067,51.0498,296,296,0.0,0.0,,1,,,,,,,,,,,,,,,*70
$AIS,0,551111111,0,15,15,1.5229,51.0244,284,284,0.0,0.0,,1,,,,,,,,,,,,,,,*70
$OWN,0,311000232,0,18,18,1.5182,51.0351,15,15,0.0,0.0,,1,,,,,,,,,,,,,,,*70
$AIS,0,151111111,0,15,15,1.4924,51.0395,11,11,0.0,0.0,,1,,,,,,,,,,,,,,,*70
$AIS,0,251111111,0,15,15,1.511,51.0466,231,231,0.0,0.0,,1,,,,,,,,,,,,,,,*70
$AIS,0,351111111,0,21.5,21.5,1.3914,51.0527,273,273,0.0,0.0,,1,,,,,,,,,,,,,,,*70
$AIS,0,451111111,0,25.3,25.3,1.5057,51.0501,296,296,0.0,0.0,,1,,,,,,,,,,,,,,,*70
$AIS,0,551111111,0,15,15,1.5223,51.0245,284,284,0.0,0.0,,1,,,,,,,,,,,,,,,*70
$OWN,0,311000232,0,18,18,1.5184,51.0356,15,15,0.0,0.0,,1,,,,,,,,,,,,,,,*70
$AIS,0,151111111,0,15,15,1.4925,51.0399,11,11,0.0,0.0,,1,,,,,,,,,,,,,,,*70
$AIS,0,251111111,0,15,15,1.5105,51.0463,231,231,0.0,0.0,,1,,,,,,,,,,,,,,,*70
$AIS,0,351111111,0,21.5,21.5,1.3963,51.0525,273,273,0.0,0.0,,1,,,,,,,,,,,,,,,*70
$AIS,0,451111111,0,25.3,25.3,1.5047,51.0504,296,296,0.0,0.0,,1,,,,,,,,,,,,,,,*70
$AIS,0,551111111,0,15,15,1.5216,51.0246,284,284,0.0,0.0,,1,,,,,,,,,,,,,,,*70
$OWN,0,311000232,0,18,18,1.5187,51.036,15,15,0.0,0.0,,1,,,,,,,,,,,,,,,*70
$AIS,0,151111111,0,15,15,1.4927,51.0403,11,11,0.0,0.0,,1,,,,,,,,,,,,,,,*70
$AIS,0,251111111,0,15,15,1.51,51.046,231,231,0.0,0.0,,1,,,,,,,,,,,,,,,*70
$AIS,0,351111111,0,21.5,21.5,1.4013,51.0523,273,273,0.0,0.0,,1,,,,,,,,,,,,,,,*70
$AIS,0,451111111,0,25.3,25.3,1.5037,51.0507,296,296,0.0,0.0,,1,,,,,,,,,,,,,,,*70
$AIS,0,551111111,0,15,15,1.521,51.0247,284,284,0.0,0.0,,1,,,,,,,,,,,,,,,*70
$OWN,0,311000232,0,18,18,1.5189,51.0365,15,15,0.0,0.0,,1,,,,,,,,,,,,,,,*70
$AIS,0,151111111,0,15,15,1.4928,51.0407,11,11,0.0,0.0,,1,,,,,,,,,,,,,,,*70
$AIS,0,251111111,0,15,15,1.5095,51.0457,231,231,0.0,0.0,,1,,,,,,,,,,,,,,,*70
$AIS,0,351111111,0,21.5,21.5,1.4062,51.0521,273,273,0.0,0.0,,1,,,,,,,,,,,,,,,*70
$AIS,0,451111111,0,25.3,25.3,1.5026,51.051,296,296,0.0,0.0,,1,,,,,,,,,,,,,,,*70
$AIS,0,551111111,0,15,15,1.5204,51.0248,284,284,0.0,0.0,,1,,,,,,,,,,,,,,,*70
$OWN,0,311000232,0,18,18,1.5191,51.0369,15,15,0.0,0.0,,1,,,,,,,,,,,,,,,*70
$AIS,0,151111111,0,15,15,1.4929,51.0411,11,11,0.0,0.0,,1,,,,,,,,,,,,,,,*70
$AIS,0,251111111,0,15,15,1.509,51.0454,231,231,0.0,0.0,,1,,,,,,,,,,,,,,,*70
$AIS,0,351111111,0,21.5,21.5,1.4111,51.0519,273,273,0.0,0.0,,1,,,,,,,,,,,,,,,*70
$AIS,0,451111111,0,25.3,25.3,1.5016,51.0513,296,296,0.0,0.0,,1,,,,,,,,,,,,,,,*70
$AIS,0,551111111,0,15,15,1.5197,51.0249,284,284,0.0,0.0,,1,,,,,,,,,,,,,,,*70
$OWN,0,311000232,0,18,18,1.5194,51.0374,15,15,0.0,0.0,,1,,,,,,,,,,,,,,,*70
$AIS,0,151111111,0,15,15,1.493,51.0415,11,11,0.0,0.0,,1,,,,,,,,,,,,,,,*70
$AIS,0,251111111,0,15,15,1.5085,51.0451,231,231,0.0,0.0,,1,,,,,,,,,,,,,,,*70
$AIS,0,351111111,0,21.5,21.5,1.4161,51.0517,273,273,0.0,0.0,,1,,,,,,,,,,,,,,,*70
$AIS,0,451111111,0,25.3,25.3,1.5006,51.0516,296,296,0.0,0.0,,1,,,,,,,,,,,,,,,*70
$AIS,0,551111111,0,15,15,1.5191,51.025,284,284,0.0,0.0,,1,,,,,,,,,,,,,,,*70
$OWN,0,311000232,0,18,18,1.5196,51.0378,15,15,0.0,0.0,,1,,,,,,,,,,,,,,,*70
$AIS,0,151111111,0,15,15,1.4931,51.0419,11,11,0.0,0.0,,1,,,,,,,,,,,,,,,*70
$AIS,0,251111111,0,15,15,1.508,51.0448,231,231,0.0,0.0,,1,,,,,,,,,,,,,,,*70
$AIS,0,351111111,0,21.5,21.5,1.421,51.0515,273,273,0.0,0.0,,1,,,,,,,,,,,,,,,*70
$AIS,0,451111111,0,25.3,25.3,1.4996,51.0519,296,296,0.0,0.0,,1,,,,,,,,,,,,,,,*70
$AIS,0,551111111,0,15,15,1.5185,51.0251,284,284,0.0,0.0,,1,,,,,,,,,,,,,,,*70
$OWN,0,311000232,0,18,18,1.5198,51.0383,15,15,0.0,0.0,,1,,,,,,,,,,,,,,,*70
$AIS,0,151111111,0,15,15,1.4932,51.0423,11,11,0.0,0.0,,1,,,,,,,,,,,,,,,*70
$AIS,0,251111111,0,15,15,1.5075,51.0445,231,231,0.0,0.0,,1,,,,,,,,,,,,,,,*70
$AIS,0,351111111,0,21.5,21.5,1.4259,51.0513,273,273,0.0,0.0,,1,,,,,,,,,,,,,,,*70
$AIS,0,451111111,0,25.3,25.3,1.4986,51.0522,296,296,0.0,0.0,,1,,,,,,,,,,,,,,,*70
$AIS,0,551111111,0,15,15,1.5178,51.0252,284,284,0.0,0.0,,1,,,,,,,,,,,,,,,*70
$OWN,0,311000232,0,18,18,1.5201,51.0387,15,15,0.0,0.0,,1,,,,,,,,,,,,,,,*70
$AIS,0,151111111,0,15,15,1.4934,51.0427,11,11,0.0,0.0,,1,,,,,,,,,,,,,,,*70
$AIS,0,251111111,0,15,15,1.507,51.0442,231,231,0.0,0.0,,1,,,,,,,,,,,,,,,*70
$AIS,0,351111111,0,21.5,21.5,1.4309,51.0511,273,273,0.0,0.0,,1,,,,,,,,,,,,,,,*70
$AIS,0,451111111,0,25.3,25.3,1.4976,51.0525,296,296,0.0,0.0,,1,,,,,,,,,,,,,,,*70
$AIS,0,551111111,0,15,15,1.5172,51.0253,284,284,0.0,0.0,,1,,,,,,,,,,,,,,,*70
$OWN,0,311000232,0,18,18,1.5203,51.0391,15,15,0.0,0.0,,1,,,,,,,,,,,,,,,*70
$AIS,0,151111111,0,15,15,1.4935,51.0431,11,11,0.0,0.0,,1,,,,,,,,,,,,,,,*70
$AIS,0,251111111,0,15,15,1.5065,51.0439,231,231,0.0,0.0,,1,,,,,,,,,,,,,,,*70
$AIS,0,351111111,0,21.5,21.5,1.4358,51.0509,273,273,0.0,0.0,,1,,,,,,,,,,,,,,,*70
$AIS,0,451111111,0,25.3,25.3,1.4965,51.0528,296,296,0.0,0.0,,1,,,,,,,,,,,,,,,*70
$AIS,0,551111111,0,15,15,1.5166,51.0254,284,284,0.0,0.0,,1,,,,,,,,,,,,,,,*70
$OWN,0,311000232,0,18,18,1.5205,51.0396,15,15,0.0,0.0,,1,,,,,,,,,,,,,,,*70
$AIS,0,151111111,0,15,15,1.4936,51.0435,11,11,0.0,0.0,,1,,,,,,,,,,,,,,,*70
$AIS,0,251111111,0,15,15,1.506,51.0436,231,231,0.0,0.0,,1,,,,,,,,,,,,,,,*70
$AIS,0,351111111,0,21.5,21.5,1.4407,51.0507,273,273,0.0,0.0,,1,,,,,,,,,,,,,,,*70
$AIS,0,451111111,0,25.3,25.3,1.4955,51.0531,296,296,0.0,0.0,,1,,,,,,,,,,,,,,,*70
$AIS,0,551111111,0,15,15,1.5159,51.0255,284,284,0.0,0.0,,1,,,,,,,,,,,,,,,*70
$OWN,0,311000232,0,18,18,1.5208,51.0401,15,15,0.0,0.0,,1,,,,,,,,,,,,,,,*70
$AIS,0,151111111,0,15,15,1.4937,51.0439,11,11,0.0,0.0,,1,,,,,,,,,,,,,,,*70
$AIS,0,251111111,0,15,15,1.5055,51.0433,231,231,0.0,0.0,,1,,,,,,,,,,,,,,,*70
$AIS,0,351111111,0,21.5,21.5,1.4457,51.0505,273,273,0.0,0.0,,1,,,,,,,,,,,,,,,*70
$AIS,0,451111111,0,25.3,25.3,1.4945,51.0534,296,296,0.0,0.0,,1,,,,,,,,,,,,,,,*70
$AIS,0,551111111,0,15,15,1.5153,51.0256,284,284,0.0,0.0,,1,,,,,,,,,,,,,,,*70
$OWN,0,311000232,0,18,18,1.521,51.0405,15,15,0.0,0.0,,1,,,,,,,,,,,,,,,*70
$AIS,0,151111111,0,15,15,1.4938,51.0443,11,11,0.0,0.0,,1,,,,,,,,,,,,,,,*70
$AIS,0,251111111,0,15,15,1.505,51.043,231,231,0.0,0.0,,1,,,,,,,,,,,,,,,*70
$AIS,0,351111111,0,21.5,21.5,1.4506,51.0503,273,273,0.0,0.0,,1,,,,,,,,,,,,,,,*70
$AIS,0,451111111,0,25.3,25.3,1.4935,51.0537,296,296,0.0,0.0,,1,,,,,,,,,,,,,,,*70
$AIS,0,551111111,0,15,15,1.5147,51.0257,284,284,0.0,0.0,,1,,,,,,,,,,,,,,,*70
$OWN,0,311000232,0,18,18,1.5212,51.041,15,15,0.0,0.0,,1,,,,,,,,,,,,,,,*70
$AIS,0,151111111,0,15,15,1.4939,51.0447,11,11,0.0,0.0,,1,,,,,,,,,,,,,,,*70
$AIS,0,251111111,0,15,15,1.5045,51.0427,231,231,0.0,0.0,,1,,,,,,,,,,,,,,,*70
$AIS,0,351111111,0,21.5,21.5,1.4556,51.0501,273,273,0.0,0.0,,1,,,,,,,,,,,,,,,*70
$AIS,0,451111111,0,25.3,25.3,1.4925,51.054,296,296,0.0,0.0,,1,,,,,,,,,,,,,,,*70
$AIS,0,551111111,0,15,15,1.514,51.0258,284,284,0.0,0.0,,1,,,,,,,,,,,,,,,*70
$OWN,0,311000232,0,18,18,1.5215,51.0414,15,15,0.0,0.0,,1,,,,,,,,,,,,,,,*70
$AIS,0,151111111,0,15,15,1.4941,51.0451,11,11,0.0,0.0,,1,,,,,,,,,,,,,,,*70
$AIS,0,251111111,0,15,15,1.504,51.0424,231,231,0.0,0.0,,1,,,,,,,,,,,,,,,*70
$AIS,0,351111111,0,21.5,21.5,1.4605,51.0499,273,273,0.0,0.0,,1,,,,,,,,,,,,,,,*70
$AIS,0,451111111,0,25.3,25.3,1.4915,51.0543,296,296,0.0,0.0,,1,,,,,,,,,,,,,,,*70
$AIS,0,551111111,0,15,15,1.5134,51.0259,284,284,0.0,0.0,,1,,,,,,,,,,,,,,,*70
$OWN,0,311000232,0,18,18,1.5217,51.0419,15,15,0.0,0.0,,1,,,,,,,,,,,,,,,*70
$AIS,0,151111111,0,15,15,1.4942,51.0455,11,11,0.0,0.0,,1,,,,,,,,,,,,,,,*70
$AIS,0,251111111,0,15,15,1.5035,51.0421,231,231,0.0,0.0,,1,,,,,,,,,,,,,,,*70
$AIS,0,351111111,0,21.5,21.5,1.4654,51.0497,273,273,0.0,0.0,,1,,,,,,,,,,,,,,,*70
$AIS,0,451111111,0,25.3,25.3,1.4904,51.0546,296,296,0.0,0.0,,1,,,,,,,,,,,,,,,*70
$AIS,0,551111111,0,15,15,1.5128,51.026,284,284,0.0,0.0,,1,,,,,,,,,,,,,,,*70
$OWN,0,311000232,0,18,18,1.5219,51.0423,15,15,0.0,0.0,,1,,,,,,,,,,,,,,,*70
$AIS,0,151111111,0,15,15,1.4943,51.0459,11,11,0.0,0.0,,1,,,,,,,,,,,,,,,*70
$AIS,0,251111111,0,15,15,1.503,51.0418,231,231,0.0,0.0,,1,,,,,,,,,,,,,,,*70
$AIS,0,351111111,0,21.5,21.5,1.4704,51.0495,273,273,0.0,0.0,,1,,,,,,,,,,,,,,,*70
$AIS,0,451111111,0,25.3,25.3,1.4894,51.0549,296,296,0.0,0.0,,1,,,,,,,,,,,,,,,*70
$AIS,0,551111111,0,15,15,1.5121,51.0261,284,284,0.0,0.0,,1,,,,,,,,,,,,,,,*70
$OWN,0,311000232,0,18,18,1.5222,51.0427,15,15,0.0,0.0,,1,,,,,,,,,,,,,,,*70
$AIS,0,151111111,0,15,15,1.4944,51.0463,11,11,0.0,0.0,,1,,,,,,,,,,,,,,,*70
$AIS,0,251111111,0,15,15,1.5025,51.0415,231,231,0.0,0.0,,1,,,,,,,,,,,,,,,*70
$AIS,0,351111111,0,21.5,21.5,1.4753,51.0493,273,273,0.0,0.0,,1,,,,,,,,,,,,,,,*70
$AIS,0,451111111,0,25.3,25.3,1.4884,51.0552,296,296,0.0,0.0,,1,,,,,,,,,,,,,,,*70
$AIS,0,551111111,0,15,15,1.5115,51.0262,284,284,0.0,0.0,,1,,,,,,,,,,,,,,,*70
$OWN,0,311000232,0,18,18,1.5224,51.0432,15,15,0.0,0.0,,1,,,,,,,,,,,,,,,*70
$AIS,0,151111111,0,15,15,1.4945,51.0467,11,11,0.0,0.0,,1,,,,,,,,,,,,,,,*70
$AIS,0,251111111,0,15,15,1.502,51.0412,231,231,0.0,0.0,,1,,,,,,,,,,,,,,,*70
$AIS,0,351111111,0,21.5,21.5,1.4803,51.0491,273,273,0.0,0.0,,1,,,,,,,,,,,,,,,*70
$AIS,0,451111111,0,25.3,25.3,1.4874,51.0555,296,296,0.0,0.0,,1,,,,,,,,,,,,,,,*70
$AIS,0,551111111,0,15,15,1.5109,51.0263,284,284,0.0,0.0,,1,,,,,,,,,,,,,,,*70
$OWN,0,311000232,0,18,18,1.5226,51.0436,15,15,0.0,0.0,,1,,,,,,,,,,,,,,,*70
$AIS,0,151111111,0,15,15,1.4946,51.0471,11,11,0.0,0.0,,1,,,,,,,,,,,,,,,*70
$AIS,0,251111111,0,15,15,1.5015,51.0409,231,231,0.0,0.0,,1,,,,,,,,,,,,,,,*70
$AIS,0,351111111,0,21.5,21.5,1.4852,51.0489,273,273,0.0,0.0,,1,,,,,,,,,,,,,,,*70
$AIS,0,451111111,0,25.3,25.3,1.4864,51.0558,296,296,0.0,0.0,,1,,,,,,,,,,,,,,,*70
$AIS,0,551111111,0,15,15,1.5102,51.0264,284,284,0.0,0.0,,1,,,,,,,,,,,,,,,*70
$OWN,0,311000232,0,18,18,1.5229,51.0441,15,15,0.0,0.0,,1,,,,,,,,,,,,,,,*70
$AIS,0,151111111,0,15,15,1.4948,51.0475,11,11,0.0,0.0,,1,,,,,,,,,,,,,,,*70
$AIS,0,251111111,0,15,15,1.501,51.0406,231,231,0.0,0.0,,1,,,,,,,,,,,,,,,*70
$AIS,0,351111111,0,21.5,21.5,1.4901,51.0487,273,273,0.0,0.0,,1,,,,,,,,,,,,,,,*70
$AIS,0,451111111,0,25.3,25.3,1.4854,51.0561,296,296,0.0,0.0,,1,,,,,,,,,,,,,,,*70
$AIS,0,551111111,0,15,15,1.5096,51.0265,284,284,0.0,0.0,,1,,,,,,,,,,,,,,,*70
$OWN,0,311000232,0,18,18,1.5231,51.0446,15,15,0.0,0.0,,1,,,,,,,,,,,,,,,*70
$AIS,0,151111111,0,15,15,1.4949,51.0479,11,11,0.0,0.0,,1,,,,,,,,,,,,,,,*70
$AIS,0,251111111,0,15,15,1.5005,51.0403,231,231,0.0,0.0,,1,,,,,,,,,,,,,,,*70
$AIS,0,351111111,0,21.5,21.5,1.4951,51.0485,273,273,0.0,0.0,,1,,,,,,,,,,,,,,,*70
$AIS,0,451111111,0,25.3,25.3,1.4843,51.0564,296,296,0.0,0.0,,1,,,,,,,,,,,,,,,*70
$AIS,0,551111111,0,15,15,1.509,51.0266,284,284,0.0,0.0,,1,,,,,,,,,,,,,,,*70
$OWN,0,311000232,0,18,18,1.5233,51.045,15,15,0.0,0.0,,1,,,,,,,,,,,,,,,*70
$AIS,0,151111111,0,15,15,1.495,51.0483,11,11,0.0,0.0,,1,,,,,,,,,,,,,,,*70
$AIS,0,251111111,0,15,15,1.5,51.04,231,231,0.0,0.0,,1,,,,,,,,,,,,,,,*70
$AIS,0,351111111,0,21.5,21.5,1.5,51.0483,273,273,0.0,0.0,,1,,,,,,,,,,,,,,,*70
$AIS,0,451111111,0,25.3,25.3,1.4833,51.0567,296,296,0.0,0.0,,1,,,,,,,,,,,,,,,*70
$AIS,0,551111111,0,15,15,1.5083,51.0267,284,284,0.0,0.0,,1,,,,,,,,,,,,,,,*70