$OWN,0,311000232,0,12.9,12.9,2.0983,51.3617,8,8,0.0,0.0,,1,,,,,,,,,,,,,,,*70
$AIS,0,151111111,0,15,15,2.0317,51.3683,42,42,0.0,0.0,,1,,,,,,,,,,,,,,,*70
$AIS,0,251111111,0,15,15,2.0833,51.4067,230,230,0.0,0.0,,1,,,,,,,,,,,,,,,*70
$AIS,0,351111111,0,6,6,2.0833,51.3983,347,347,0.0,0.0,,1,,,,,,,,,,,,,,,*70
$AIS,0,451111111,0,25.2,25.2,2.075,51.3733,51,51,0.0,0.0,,1,,,,,,,,,,,,,,,*70
$OWN,0,311000232,0,12.9,12.9,2.0982,51.362,8,8,0.0,0.0,,1,,,,,,,,,,,,,,,*70
$AIS,0,151111111,0,15,15,2.0319,51.3686,42,42,0.0,0.0,,1,,,,,,,,,,,,,,,*70
$AIS,0,251111111,0,15,15,2.0829,51.4064,230,230,0.0,0.0,,1,,,,,,,,,,,,,,,*70
$AIS,0,351111111,0,6,6,2.0833,51.3985,347,347,0.0,0.0,,1,,,,,,,,,,,,,,,*70
$AIS,0,451111111,0,25.2,25.2,2.075,51.374,51,51,0.0,0.0,,1,,,,,,,,,,,,,,,*70
$OWN,0,311000232,0,12.9,12.9,2.0982,51.3624,8,8,0.0,0.0,,1,,,,,,,,,,,,,,,*70
$AIS,0,151111111,0,15,15,2.0322,51.3689,42,42,0.0,0.0,,1,,,,,,,,,,,,,,,*70
$AIS,0,251111111,0,15,15,2.0825,51.4061,230,230,0.0,0.0,,1,,,,,,,,,,,,,,,*70
$AIS,0,351111111,0,6,6,2.0832,51.3986,347,347,0.0,0.0,,1,,,,,,,,,,,,,,,*70
$AIS,0,451111111,0,25.2,25.2,2.0749,51.3747,51,51,0.0,0.0,,1,,,,,,,,,,,,,,,*70
$OWN,0,311000232,0,12.9,12.9,2.0981,51.3628,8,8,0.0,0.0,,1,,,,,,,,,,,,,,,*70
$AIS,0,151111111,0,15,15,2.0324,51.3692,42,42,0.0,0.0,,1,,,,,,,,,,,,,,,*70
$AIS,0,251111111,0,15,15,2.082,51.4059,230,230,0.0,0.0,,1,,,,,,,,,,,,,,,*70
$AIS,0,351111111,0,6,6,2.0832,51.3988,347,347,0.0,0.0,,1,,,,,,,,,,,,,,,*70
$AIS,0,451111111,0,25.2,25.2,2.0749,51.3754,51,51,0.0,0.0,,1,,,,,,,,,,,,,,,*70
$OWN,0,311000232,0,12.9,12.9,2.098,51.3631,8,8,0.0,0.0,,1,,,,,,,,,,,,,,,*70
$AIS,0,151111111,0,15,15,2.0327,51.3695,42,42,0.0,0.0,,1,,,,,,,,,,,,,,,*70
$AIS,0,251111111,0,15,15,2.0816,51.4056,230,230,0.0,0.0,,1,,,,,,,,,,,,,,,*70
$AIS,0,351111111,0,6,6,2.0831,51.3989,347,347,0.0,0.0,,1,,,,,,,,,,,,,,,*70
$AIS,0,451111111,0,25.2,25.2,2.0749,51.3761,51,51,0.0,0.0,,1,,,,,,,,,,,,,,,*70
$OWN,0,311000232,0,12.9,12.9,2.0979,51.3635,8,8,0.0,0.0,,1,,,,,,,,,,,,,,,*70
$AIS,0,151111111,0,15,15,2.033,51.3698,42,42,0.0,0.0,,1,,,,,,,,,,,,,,,*70
$AIS,0,251111111,0,15,15,2.0812,51.4053,230,230,0.0,0.0,,1,,,,,,,,,,,,,,,*70
$AIS,0,351111111,0,6,6,2.0831,51.3991,347,347,0.0,0.0,,1,,,,,,,,,,,,,,,*70
$AIS,0,451111111,0,25.2,25.2,2.0748,51.3767,51,51,0.0,0.0,,1,,,,,,,,,,,,,,,*70
$OWN,0,311000232,0,12.9,12.9,2.0978,51.3639,8,8,0.0,0.0,,1,,,,,,,,,,,,,,,*70
$AIS,0,151111111,0,15,15,2.0332,51.3701,42,42,0.0,0.0,,1,,,,,,,,,,,,,,,*70
$AIS,0,251111111,0,15,15,2.0807,51.4051,230,230,0.0,0.0,,1,,,,,,,,,,,,,,,*70
$AIS,0,351111111,0,6,6,2.083,51.3992,347,347,0.0,0.0,,1,,,,,,,,,,,,,,,*70
$AIS,0,451111111,0,25.2,25.2,2.0748,51.3774,51,51,0.0,0.0,,1,,,,,,,,,,,,,,,*70
$OWN,0,311000232,0,12.9,12.9,2.0977,51.3642,8,8,0.0,0.0,,1,,,,,,,,,,,,,,,*70
$AIS,0,151111111,0,15,15,2.0335,51.3704,42,42,0.0,0.0,,1,,,,,,,,,,,,,,,*70
$AIS,0,251111111,0,15,15,2.0803,51.4048,230,230,0.0,0.0,,1,,,,,,,,,,,,,,,*70
$AIS,0,351111111,0,6,6,2.083,51.3994,347,347,0.0,0.0,,1,,,,,,,,,,,,,,,*70
$AIS,0,451111111,0,25.2,25.2,2.0748,51.3781,51,51,0.0,0.0,,1,,,,,,,,,,,,,,,*70
$OWN,0,311000232,0,12.9,12.9,2.0977,51.3646,8,8,0.0,0.0,,1,,,,,,,,,,,,,,,*70
$AIS,0,151111111,0,15,15,2.0337,51.3707,42,42,0.0,0.0,,1,,,,,,,,,,,,,,,*70
$AIS,0,251111111,0,15,15,2.0799,51.4045,230,230,0.0,0.0,,1,,,,,,,,,,,,,,,*70
$AIS,0,351111111,0,6,6,2.0829,51.3995,347,347,0.0,0.0,,1,,,,,,,,,,,,,,,*70
$AIS,0,451111111,0,25.2,25.2,2.0747,51.3788,51,51,0.0,0.0,,1,,,,,,,,,,,,,,,*70
$OWN,0,311000232,0,12.9,12.9,2.0976,51.365,8,8,0.0,0.0,,1,,,,,,,,,,,,,,,*70
$AIS,0,151111111,0,15,15,2.034,51.371,42,42,0.0,0.0,,1,,,,,,,,,,,,,,,*70
$AIS,0,251111111,0,15,15,2.0794,51.4043,230,230,0.0,0.0,,1,,,,,,,,,,,,,,,*70
$AIS,0,351111111,0,6,6,2.0829,51.3997,347,347,0.0,0.0,,1,,,,,,,,,,,,,,,*70
$AIS,0,451111111,0,25.2,25.2,2.0747,51.3795,51,51,0.0,0.0,,1,,,,,,,,,,,,,,,*70
$OWN,0,311000232,0,12.9,12.9,2.0975,51.3653,8,8,0.0,0.0,,1,,,,,,,,,,,,,,,*70
$AIS,0,151111111,0,15,15,2.0343,51.3713,42,42,0.0,0.0,,1,,,,,,,,,,,,,,,*70
$AIS,0,251111111,0,15,15,2.079,51.404,230,230,0.0,0.0,,1,,,,,,,,,,,,,,,*70
$AIS,0,351111111,0,6,6,2.0828,51.3998,347,347,0.0,0.0,,1,,,,,,,,,,,,,,,*70
$AIS,0,451111111,0,25.2,25.2,2.0747,51.3802,51,51,0.0,0.0,,1,,,,,,,,,,,,,,,*70
$OWN,0,311000232,0,12.9,12.9,2.0974,51.3657,8,8,0.0,0.0,,1,,,,,,,,,,,,,,,*70
$AIS,0,151111111,0,15,15,2.0345,51.3716,42,42,0.0,0.0,,1,,,,,,,,,,,,,,,*70
$AIS,0,251111111,0,15,15,2.0786,51.4037,230,230,0.0,0.0,,1,,,,,,,,,,,,,,,*70
$AIS,0,351111111,0,6,6,2.0828,51.4,347,347,0.0,0.0,,1,,,,,,,,,,,,,,,*70
$AIS,0,451111111,0,25.2,25.2,2.0746,51.3808,51,51,0.0,0.0,,1,,,,,,,,,,,,,,,*70
$OWN,0,311000232,0,12.9,12.9,2.0973,51.3661,8,8,0.0,0.0,,1,,,,,,,,,,,,,,,*70
$AIS,0,151111111,0,15,15,2.0348,51.3719,42,42,0.0,0.0,,1,,,,,,,,,,,,,,,*70
$AIS,0,251111111,0,15,15,2.0781,51.4035,230,230,0.0,0.0,,1,,,,,,,,,,,,,,,*70
$AIS,0,351111111,0,6,6,2.0827,51.4001,347,347,0.0,0.0,,1,,,,,,,,,,,,,,,*70
$AIS,0,451111111,0,25.2,25.2,2.0746,51.3815,51,51,0.0,0.0,,1,,,,,,,,,,,,,,,*70
$OWN,0,311000232,0,12.9,12.9,2.0972,51.3664,8,8,0.0,0.0,,1,,,,,,,,,,,,,,,*70
$AIS,0,151111111,0,15,15,2.035,51.3722,42,42,0.0,0.0,,1,,,,,,,,,,,,,,,*70
$AIS,0,251111111,0,15,15,2.0777,51.4032,230,230,0.0,0.0,,1,,,,,,,,,,,,,,,*70
$AIS,0,351111111,0,6,6,2.0827,51.4003,347,347,0.0,0.0,,1,,,,,,,,,,,,,,,*70
$AIS,0,451111111,0,25.2,25.2,2.0746,51.3822,51,51,0.0,0.0,,1,,,,,,,,,,,,,,,*70
$OWN,0,311000232,0,12.9,12.9,2.0972,51.3668,8,8,0.0,0.0,,1,,,,,,,,,,,,,,,*70
$AIS,0,151111111,0,15,15,2.0353,51.3725,42,42,0.0,0.0,,1,,,,,,,,,,,,,,,*70
$AIS,0,251111111,0,15,15,2.0773,51.4029,230,230,0.0,0.0,,1,,,,,,,,,,,,,,,*70
$AIS,0,351111111,0,6,6,2.0826,51.4004,347,347,0.0,0.0,,1,,,,,,,,,,,,,,,*70
$AIS,0,451111111,0,25.2,25.2,2.0745,51.3829,51,51,0.0,0.0,,1,,,,,,,,,,,,,,,*70
$OWN,0,311000232,0,12.9,12.9,2.0971,51.3672,8,8,0.0,0.0,,1,,,,,,,,,,,,,,,*70
$AIS,0,151111111,0,15,15,2.0355,51.3728,42,42,0.0,0.0,,1,,,,,,,,,,,,,,,*70
$AIS,0,251111111,0,15,15,2.0768,51.4027,230,230,0.0,0.0,,1,,,,,,,,,,,,,,,*70
$AIS,0,351111111,0,6,6,2.0826,51.4006,347,347,0.0,0.0,,1,,,,,,,,,,,,,,,*70
$AIS,0,451111111,0,25.2,25.2,2.0745,51.3836,51,51,0.0,0.0,,1,,,,,,,,,,,,,,,*70
$OWN,0,311000232,0,12.9,12.9,2.097,51.3675,8,8,0.0,0.0,,1,,,,,,,,,,,,,,,*70
$AIS,0,151111111,0,15,15,2.0358,51.3731,42,42,0.0,0.0,,1,,,,,,,,,,,,,,,*70
$AIS,0,251111111,0,15,15,2.0764,51.4024,230,230,0.0,0.0,,1,,,,,,,,,,,,,,,*70
$AIS,0,351111111,0,6,6,2.0825,51.4007,347,347,0.0,0.0,,1,,,,,,,,,,,,,,,*70
$AIS,0,451111111,0,25.2,25.2,2.0745,51.3843,51,51,0.0,0.0,,1,,,,,,,,,,,,,,,*70
$OWN,0,311000232,0,12.9,12.9,2.0969,51.3679,8,8,0.0,0.0,,1,,,,,,,,,,,,,,,*70
$AIS,0,151111111,0,15,15,2.0361,51.3734,42,42,0.0,0.0,,1,,,,,,,,,,,,,,,*70
$AIS,0,251111111,0,15,15,2.076,51.4021,230,230,0.0,0.0,,1,,,,,,,,,,,,,,,*70
$AIS,0,351111111,0,6,6,2.0825,51.4009,347,347,0.0,0.0,,1,,,,,,,,,,,,,,,*70
$AIS,0,451111111,0,25.2,25.2,2.0744,51.3849,51,51,0.0,0.0,,1,,,,,,,,,,,,,,,*70
$OWN,0,311000232,0,12.9,12.9,2.0968,51.3683,8,8,0.0,0.0,,1,,,,,,,,,,,,,,,*70
$AIS,0,151111111,0,15,15,2.0363,51.3737,42,42,0.0,0.0,,1,,,,,,,,,,,,,,,*70
$AIS,0,251111111,0,15,15,2.0755,51.4019,230,230,0.0,0.0,,1,,,,,,,,,,,,,,,*70
$AIS,0,351111111,0,6,6,2.0824,51.401,347,347,0.0,0.0,,1,,,,,,,,,,,,,,,*70
$AIS,0,451111111,0,25.2,25.2,2.0744,51.3856,51,51,0.0,0.0,,1,,,,,,,,,,,,,,,*70
$OWN,0,311000232,0,12.9,12.9,2.0967,51.3686,8,8,0.0,0.0,,1,,,,,,,,,,,,,,,*70
$AIS,0,151111111,0,15,15,2.0366,51.374,42,42,0.0,0.0,,1,,,,,,,,,,,,,,,*70
$AIS,0,251111111,0,15,15,2.0751,51.4016,230,230,0.0,0.0,,1,,,,,,,,,,,,,,,*70
$AIS,0,351111111,0,6,6,2.0824,51.4012,347,347,0.0,0.0,,1,,,,,,,,,,,,,,,*70
$AIS,0,451111111,0,25.2,25.2,2.0744,51.3863,51,51,0.0,0.0,,1,,,,,,,,,,,,,,,*70
$OWN,0,311000232,0,12.9,12.9,2.0967,51.369,8,8,0.0,0.0,,1,,,,,,,,,,,,,,,*70
$AIS,0,151111111,0,15,15,2.0368,51.3743,42,42,0.0,0.0,,1,,,,,,,,,,,,,,,*70
$AIS,0,251111111,0,15,15,2.0747,51.4013,230,230,0.0,0.0,,1,,,,,,,,,,,,,,,*70
$AIS,0,351111111,0,6,6,2.0823,51.4013,347,347,0.0,0.0,,1,,,,,,,,,,,,,,,*70
$AIS,0,451111111,0,25.2,25.2,2.0743,51.387,51,51,0.0,0.0,,1,,,,,,,,,,,,,,,*70
$OWN,0,311000232,0,12.9,12.9,2.0966,51.3694,8,8,0.0,0.0,,1,,,,,,,,,,,,,,,*70
$AIS,0,151111111,0,15,15,2.0371,51.3746,42,42,0.0,0.0,,1,,,,,,,,,,,,,,,*70
$AIS,0,251111111,0,15,15,2.0742,51.4011,230,230,0.0,0.0,,1,,,,,,,,,,,,,,,*70
$AIS,0,351111111,0,6,6,2.0823,51.4015,347,347,0.0,0.0,,1,,,,,,,,,,,,,,,*70
$AIS,0,451111111,0,25.2,25.2,2.0743,51.3877,51,51,0.0,0.0,,1,,,,,,,,,,,,,,,*70
$OWN,0,311000232,0,12.9,12.9,2.0965,51.3697,8,8,0.0,0.0,,1,,,,,,,,,,,,,,,*70
$AIS,0,151111111,0,15,15,2.0374,51.3749,42,42,0.0,0.0,,1,,,,,,,,,,,,,,,*70
$AIS,0,251111111,0,15,15,2.0738,51.4008,230,230,0.0,0.0,,1,,,,,,,,,,,,,,,*70
$AIS,0,351111111,0,6,6,2.0822,51.4016,347,347,0.0,0.0,,1,,,,,,,,,,,,,,,*70
$AIS,0,451111111,0,25.2,25.2,2.0743,51.3884,51,51,0.0,0.0,,1,,,,,,,,,,,,,,,*70
$OWN,0,311000232,0,12.9,12.9,2.0964,51.3701,8,8,0.0,0.0,,1,,,,,,,,,,,,,,,*70
$AIS,0,151111111,0,15,15,2.0376,51.3752,42,42,0.0,0.0,,1,,,,,,,,,,,,,,,*70
$AIS,0,251111111,0,15,15,2.0734,51.4005,230,230,0.0,0.0,,1,,,,,,,,,,,,,,,*70
$AIS,0,351111111,0,6,6,2.0822,51.4018,347,347,0.0,0.0,,1,,,,,,,,,,,,,,,*70
$AIS,0,451111111,0,25.2,25.2,2.0742,51.389,51,51,0.0,0.0,,1,,,,,,,,,,,,,,,*70
$OWN,0,311000232,0,12.9,12.9,2.0963,51.3705,8,8,0.0,0.0,,1,,,,,,,,,,,,,,,*70
$AIS,0,151111111,0,15,15,2.0379,51.3755,42,42,0.0,0.0,,1,,,,,,,,,,,,,,,*70
$AIS,0,251111111,0,15,15,2.0729,51.4003,230,230,0.0,0.0,,1,,,,,,,,,,,,,,,*70
$AIS,0,351111111,0,6,6,2.0821,51.4019,347,347,0.0,0.0,,1,,,,,,,,,,,,,,,*70
$AIS,0,451111111,0,25.2,25.2,2.0742,51.3897,51,51,0.0,0.0,,1,,,,,,,,,,,,,,,*70
$OWN,0,311000232,0,12.9,12.9,2.0962,51.3708,8,8,0.0,0.0,,1,,,,,,,,,,,,,,,*70
$AIS,0,151111111,0,15,15,2.0381,51.3758,42,42,0.0,0.0,,1,,,,,,,,,,,,,,,*70
$AIS,0,251111111,0,15,15,2.0725,51.4,230,230,0.0,0.0,,1,,,,,,,,,,,,,,,*70
$AIS,0,351111111,0,6,6,2.0821,51.4021,347,347,0.0,0.0,,1,,,,,,,,,,,,,,,*70
$AIS,0,451111111,0,25.2,25.2,2.0742,51.3904,51,51,0.0,0.0,,1,,,,,,,,,,,,,,,*70
$OWN,0,311000232,0,12.9,12.9,2.0962,51.3712,8,8,0.0,0.0,,1,,,,,,,,,,,,,,,*70
$AIS,0,151111111,0,15,15,2.0384,51.3761,42,42,0.0,0.0,,1,,,,,,,,,,,,,,,*70
$AIS,0,251111111,0,15,15,2.0721,51.3997,230,230,0.0,0.0,,1,,,,,,,,,,,,,,,*70
$AIS,0,351111111,0,6,6,2.082,51.4022,347,347,0.0,0.0,,1,,,,,,,,,,,,,,,*70
$AIS,0,451111111,0,25.2,25.2,2.0741,51.3911,51,51,0.0,0.0,,1,,,,,,,,,,,,,,,*70
$OWN,0,311000232,0,12.9,12.9,2.0961,51.3716,8,8,0.0,0.0,,1,,,,,,,,,,,,,,,*70
$AIS,0,151111111,0,15,15,2.0386,51.3764,42,42,0.0,0.0,,1,,,,,,,,,,,,,,,*70
$AIS,0,251111111,0,15,15,2.0716,51.3995,230,230,0.0,0.0,,1,,,,,,,,,,,,,,,*70
$AIS,0,351111111,0,6,6,2.082,51.4024,347,347,0.0,0.0,,1,,,,,,,,,,,,,,,*70
$AIS,0,451111111,0,25.2,25.2,2.0741,51.3918,51,51,0.0,0.0,,1,,,,,,,,,,,,,,,*70
$OWN,0,311000232,0,12.9,12.9,2.096,51.3719,8,8,0.0,0.0,,1,,,,,,,,,,,,,,,*70
$AIS,0,151111111,0,15,15,2.0389,51.3767,42,42,0.0,0.0,,1,,,,,,,,,,,,,,,*70
$AIS,0,251111111,0,15,15,2.0712,51.3992,230,230,0.0,0.0,,1,,,,,,,,,,,,,,,*70
$AIS,0,351111111,0,6,6,2.0819,51.4025,347,347,0.0,0.0,,1,,,,,,,,,,,,,,,*70
$AIS,0,451111111,0,25.2,25.2,2.0741,51.3925,51,51,0.0,0.0,,1,,,,,,,,,,,,,,,*70
$OWN,0,311000232,0,12.9,12.9,2.0959,51.3723,8,8,0.0,0.0,,1,,,,,,,,,,,,,,,*70
$AIS,0,151111111,0,15,15,2.0392,51.377,42,42,0.0,0.0,,1,,,,,,,,,,,,,,,*70
$AIS,0,251111111,0,15,15,2.0708,51.3989,230,230,0.0,0.0,,1,,,,,,,,,,,,,,,*70
$AIS,0,351111111,0,6,6,2.0819,51.4027,347,347,0.0,0.0,,1,,,,,,,,,,,,,,,*70
$AIS,0,451111111,0,25.2,25.2,2.074,51.3931,51,51,0.0,0.0,,1,,,,,,,,,,,,,,,*70
$OWN,0,311000232,0,12.9,12.9,2.0958,51.3727,8,8,0.0,0.0,,1,,,,,,,,,,,,,,,*70
$AIS,0,151111111,0,15,15,2.0394,51.3773,42,42,0.0,0.0,,1,,,,,,,,,,,,,,,*70
$AIS,0,251111111,0,15,15,2.0703,51.3987,230,230,0.0,0.0,,1,,,,,,,,,,,,,,,*70
$AIS,0,351111111,0,6,6,2.0818,51.4028,347,347,0.0,0.0,,1,,,,,,,,,,,,,,,*70
$AIS,0,451111111,0,25.2,25.2,2.074,51.3938,51,51,0.0,0.0,,1,,,,,,,,,,,,,,,*70
$OWN,0,311000232,0,12.9,12.9,2.0957,51.373,8,8,0.0,0.0,,1,,,,,,,,,,,,,,,*70
$AIS,0,151111111,0,15,15,2.0397,51.3776,42,42,0.0,0.0,,1,,,,,,,,,,,,,,,*70
$AIS,0,251111111,0,15,15,2.0699,51.3984,230,230,0.0,0.0,,1,,,,,,,,,,,,,,,*70
$AIS,0,351111111,0,6,6,2.0818,51.403,347,347,0.0,0.0,,1,,,,,,,,,,,,,,,*70
$AIS,0,451111111,0,25.2,25.2,2.074,51.3945,51,51,0.0,0.0,,1,,,,,,,,,,,,,,,*70
$OWN,0,311000232,0,12.9,12.9,2.0957,51.3734,8,8,0.0,0.0,,1,,,,,,,,,,,,,,,*70
$AIS,0,151111111,0,15,15,2.0399,51.3779,42,42,0.0,0.0,,1,,,,,,,,,,,,,,,*70
$AIS,0,251111111,0,15,15,2.0695,51.3981,230,230,0.0,0.0,,1,,,,,,,,,,,,,,,*70
$AIS,0,351111111,0,6,6,2.0817,51.4031,347,347,0.0,0.0,,1,,,,,,,,,,,,,,,*70
$AIS,0,451111111,0,25.2,25.2,2.0739,51.3952,51,51,0.0,0.0,,1,,,,,,,,,,,,,,,*70
$OWN,0,311000232,0,12.9,12.9,2.0956,51.3738,8,8,0.0,0.0,,1,,,,,,,,,,,,,,,*70
$AIS,0,151111111,0,15,15,2.0402,51.3782,42,42,0.0,0.0,,1,,,,,,,,,,,,,,,*70
$AIS,0,251111111,0,15,15,2.069,51.3979,230,230,0.0,0.0,,1,,,,,,,,,,,,,,,*70
$AIS,0,351111111,0,6,6,2.0817,51.4033,347,347,0.0,0.0,,1,,,,,,,,,,,,,,,*70
$AIS,0,451111111,0,25.2,25.2,2.0739,51.3959,51,51,0.0,0.0,,1,,,,,,,,,,,,,,,*70
$OWN,0,311000232,0,12.9,12.9,2.0955,51.3741,8,8,0.0,0.0,,1,,,,,,,,,,,,,,,*70
$AIS,0,151111111,0,15,15,2.0405,51.3785,42,42,0.0,0.0,,1,,,,,,,,,,,,,,,*70
$AIS,0,251111111,0,15,15,2.0686,51.3976,230,230,0.0,0.0,,1,,,,,,,,,,,,,,,*70
$AIS,0,351111111,0,6,6,2.0816,51.4034,347,347,0.0,0.0,,1,,,,,,,,,,,,,,,*70
$AIS,0,451111111,0,25.2,25.2,2.0739,51.3966,51,51,0.0,0.0,,1,,,,,,,,,,,,,,,*70
$OWN,0,311000232,0,12.9,12.9,2.0954,51.3745,8,8,0.0,0.0,,1,,,,,,,,,,,,,,,*70
$AIS,0,151111111,0,15,15,2.0407,51.3788,42,42,0.0,0.0,,1,,,,,,,,,,,,,,,*70
$AIS,0,251111111,0,15,15,2.0682,51.3973,230,230,0.0,0.0,,1,,,,,,,,,,,,,,,*70
$AIS,0,351111111,0,6,6,2.0816,51.4036,347,347,0.0,0.0,,1,,,,,,,,,,,,,,,*70
$AIS,0,451111111,0,25.2,25.2,2.0738,51.3972,51,51,0.0,0.0,,1,,,,,,,,,,,,,,,*70
$OWN,0,311000232,0,12.9,12.9,2.0953,51.3749,8,8,0.0,0.0,,1,,,,,,,,,,,,,,,*70
$AIS,0,151111111,0,15,15,2.041,51.3791,42,42,0.0,0.0,,1,,,,,,,,,,,,,,,*70
$AIS,0,251111111,0,15,15,2.0677,51.3971,230,230,0.0,0.0,,1,,,,,,,,,,,,,,,*70
$AIS,0,351111111,0,6,6,2.0815,51.4037,347,347,0.0,0.0,,1,,,,,,,,,,,,,,,*70
$AIS,0,451111111,0,25.2,25.2,2.0738,51.3979,51,51,0.0,0.0,,1,,,,,,,,,,,,,,,*70
$OWN,0,311000232,0,12.9,12.9,2.0952,51.3752,8,8,0.0,0.0,,1,,,,,,,,,,,,,,,*70
$AIS,0,151111111,0,15,15,2.0412,51.3794,42,42,0.0,0.0,,1,,,,,,,,,,,,,,,*70
$AIS,0,251111111,0,15,15,2.0673,51.3968,230,230,0.0,0.0,,1,,,,,,,,,,,,,,,*70
$AIS,0,351111111,0,6,6,2.0815,51.4039,347,347,0.0,0.0,,1,,,,,,,,,,,,,,,*70
$AIS,0,451111111,0,25.2,25.2,2.0738,51.3986,51,51,0.0,0.0,,1,,,,,,,,,,,,,,,*70
$OWN,0,311000232,0,12.9,12.9,2.0952,51.3756,8,8,0.0,0.0,,1,,,,,,,,,,,,,,,*70
$AIS,0,151111111,0,15,15,2.0415,51.3797,42,42,0.0,0.0,,1,,,,,,,,,,,,,,,*70
$AIS,0,251111111,0,15,15,2.0669,51.3965,230,230,0.0,0.0,,1,,,,,,,,,,,,,,,*70
$AIS,0,351111111,0,6,6,2.0814,51.404,347,347,0.0,0.0,,1,,,,,,,,,,,,,,,*70
$AIS,0,451111111,0,25.2,25.2,2.0737,51.3993,51,51,0.0,0.0,,1,,,,,,,,,,,,,,,*70
$OWN,0,311000232,0,12.9,12.9,2.0951,51.376,8,8,0.0,0.0,,1,,,,,,,,,,,,,,,*70
$AIS,0,151111111,0,15,15,2.0417,51.38,42,42,0.0,0.0,,1,,,,,,,,,,,,,,,*70
$AIS,0,251111111,0,15,15,2.0664,51.3963,230,230,0.0,0.0,,1,,,,,,,,,,,,,,,*70
$AIS,0,351111111,0,6,6,2.0814,51.4042,347,347,0.0,0.0,,1,,,,,,,,,,,,,,,*70
$AIS,0,451111111,0,25.2,25.2,2.0737,51.4,51,51,0.0,0.0,,1,,,,,,,,,,,,,,,*70
$OWN,0,311000232,0,12.9,12.9,2.095,51.3763,8,8,0.0,0.0,,1,,,,,,,,,,,,,,,*70
$AIS,0,151111111,0,15,15,2.042,51.3803,42,42,0.0,0.0,,1,,,,,,,,,,,,,,,*70
$AIS,0,251111111,0,15,15,2.066,51.396,230,230,0.0,0.0,,1,,,,,,,,,,,,,,,*70
$AIS,0,351111111,0,6,6,2.0813,51.4043,347,347,0.0,0.0,,1,,,,,,,,,,,,,,,*70
$AIS,0,451111111,0,25.2,25.2,2.0737,51.4007,51,51,0.0,0.0,,1,,,,,,,,,,,,,,,*70
$OWN,0,311000232,0,12.9,12.9,2.0949,51.3767,8,8,0.0,0.0,,1,,,,,,,,,,,,,,,*70
$AIS,0,151111111,0,15,15,2.0423,51.3806,42,42,0.0,0.0,,1,,,,,,,,,,,,,,,*70
$AIS,0,251111111,0,15,15,2.0656,51.3957,230,230,0.0,0.0,,1,,,,,,,,,,,,,,,*70
$AIS,0,351111111,0,6,6,2.0813,51.4045,347,347,0.0,0.0,,1,,,,,,,,,,,,,,,*70
$AIS,0,451111111,0,25.2,25.2,2.0736,51.4013,51,51,0.0,0.0,,1,,,,,,,,,,,,,,,*70
$OWN,0,311000232,0,12.9,12.9,2.0948,51.3771,8,8,0.0,0.0,,1,,,,,,,,,,,,,,,*70
$AIS,0,151111111,0,15,15,2.0425,51.3809,42,42,0.0,0.0,,1,,,,,,,,,,,,,,,*70
$AIS,0,251111111,0,15,15,2.0651,51.3955,230,230,0.0,0.0,,1,,,,,,,,,,,,,,,*70
$AIS,0,351111111,0,6,6,2.0812,51.4046,347,347,0.0,0.0,,1,,,,,,,,,,,,,,,*70
$AIS,0,451111111,0,25.2,25.2,2.0736,51.402,51,51,0.0,0.0,,1,,,,,,,,,,,,,,,*70
$OWN,0,311000232,0,12.9,12.9,2.0947,51.3774,8,8,0.0,0.0,,1,,,,,,,,,,,,,,,*70
$AIS,0,151111111,0,15,15,2.0428,51.3812,42,42,0.0,0.0,,1,,,,,,,,,,,,,,,*70
$AIS,0,251111111,0,15,15,2.0647,51.3952,230,230,0.0,0.0,,1,,,,,,,,,,,,,,,*70
$AIS,0,351111111,0,6,6,2.0812,51.4048,347,347,0.0,0.0,,1,,,,,,,,,,,,,,,*70
$AIS,0,451111111,0,25.2,25.2,2.0736,51.4027,51,51,0.0,0.0,,1,,,,,,,,,,,,,,,*70
$OWN,0,311000232,0,12.9,12.9,2.0947,51.3778,8,8,0.0,0.0,,1,,,,,,,,,,,,,,,*70
$AIS,0,151111111,0,15,15,2.043,51.3815,42,42,0.0,0.0,,1,,,,,,,,,,,,,,,*70
$AIS,0,251111111,0,15,15,2.0643,51.3949,230,230,0.0,0.0,,1,,,,,,,,,,,,,,,*70
$AIS,0,351111111,0,6,6,2.0811,51.4049,347,347,0.0,0.0,,1,,,,,,,,,,,,,,,*70
$AIS,0,451111111,0,25.2,25.2,2.0735,51.4034,51,51,0.0,0.0,,1,,,,,,,,,,,,,,,*70
$OWN,0,311000232,0,12.9,12.9,2.0946,51.3782,8,8,0.0,0.0,,1,,,,,,,,,,,,,,,*70
$AIS,0,151111111,0,15,15,2.0433,51.3818,42,42,0.0,0.0,,1,,,,,,,,,,,,,,,*70
$AIS,0,251111111,0,15,15,2.0638,51.3947,230,230,0.0,0.0,,1,,,,,,,,,,,,,,,*70
$AIS,0,351111111,0,6,6,2.0811,51.4051,347,347,0.0,0.0,,1,,,,,,,,,,,,,,,*70
$AIS,0,451111111,0,25.2,25.2,2.0735,51.4041,51,51,0.0,0.0,,1,,,,,,,,,,,,,,,*70
$OWN,0,311000232,0,12.9,12.9,2.0945,51.3785,8,8,0.0,0.0,,1,,,,,,,,,,,,,,,*70
$AIS,0,151111111,0,15,15,2.0436,51.3821,42,42,0.0,0.0,,1,,,,,,,,,,,,,,,*70
$AIS,0,251111111,0,15,15,2.0634,51.3944,230,230,0.0,0.0,,1,,,,,,,,,,,,,,,*70
$AIS,0,351111111,0,6,6,2.081,51.4052,347,347,0.0,0.0,,1,,,,,,,,,,,,,,,*70
$AIS,0,451111111,0,25.2,25.2,2.0735,51.4048,51,51,0.0,0.0,,1,,,,,,,,,,,,,,,*70
$OWN,0,311000232,0,12.9,12.9,2.0944,51.3789,8,8,0.0,0.0,,1,,,,,,,,,,,,,,,*70
$AIS,0,151111111,0,15,15,2.0438,51.3824,42,42,0.0,0.0,,1,,,,,,,,,,,,,,,*70
$AIS,0,251111111,0,15,15,2.063,51.3941,230,230,0.0,0.0,,1,,,,,,,,,,,,,,,*70
$AIS,0,351111111,0,6,6,2.081,51.4054,347,347,0.0,0.0,,1,,,,,,,,,,,,,,,*70
$AIS,0,451111111,0,25.2,25.2,2.0734,51.4054,51,51,0.0,0.0,,1,,,,,,,,,,,,,,,*70
$OWN,0,311000232,0,12.9,12.9,2.0943,51.3793,8,8,0.0,0.0,,1,,,,,,,,,,,,,,,*70
$AIS,0,151111111,0,15,15,2.0441,51.3827,42,42,0.0,0.0,,1,,,,,,,,,,,,,,,*70
$AIS,0,251111111,0,15,15,2.0625,51.3939,230,230,0.0,0.0,,1,,,,,,,,,,,,,,,*70
$AIS,0,351111111,0,6,6,2.0809,51.4055,347,347,0.0,0.0,,1,,,,,,,,,,,,,,,*70
$AIS,0,451111111,0,25.2,25.2,2.0734,51.4061,51,51,0.0,0.0,,1,,,,,,,,,,,,,,,*70
$OWN,0,311000232,0,12.9,12.9,2.0942,51.3796,8,8,0.0,0.0,,1,,,,,,,,,,,,,,,*70
$AIS,0,151111111,0,15,15,2.0443,51.383,42,42,0.0,0.0,,1,,,,,,,,,,,,,,,*70
$AIS,0,251111111,0,15,15,2.0621,51.3936,230,230,0.0,0.0,,1,,,,,,,,,,,,,,,*70
$AIS,0,351111111,0,6,6,2.0809,51.4057,347,347,0.0,0.0,,1,,,,,,,,,,,,,,,*70
$AIS,0,451111111,0,25.2,25.2,2.0734,51.4068,51,51,0.0,0.0,,1,,,,,,,,,,,,,,,*70
$OWN,0,311000232,0,12.9,12.9,2.0942,51.38,8,8,0.0,0.0,,1,,,,,,,,,,,,,,,*70
$AIS,0,151111111,0,15,15,2.0446,51.3833,42,42,0.0,0.0,,1,,,,,,,,,,,,,,,*70
$AIS,0,251111111,0,15,15,2.0617,51.3933,230,230,0.0,0.0,,1,,,,,,,,,,,,,,,*70
$AIS,0,351111111,0,6,6,2.0808,51.4058,347,347,0.0,0.0,,1,,,,,,,,,,,,,,,*70
$AIS,0,451111111,0,25.2,25.2,2.0733,51.4075,51,51,0.0,0.0,,1,,,,,,,,,,,,,,,*70
$OWN,0,311000232,0,12.9,12.9,2.0941,51.3804,8,8,0.0,0.0,,1,,,,,,,,,,,,,,,*70
$AIS,0,151111111,0,15,15,2.0448,51.3836,42,42,0.0,0.0,,1,,,,,,,,,,,,,,,*70
$AIS,0,251111111,0,15,15,2.0612,51.3931,230,230,0.0,0.0,,1,,,,,,,,,,,,,,,*70
$AIS,0,351111111,0,6,6,2.0808,51.406,347,347,0.0,0.0,,1,,,,,,,,,,,,,,,*70
$AIS,0,451111111,0,25.2,25.2,2.0733,51.4082,51,51,0.0,0.0,,1,,,,,,,,,,,,,,,*70
$OWN,0,311000232,0,12.9,12.9,2.094,51.3807,8,8,0.0,0.0,,1,,,,,,,,,,,,,,,*70
$AIS,0,151111111,0,15,15,2.0451,51.3839,42,42,0.0,0.0,,1,,,,,,,,,,,,,,,*70
$AIS,0,251111111,0,15,15,2.0608,51.3928,230,230,0.0,0.0,,1,,,,,,,,,,,,,,,*70
$AIS,0,351111111,0,6,6,2.0807,51.4061,347,347,0.0,0.0,,1,,,,,,,,,,,,,,,*70
$AIS,0,451111111,0,25.2,25.2,2.0733,51.4089,51,51,0.0,0.0,,1,,,,,,,,,,,,,,,*70
$OWN,0,311000232,0,12.9,12.9,2.0939,51.3811,8,8,0.0,0.0,,1,,,,,,,,,,,,,,,*70
$AIS,0,151111111,0,15,15,2.0454,51.3842,42,42,0.0,0.0,,1,,,,,,,,,,,,,,,*70
$AIS,0,251111111,0,15,15,2.0604,51.3925,230,230,0.0,0.0,,1,,,,,,,,,,,,,,,*70
$AIS,0,351111111,0,6,6,2.0807,51.4063,347,347,0.0,0.0,,1,,,,,,,,,,,,,,,*70
$AIS,0,451111111,0,25.2,25.2,2.0732,51.4095,51,51,0.0,0.0,,1,,,,,,,,,,,,,,,*70
$OWN,0,311000232,0,12.9,12.9,2.0938,51.3815,8,8,0.0,0.0,,1,,,,,,,,,,,,,,,*70
$AIS,0,151111111,0,15,15,2.0456,51.3845,42,42,0.0,0.0,,1,,,,,,,,,,,,,,,*70
$AIS,0,251111111,0,15,15,2.0599,51.3923,230,230,0.0,0.0,,1,,,,,,,,,,,,,,,*70
$AIS,0,351111111,0,6,6,2.0806,51.4064,347,347,0.0,0.0,,1,,,,,,,,,,,,,,,*70
$AIS,0,451111111,0,25.2,25.2,2.0732,51.4102,51,51,0.0,0.0,,1,,,,,,,,,,,,,,,*70
$OWN,0,311000232,0,12.9,12.9,2.0937,51.3818,8,8,0.0,0.0,,1,,,,,,,,,,,,,,,*70
$AIS,0,151111111,0,15,15,2.0459,51.3848,42,42,0.0,0.0,,1,,,,,,,,,,,,,,,*70
$AIS,0,251111111,0,15,15,2.0595,51.392,230,230,0.0,0.0,,1,,,,,,,,,,,,,,,*70
$AIS,0,351111111,0,6,6,2.0806,51.4066,347,347,0.0,0.0,,1,,,,,,,,,,,,,,,*70
$AIS,0,451111111,0,25.2,25.2,2.0732,51.4109,51,51,0.0,0.0,,1,,,,,,,,,,,,,,,*70
$OWN,0,311000232,0,12.9,12.9,2.0937,51.3822,8,8,0.0,0.0,,1,,,,,,,,,,,,,,,*70
$AIS,0,151111111,0,15,15,2.0461,51.3851,42,42,0.0,0.0,,1,,,,,,,,,,,,,,,*70
$AIS,0,251111111,0,15,15,2.0591,51.3917,230,230,0.0,0.0,,1,,,,,,,,,,,,,,,*70
$AIS,0,351111111,0,6,6,2.0805,51.4067,347,347,0.0,0.0,,1,,,,,,,,,,,,,,,*70
$AIS,0,451111111,0,25.2,25.2,2.0731,51.4116,51,51,0.0,0.0,,1,,,,,,,,,,,,,,,*70
$OWN,0,311000232,0,12.9,12.9,2.0936,51.3826,8,8,0.0,0.0,,1,,,,,,,,,,,,,,,*70
$AIS,0,151111111,0,15,15,2.0464,51.3854,42,42,0.0,0.0,,1,,,,,,,,,,,,,,,*70
$AIS,0,251111111,0,15,15,2.0586,51.3915,230,230,0.0,0.0,,1,,,,,,,,,,,,,,,*70
$AIS,0,351111111,0,6,6,2.0805,51.4069,347,347,0.0,0.0,,1,,,,,,,,,,,,,,,*70
$AIS,0,451111111,0,25.2,25.2,2.0731,51.4123,51,51,0.0,0.0,,1,,,,,,,,,,,,,,,*70
$OWN,0,311000232,0,12.9,12.9,2.0935,51.3829,8,8,0.0,0.0,,1,,,,,,,,,,,,,,,*70
$AIS,0,151111111,0,15,15,2.0467,51.3857,42,42,0.0,0.0,,1,,,,,,,,,,,,,,,*70
$AIS,0,251111111,0,15,15,2.0582,51.3912,230,230,0.0,0.0,,1,,,,,,,,,,,,,,,*70
$AIS,0,351111111,0,6,6,2.0804,51.407,347,347,0.0,0.0,,1,,,,,,,,,,,,,,,*70
$AIS,0,451111111,0,25.2,25.2,2.0731,51.413,51,51,0.0,0.0,,1,,,,,,,,,,,,,,,*70
$OWN,0,311000232,0,12.9,12.9,2.0934,51.3833,8,8,0.0,0.0,,1,,,,,,,,,,,,,,,*70
$AIS,0,151111111,0,15,15,2.0469,51.386,42,42,0.0,0.0,,1,,,,,,,,,,,,,,,*70
$AIS,0,251111111,0,15,15,2.0578,51.3909,230,230,0.0,0.0,,1,,,,,,,,,,,,,,,*70
$AIS,0,351111111,0,6,6,2.0804,51.4072,347,347,0.0,0.0,,1,,,,,,,,,,,,,,,*70
$AIS,0,451111111,0,25.2,25.2,2.073,51.4136,51,51,0.0,0.0,,1,,,,,,,,,,,,,,,*70
$OWN,0,311000232,0,12.9,12.9,2.0933,51.3837,8,8,0.0,0.0,,1,,,,,,,,,,,,,,,*70
$AIS,0,151111111,0,15,15,2.0472,51.3863,42,42,0.0,0.0,,1,,,,,,,,,,,,,,,*70
$AIS,0,251111111,0,15,15,2.0573,51.3907,230,230,0.0,0.0,,1,,,,,,,,,,,,,,,*70
$AIS,0,351111111,0,6,6,2.0803,51.4073,347,347,0.0,0.0,,1,,,,,,,,,,,,,,,*70
$AIS,0,451111111,0,25.2,25.2,2.073,51.4143,51,51,0.0,0.0,,1,,,,,,,,,,,,,,,*70
$OWN,0,311000232,0,12.9,12.9,2.0932,51.384,8,8,0.0,0.0,,1,,,,,,,,,,,,,,,*70
$AIS,0,151111111,0,15,15,2.0474,51.3866,42,42,0.0,0.0,,1,,,,,,,,,,,,,,,*70
$AIS,0,251111111,0,15,15,2.0569,51.3904,230,230,0.0,0.0,,1,,,,,,,,,,,,,,,*70
$AIS,0,351111111,0,6,6,2.0803,51.4075,347,347,0.0,0.0,,1,,,,,,,,,,,,,,,*70
$AIS,0,451111111,0,25.2,25.2,2.073,51.415,51,51,0.0,0.0,,1,,,,,,,,,,,,,,,*70
$OWN,0,311000232,0,12.9,12.9,2.0932,51.3844,8,8,0.0,0.0,,1,,,,,,,,,,,,,,,*70
$AIS,0,151111111,0,15,15,2.0477,51.3869,42,42,0.0,0.0,,1,,,,,,,,,,,,,,,*70
$AIS,0,251111111,0,15,15,2.0565,51.3901,230,230,0.0,0.0,,1,,,,,,,,,,,,,,,*70
$AIS,0,351111111,0,6,6,2.0802,51.4076,347,347,0.0,0.0,,1,,,,,,,,,,,,,,,*70
$AIS,0,451111111,0,25.2,25.2,2.0729,51.4157,51,51,0.0,0.0,,1,,,,,,,,,,,,,,,*70
$OWN,0,311000232,0,12.9,12.9,2.0931,51.3848,8,8,0.0,0.0,,1,,,,,,,,,,,,,,,*70
$AIS,0,151111111,0,15,15,2.0479,51.3872,42,42,0.0,0.0,,1,,,,,,,,,,,,,,,*70
$AIS,0,251111111,0,15,15,2.056,51.3899,230,230,0.0,0.0,,1,,,,,,,,,,,,,,,*70
$AIS,0,351111111,0,6,6,2.0802,51.4078,347,347,0.0,0.0,,1,,,,,,,,,,,,,,,*70
$AIS,0,451111111,0,25.2,25.2,2.0729,51.4164,51,51,0.0,0.0,,1,,,,,,,,,,,,,,,*70
$OWN,0,311000232,0,12.9,12.9,2.093,51.3851,8,8,0.0,0.0,,1,,,,,,,,,,,,,,,*70
$AIS,0,151111111,0,15,15,2.0482,51.3875,42,42,0.0,0.0,,1,,,,,,,,,,,,,,,*70
$AIS,0,251111111,0,15,15,2.0556,51.3896,230,230,0.0,0.0,,1,,,,,,,,,,,,,,,*70
$AIS,0,351111111,0,6,6,2.0801,51.4079,347,347,0.0,0.0,,1,,,,,,,,,,,,,,,*70
$AIS,0,451111111,0,25.2,25.2,2.0729,51.4171,51,51,0.0,0.0,,1,,,,,,,,,,,,,,,*70
$OWN,0,311000232,0,12.9,12.9,2.0929,51.3855,8,8,0.0,0.0,,1,,,,,,,,,,,,,,,*70
$AIS,0,151111111,0,15,15,2.0485,51.3878,42,42,0.0,0.0,,1,,,,,,,,,,,,,,,*70
$AIS,0,251111111,0,15,15,2.0552,51.3893,230,230,0.0,0.0,,1,,,,,,,,,,,,,,,*70
$AIS,0,351111111,0,6,6,2.0801,51.4081,347,347,0.0,0.0,,1,,,,,,,,,,,,,,,*70
$AIS,0,451111111,0,25.2,25.2,2.0728,51.4177,51,51,0.0,0.0,,1,,,,,,,,,,,,,,,*70
$OWN,0,311000232,0,12.9,12.9,2.0928,51.3859,8,8,0.0,0.0,,1,,,,,,,,,,,,,,,*70
$AIS,0,151111111,0,15,15,2.0487,51.3881,42,42,0.0,0.0,,1,,,,,,,,,,,,,,,*70
$AIS,0,251111111,0,15,15,2.0547,51.3891,230,230,0.0,0.0,,1,,,,,,,,,,,,,,,*70
$AIS,0,351111111,0,6,6,2.08,51.4082,347,347,0.0,0.0,,1,,,,,,,,,,,,,,,*70
$AIS,0,451111111,0,25.2,25.2,2.0728,51.4184,51,51,0.0,0.0,,1,,,,,,,,,,,,,,,*70
$OWN,0,311000232,0,12.9,12.9,2.0927,51.3862,8,8,0.0,0.0,,1,,,,,,,,,,,,,,,*70
$AIS,0,151111111,0,15,15,2.049,51.3884,42,42,0.0,0.0,,1,,,,,,,,,,,,,,,*70
$AIS,0,251111111,0,15,15,2.0543,51.3888,230,230,0.0,0.0,,1,,,,,,,,,,,,,,,*70
$AIS,0,351111111,0,6,6,2.08,51.4084,347,347,0.0,0.0,,1,,,,,,,,,,,,,,,*70
$AIS,0,451111111,0,25.2,25.2,2.0728,51.4191,51,51,0.0,0.0,,1,,,,,,,,,,,,,,,*70
$OWN,0,311000232,0,12.9,12.9,2.0927,51.3866,8,8,0.0,0.0,,1,,,,,,,,,,,,,,,*70
$AIS,0,151111111,0,15,15,2.0492,51.3887,42,42,0.0,0.0,,1,,,,,,,,,,,,,,,*70
$AIS,0,251111111,0,15,15,2.0539,51.3885,230,230,0.0,0.0,,1,,,,,,,,,,,,,,,*70
$AIS,0,351111111,0,6,6,2.0799,51.4085,347,347,0.0,0.0,,1,,,,,,,,,,,,,,,*70
$AIS,0,451111111,0,25.2,25.2,2.0727,51.4198,51,51,0.0,0.0,,1,,,,,,,,,,,,,,,*70
$OWN,0,311000232,0,12.9,12.9,2.0926,51.387,8,8,0.0,0.0,,1,,,,,,,,,,,,,,,*70
$AIS,0,151111111,0,15,15,2.0495,51.389,42,42,0.0,0.0,,1,,,,,,,,,,,,,,,*70
$AIS,0,251111111,0,15,15,2.0534,51.3883,230,230,0.0,0.0,,1,,,,,,,,,,,,,,,*70
$AIS,0,351111111,0,6,6,2.0799,51.4087,347,347,0.0,0.0,,1,,,,,,,,,,,,,,,*70
$AIS,0,451111111,0,25.2,25.2,2.0727,51.4205,51,51,0.0,0.0,,1,,,,,,,,,,,,,,,*70
$OWN,0,311000232,0,12.9,12.9,2.0925,51.3873,8,8,0.0,0.0,,1,,,,,,,,,,,,,,,*70
$AIS,0,151111111,0,15,15,2.0498,51.3893,42,42,0.0,0.0,,1,,,,,,,,,,,,,,,*70
$AIS,0,251111111,0,15,15,2.053,51.388,230,230,0.0,0.0,,1,,,,,,,,,,,,,,,*70
$AIS,0,351111111,0,6,6,2.0798,51.4088,347,347,0.0,0.0,,1,,,,,,,,,,,,,,,*70
$AIS,0,451111111,0,25.2,25.2,2.0727,51.4212,51,51,0.0,0.0,,1,,,,,,,,,,,,,,,*70
$OWN,0,311000232,0,12.9,12.9,2.0924,51.3877,8,8,0.0,0.0,,1,,,,,,,,,,,,,,,*70
$AIS,0,151111111,0,15,15,2.05,51.3896,42,42,0.0,0.0,,1,,,,,,,,,,,,,,,*70
$AIS,0,251111111,0,15,15,2.0526,51.3877,230,230,0.0,0.0,,1,,,,,,,,,,,,,,,*70
$AIS,0,351111111,0,6,6,2.0798,51.409,347,347,0.0,0.0,,1,,,,,,,,,,,,,,,*70
$AIS,0,451111111,0,25.2,25.2,2.0726,51.4218,51,51,0.0,0.0,,1,,,,,,,,,,,,,,,*70
$OWN,0,311000232,0,12.9,12.9,2.0923,51.3881,8,8,0.0,0.0,,1,,,,,,,,,,,,,,,*70
$AIS,0,151111111,0,15,15,2.0503,51.3899,42,42,0.0,0.0,,1,,,,,,,,,,,,,,,*70
$AIS,0,251111111,0,15,15,2.0521,51.3875,230,230,0.0,0.0,,1,,,,,,,,,,,,,,,*70
$AIS,0,351111111,0,6,6,2.0797,51.4091,347,347,0.0,0.0,,1,,,,,,,,,,,,,,,*70
$AIS,0,451111111,0,25.2,25.2,2.0726,51.4225,51,51,0.0,0.0,,1,,,,,,,,,,,,,,,*70
$OWN,0,311000232,0,12.9,12.9,2.0922,51.3884,8,8,0.0,0.0,,1,,,,,,,,,,,,,,,*70
$AIS,0,151111111,0,15,15,2.0505,51.3902,42,42,0.0,0.0,,1,,,,,,,,,,,,,,,*70
$AIS,0,251111111,0,15,15,2.0517,51.3872,230,230,0.0,0.0,,1,,,,,,,,,,,,,,,*70
$AIS,0,351111111,0,6,6,2.0797,51.4093,347,347,0.0,0.0,,1,,,,,,,,,,,,,,,*70
$AIS,0,451111111,0,25.2,25.2,2.0726,51.4232,51,51,0.0,0.0,,1,,,,,,,,,,,,,,,*70
$OWN,0,311000232,0,12.9,12.9,2.0922,51.3888,8,8,0.0,0.0,,1,,,,,,,,,,,,,,,*70
$AIS,0,151111111,0,15,15,2.0508,51.3905,42,42,0.0,0.0,,1,,,,,,,,,,,,,,,*70
$AIS,0,251111111,0,15,15,2.0513,51.3869,230,230,0.0,0.0,,1,,,,,,,,,,,,,,,*70
$AIS,0,351111111,0,6,6,2.0796,51.4094,347,347,0.0,0.0,,1,,,,,,,,,,,,,,,*70
$AIS,0,451111111,0,25.2,25.2,2.0725,51.4239,51,51,0.0,0.0,,1,,,,,,,,,,,,,,,*70
$OWN,0,311000232,0,12.9,12.9,2.0921,51.3892,8,8,0.0,0.0,,1,,,,,,,,,,,,,,,*70
$AIS,0,151111111,0,15,15,2.051,51.3908,42,42,0.0,0.0,,1,,,,,,,,,,,,,,,*70
$AIS,0,251111111,0,15,15,2.0508,51.3867,230,230,0.0,0.0,,1,,,,,,,,,,,,,,,*70
$AIS,0,351111111,0,6,6,2.0796,51.4096,347,347,0.0,0.0,,1,,,,,,,,,,,,,,,*70
$AIS,0,451111111,0,25.2,25.2,2.0725,51.4246,51,51,0.0,0.0,,1,,,,,,,,,,,,,,,*70
$OWN,0,311000232,0,12.9,12.9,2.092,51.3895,8,8,0.0,0.0,,1,,,,,,,,,,,,,,,*70
$AIS,0,151111111,0,15,15,2.0513,51.3911,42,42,0.0,0.0,,1,,,,,,,,,,,,,,,*70
$AIS,0,251111111,0,15,15,2.0504,51.3864,230,230,0.0,0.0,,1,,,,,,,,,,,,,,,*70
$AIS,0,351111111,0,6,6,2.0795,51.4097,347,347,0.0,0.0,,1,,,,,,,,,,,,,,,*70
$AIS,0,451111111,0,25.2,25.2,2.0725,51.4253,51,51,0.0,0.0,,1,,,,,,,,,,,,,,,*70
$OWN,0,311000232,0,12.9,12.9,2.0919,51.3899,8,8,0.0,0.0,,1,,,,,,,,,,,,,,,*70
$AIS,0,151111111,0,15,15,2.0516,51.3914,42,42,0.0,0.0,,1,,,,,,,,,,,,,,,*70
$AIS,0,251111111,0,15,15,2.05,51.3861,230,230,0.0,0.0,,1,,,,,,,,,,,,,,,*70
$AIS,0,351111111,0,6,6,2.0795,51.4099,347,347,0.0,0.0,,1,,,,,,,,,,,,,,,*70
$AIS,0,451111111,0,25.2,25.2,2.0724,51.4259,51,51,0.0,0.0,,1,,,,,,,,,,,,,,,*70
$OWN,0,311000232,0,12.9,12.9,2.0918,51.3903,8,8,0.0,0.0,,1,,,,,,,,,,,,,,,*70
$AIS,0,151111111,0,15,15,2.0518,51.3917,42,42,0.0,0.0,,1,,,,,,,,,,,,,,,*70
$AIS,0,251111111,0,15,15,2.0495,51.3859,230,230,0.0,0.0,,1,,,,,,,,,,,,,,,*70
$AIS,0,351111111,0,6,6,2.0794,51.41,347,347,0.0,0.0,,1,,,,,,,,,,,,,,,*70
$AIS,0,451111111,0,25.2,25.2,2.0724,51.4266,51,51,0.0,0.0,,1,,,,,,,,,,,,,,,*70
$OWN,0,311000232,0,12.9,12.9,2.0917,51.3906,8,8,0.0,0.0,,1,,,,,,,,,,,,,,,*70
$AIS,0,151111111,0,15,15,2.0521,51.392,42,42,0.0,0.0,,1,,,,,,,,,,,,,,,*70
$AIS,0,251111111,0,15,15,2.0491,51.3856,230,230,0.0,0.0,,1,,,,,,,,,,,,,,,*70
$AIS,0,351111111,0,6,6,2.0794,51.4102,347,347,0.0,0.0,,1,,,,,,,,,,,,,,,*70
$AIS,0,451111111,0,25.2,25.2,2.0724,51.4273,51,51,0.0,0.0,,1,,,,,,,,,,,,,,,*70
$OWN,0,311000232,0,12.9,12.9,2.0917,51.391,8,8,0.0,0.0,,1,,,,,,,,,,,,,,,*70
$AIS,0,151111111,0,15,15,2.0523,51.3923,42,42,0.0,0.0,,1,,,,,,,,,,,,,,,*70
$AIS,0,251111111,0,15,15,2.0487,51.3853,230,230,0.0,0.0,,1,,,,,,,,,,,,,,,*70
$AIS,0,351111111,0,6,6,2.0793,51.4103,347,347,0.0,0.0,,1,,,,,,,,,,,,,,,*70
$AIS,0,451111111,0,25.2,25.2,2.0723,51.428,51,51,0.0,0.0,,1,,,,,,,,,,,,,,,*70
$OWN,0,311000232,0,12.9,12.9,2.0916,51.3914,8,8,0.0,0.0,,1,,,,,,,,,,,,,,,*70
$AIS,0,151111111,0,15,15,2.0526,51.3926,42,42,0.0,0.0,,1,,,,,,,,,,,,,,,*70
$AIS,0,251111111,0,15,15,2.0482,51.3851,230,230,0.0,0.0,,1,,,,,,,,,,,,,,,*70
$AIS,0,351111111,0,6,6,2.0793,51.4105,347,347,0.0,0.0,,1,,,,,,,,,,,,,,,*70
$AIS,0,451111111,0,25.2,25.2,2.0723,51.4287,51,51,0.0,0.0,,1,,,,,,,,,,,,,,,*70
$OWN,0,311000232,0,12.9,12.9,2.0915,51.3917,8,8,0.0,0.0,,1,,,,,,,,,,,,,,,*70
$AIS,0,151111111,0,15,15,2.0529,51.3929,42,42,0.0,0.0,,1,,,,,,,,,,,,,,,*70
$AIS,0,251111111,0,15,15,2.0478,51.3848,230,230,0.0,0.0,,1,,,,,,,,,,,,,,,*70
$AIS,0,351111111,0,6,6,2.0792,51.4106,347,347,0.0,0.0,,1,,,,,,,,,,,,,,,*70
$AIS,0,451111111,0,25.2,25.2,2.0723,51.4294,51,51,0.0,0.0,,1,,,,,,,,,,,,,,,*70
$OWN,0,311000232,0,12.9,12.9,2.0914,51.3921,8,8,0.0,0.0,,1,,,,,,,,,,,,,,,*70
$AIS,0,151111111,0,15,15,2.0531,51.3932,42,42,0.0,0.0,,1,,,,,,,,,,,,,,,*70
$AIS,0,251111111,0,15,15,2.0474,51.3845,230,230,0.0,0.0,,1,,,,,,,,,,,,,,,*70
$AIS,0,351111111,0,6,6,2.0792,51.4108,347,347,0.0,0.0,,1,,,,,,,,,,,,,,,*70
$AIS,0,451111111,0,25.2,25.2,2.0722,51.43,51,51,0.0,0.0,,1,,,,,,,,,,,,,,,*70
$OWN,0,311000232,0,12.9,12.9,2.0913,51.3925,8,8,0.0,0.0,,1,,,,,,,,,,,,,,,*70
$AIS,0,151111111,0,15,15,2.0534,51.3935,42,42,0.0,0.0,,1,,,,,,,,,,,,,,,*70
$AIS,0,251111111,0,15,15,2.0469,51.3843,230,230,0.0,0.0,,1,,,,,,,,,,,,,,,*70
$AIS,0,351111111,0,6,6,2.0791,51.4109,347,347,0.0,0.0,,1,,,,,,,,,,,,,,,*70
$AIS,0,451111111,0,25.2,25.2,2.0722,51.4307,51,51,0.0,0.0,,1,,,,,,,,,,,,,,,*70
$OWN,0,311000232,0,12.9,12.9,2.0912,51.3928,8,8,0.0,0.0,,1,,,,,,,,,,,,,,,*70
$AIS,0,151111111,0,15,15,2.0536,51.3938,42,42,0.0,0.0,,1,,,,,,,,,,,,,,,*70
$AIS,0,251111111,0,15,15,2.0465,51.384,230,230,0.0,0.0,,1,,,,,,,,,,,,,,,*70
$AIS,0,351111111,0,6,6,2.0791,51.4111,347,347,0.0,0.0,,1,,,,,,,,,,,,,,,*70
$AIS,0,451111111,0,25.2,25.2,2.0722,51.4314,51,51,0.0,0.0,,1,,,,,,,,,,,,,,,*70
$OWN,0,311000232,0,12.9,12.9,2.0912,51.3932,8,8,0.0,0.0,,1,,,,,,,,,,,,,,,*70
$AIS,0,151111111,0,15,15,2.0539,51.3941,42,42,0.0,0.0,,1,,,,,,,,,,,,,,,*70
$AIS,0,251111111,0,15,15,2.0461,51.3837,230,230,0.0,0.0,,1,,,,,,,,,,,,,,,*70
$AIS,0,351111111,0,6,6,2.079,51.4112,347,347,0.0,0.0,,1,,,,,,,,,,,,,,,*70
$AIS,0,451111111,0,25.2,25.2,2.0721,51.4321,51,51,0.0,0.0,,1,,,,,,,,,,,,,,,*70
$OWN,0,311000232,0,12.9,12.9,2.0911,51.3936,8,8,0.0,0.0,,1,,,,,,,,,,,,,,,*70
$AIS,0,151111111,0,15,15,2.0541,51.3944,42,42,0.0,0.0,,1,,,,,,,,,,,,,,,*70
$AIS,0,251111111,0,15,15,2.0456,51.3835,230,230,0.0,0.0,,1,,,,,,,,,,,,,,,*70
$AIS,0,351111111,0,6,6,2.079,51.4114,347,347,0.0,0.0,,1,,,,,,,,,,,,,,,*70
$AIS,0,451111111,0,25.2,25.2,2.0721,51.4328,51,51,0.0,0.0,,1,,,,,,,,,,,,,,,*70
$OWN,0,311000232,0,12.9,12.9,2.091,51.3939,8,8,0.0,0.0,,1,,,,,,,,,,,,,,,*70
$AIS,0,151111111,0,15,15,2.0544,51.3947,42,42,0.0,0.0,,1,,,,,,,,,,,,,,,*70
$AIS,0,251111111,0,15,15,2.0452,51.3832,230,230,0.0,0.0,,1,,,,,,,,,,,,,,,*70
$AIS,0,351111111,0,6,6,2.0789,51.4115,347,347,0.0,0.0,,1,,,,,,,,,,,,,,,*70
$AIS,0,451111111,0,25.2,25.2,2.0721,51.4335,51,51,0.0,0.0,,1,,,,,,,,,,,,,,,*70
$OWN,0,311000232,0,12.9,12.9,2.0909,51.3943,8,8,0.0,0.0,,1,,,,,,,,,,,,,,,*70
$AIS,0,151111111,0,15,15,2.0547,51.395,42,42,0.0,0.0,,1,,,,,,,,,,,,,,,*70
$AIS,0,251111111,0,15,15,2.0448,51.3829,230,230,0.0,0.0,,1,,,,,,,,,,,,,,,*70
$AIS,0,351111111,0,6,6,2.0789,51.4117,347,347,0.0,0.0,,1,,,,,,,,,,,,,,,*70
$AIS,0,451111111,0,25.2,25.2,2.072,51.4341,51,51,0.0,0.0,,1,,,,,,,,,,,,,,,*70
$OWN,0,311000232,0,12.9,12.9,2.0908,51.3947,8,8,0.0,0.0,,1,,,,,,,,,,,,,,,*70
$AIS,0,151111111,0,15,15,2.0549,51.3953,42,42,0.0,0.0,,1,,,,,,,,,,,,,,,*70
$AIS,0,251111111,0,15,15,2.0443,51.3827,230,230,0.0,0.0,,1,,,,,,,,,,,,,,,*70
$AIS,0,351111111,0,6,6,2.0788,51.4118,347,347,0.0,0.0,,1,,,,,,,,,,,,,,,*70
$AIS,0,451111111,0,25.2,25.2,2.072,51.4348,51,51,0.0,0.0,,1,,,,,,,,,,,,,,,*70
$OWN,0,311000232,0,12.9,12.9,2.0907,51.395,8,8,0.0,0.0,,1,,,,,,,,,,,,,,,*70
$AIS,0,151111111,0,15,15,2.0552,51.3956,42,42,0.0,0.0,,1,,,,,,,,,,,,,,,*70
$AIS,0,251111111,0,15,15,2.0439,51.3824,230,230,0.0,0.0,,1,,,,,,,,,,,,,,,*70
$AIS,0,351111111,0,6,6,2.0788,51.412,347,347,0.0,0.0,,1,,,,,,,,,,,,,,,*70
$AIS,0,451111111,0,25.2,25.2,2.072,51.4355,51,51,0.0,0.0,,1,,,,,,,,,,,,,,,*70
$OWN,0,311000232,0,12.9,12.9,2.0907,51.3954,8,8,0.0,0.0,,1,,,,,,,,,,,,,,,*70
$AIS,0,151111111,0,15,15,2.0554,51.3959,42,42,0.0,0.0,,1,,,,,,,,,,,,,,,*70
$AIS,0,251111111,0,15,15,2.0435,51.3821,230,230,0.0,0.0,,1,,,,,,,,,,,,,,,*70
$AIS,0,351111111,0,6,6,2.0787,51.4121,347,347,0.0,0.0,,1,,,,,,,,,,,,,,,*70
$AIS,0,451111111,0,25.2,25.2,2.0719,51.4362,51,51,0.0,0.0,,1,,,,,,,,,,,,,,,*70
$OWN,0,311000232,0,12.9,12.9,2.0906,51.3958,8,8,0.0,0.0,,1,,,,,,,,,,,,,,,*70
$AIS,0,151111111,0,15,15,2.0557,51.3962,42,42,0.0,0.0,,1,,,,,,,,,,,,,,,*70
$AIS,0,251111111,0,15,15,2.043,51.3819,230,230,0.0,0.0,,1,,,,,,,,,,,,,,,*70
$AIS,0,351111111,0,6,6,2.0787,51.4123,347,347,0.0,0.0,,1,,,,,,,,,,,,,,,*70
$AIS,0,451111111,0,25.2,25.2,2.0719,51.4369,51,51,0.0,0.0,,1,,,,,,,,,,,,,,,*70
$OWN,0,311000232,0,12.9,12.9,2.0905,51.3961,8,8,0.0,0.0,,1,,,,,,,,,,,,,,,*70
$AIS,0,151111111,0,15,15,2.056,51.3965,42,42,0.0,0.0,,1,,,,,,,,,,,,,,,*70
$AIS,0,251111111,0,15,15,2.0426,51.3816,230,230,0.0,0.0,,1,,,,,,,,,,,,,,,*70
$AIS,0,351111111,0,6,6,2.0786,51.4124,347,347,0.0,0.0,,1,,,,,,,,,,,,,,,*70
$AIS,0,451111111,0,25.2,25.2,2.0719,51.4376,51,51,0.0,0.0,,1,,,,,,,,,,,,,,,*70
$OWN,0,311000232,0,12.9,12.9,2.0904,51.3965,8,8,0.0,0.0,,1,,,,,,,,,,,,,,,*70
$AIS,0,151111111,0,15,15,2.0562,51.3968,42,42,0.0,0.0,,1,,,,,,,,,,,,,,,*70
$AIS,0,251111111,0,15,15,2.0422,51.3813,230,230,0.0,0.0,,1,,,,,,,,,,,,,,,*70
$AIS,0,351111111,0,6,6,2.0786,51.4126,347,347,0.0,0.0,,1,,,,,,,,,,,,,,,*70
$AIS,0,451111111,0,25.2,25.2,2.0718,51.4382,51,51,0.0,0.0,,1,,,,,,,,,,,,,,,*70
$OWN,0,311000232,0,12.9,12.9,2.0903,51.3969,8,8,0.0,0.0,,1,,,,,,,,,,,,,,,*70
$AIS,0,151111111,0,15,15,2.0565,51.3971,42,42,0.0,0.0,,1,,,,,,,,,,,,,,,*70
$AIS,0,251111111,0,15,15,2.0417,51.3811,230,230,0.0,0.0,,1,,,,,,,,,,,,,,,*70
$AIS,0,351111111,0,6,6,2.0785,51.4127,347,347,0.0,0.0,,1,,,,,,,,,,,,,,,*70
$AIS,0,451111111,0,25.2,25.2,2.0718,51.4389,51,51,0.0,0.0,,1,,,,,,,,,,,,,,,*70
$OWN,0,311000232,0,12.9,12.9,2.0902,51.3972,8,8,0.0,0.0,,1,,,,,,,,,,,,,,,*70
$AIS,0,151111111,0,15,15,2.0567,51.3974,42,42,0.0,0.0,,1,,,,,,,,,,,,,,,*70
$AIS,0,251111111,0,15,15,2.0413,51.3808,230,230,0.0,0.0,,1,,,,,,,,,,,,,,,*70
$AIS,0,351111111,0,6,6,2.0785,51.4129,347,347,0.0,0.0,,1,,,,,,,,,,,,,,,*70
$AIS,0,451111111,0,25.2,25.2,2.0718,51.4396,51,51,0.0,0.0,,1,,,,,,,,,,,,,,,*70
$OWN,0,311000232,0,12.9,12.9,2.0902,51.3976,8,8,0.0,0.0,,1,,,,,,,,,,,,,,,*70
$AIS,0,151111111,0,15,15,2.057,51.3977,42,42,0.0,0.0,,1,,,,,,,,,,,,,,,*70
$AIS,0,251111111,0,15,15,2.0409,51.3805,230,230,0.0,0.0,,1,,,,,,,,,,,,,,,*70
$AIS,0,351111111,0,6,6,2.0784,51.413,347,347,0.0,0.0,,1,,,,,,,,,,,,,,,*70
$AIS,0,451111111,0,25.2,25.2,2.0717,51.4403,51,51,0.0,0.0,,1,,,,,,,,,,,,,,,*70
$OWN,0,311000232,0,12.9,12.9,2.0901,51.398,8,8,0.0,0.0,,1,,,,,,,,,,,,,,,*70
$AIS,0,151111111,0,15,15,2.0572,51.398,42,42,0.0,0.0,,1,,,,,,,,,,,,,,,*70
$AIS,0,251111111,0,15,15,2.0404,51.3803,230,230,0.0,0.0,,1,,,,,,,,,,,,,,,*70
$AIS,0,351111111,0,6,6,2.0784,51.4132,347,347,0.0,0.0,,1,,,,,,,,,,,,,,,*70
$AIS,0,451111111,0,25.2,25.2,2.0717,51.441,51,51,0.0,0.0,,1,,,,,,,,,,,,,,,*70
$OWN,0,311000232,0,12.9,12.9,2.09,51.3983,8,8,0.0,0.0,,1,,,,,,,,,,,,,,,*70
$AIS,0,151111111,0,15,15,2.0575,51.3983,42,42,0.0,0.0,,1,,,,,,,,,,,,,,,*70
$AIS,0,251111111,0,15,15,2.04,51.38,230,230,0.0,0.0,,1,,,,,,,,,,,,,,,*70
$AIS,0,351111111,0,6,6,2.0783,51.4133,347,347,0.0,0.0,,1,,,,,,,,,,,,,,,*70
$AIS,0,451111111,0,25.2,25.2,2.0717,51.4417,51,51,0.0,0.0,,1,,,,,,,,,,,,,,,*70
$OWN,0,311000232,0,12.9,12.9,2.0899,51.3987,8,8,0.0,0.0,,1,,,,,,,,,,,,,,,*70
$AIS,0,151111111,0,15,15,2.0578,51.3986,42,42,0.0,0.0,,1,,,,,,,,,,,,,,,*70
$AIS,0,251111111,0,15,15,2.0396,51.3797,230,230,0.0,0.0,,1,,,,,,,,,,,,,,,*70
$AIS,0,351111111,0,6,6,2.0783,51.4135,347,347,0.0,0.0,,1,,,,,,,,,,,,,,,*70
$AIS,0,451111111,0,25.2,25.2,2.0716,51.4423,51,51,0.0,0.0,,1,,,,,,,,,,,,,,,*70
$OWN,0,311000232,0,12.9,12.9,2.0898,51.3991,8,8,0.0,0.0,,1,,,,,,,,,,,,,,,*70
$AIS,0,151111111,0,15,15,2.058,51.3989,42,42,0.0,0.0,,1,,,,,,,,,,,,,,,*70
$AIS,0,251111111,0,15,15,2.0391,51.3795,230,230,0.0,0.0,,1,,,,,,,,,,,,,,,*70
$AIS,0,351111111,0,6,6,2.0782,51.4136,347,347,0.0,0.0,,1,,,,,,,,,,,,,,,*70
$AIS,0,451111111,0,25.2,25.2,2.0716,51.443,51,51,0.0,0.0,,1,,,,,,,,,,,,,,,*70
$OWN,0,311000232,0,12.9,12.9,2.0898,51.3994,8,8,0.0,0.0,,1,,,,,,,,,,,,,,,*70
$AIS,0,151111111,0,15,15,2.0583,51.3992,42,42,0.0,0.0,,1,,,,,,,,,,,,,,,*70
$AIS,0,251111111,0,15,15,2.0387,51.3792,230,230,0.0,0.0,,1,,,,,,,,,,,,,,,*70
$AIS,0,351111111,0,6,6,2.0782,51.4138,347,347,0.0,0.0,,1,,,,,,,,,,,,,,,*70
$AIS,0,451111111,0,25.2,25.2,2.0716,51.4437,51,51,0.0,0.0,,1,,,,,,,,,,,,,,,*70
$OWN,0,311000232,0,12.9,12.9,2.0897,51.3998,8,8,0.0,0.0,,1,,,,,,,,,,,,,,,*70
$AIS,0,151111111,0,15,15,2.0585,51.3995,42,42,0.0,0.0,,1,,,,,,,,,,,,,,,*70
$AIS,0,251111111,0,15,15,2.0383,51.3789,230,230,0.0,0.0,,1,,,,,,,,,,,,,,,*70
$AIS,0,351111111,0,6,6,2.0781,51.4139,347,347,0.0,0.0,,1,,,,,,,,,,,,,,,*70
$AIS,0,451111111,0,25.2,25.2,2.0715,51.4444,51,51,0.0,0.0,,1,,,,,,,,,,,,,,,*70
$OWN,0,311000232,0,12.9,12.9,2.0896,51.4002,8,8,0.0,0.0,,1,,,,,,,,,,,,,,,*70
$AIS,0,151111111,0,15,15,2.0588,51.3998,42,42,0.0,0.0,,1,,,,,,,,,,,,,,,*70
$AIS,0,251111111,0,15,15,2.0378,51.3787,230,230,0.0,0.0,,1,,,,,,,,,,,,,,,*70
$AIS,0,351111111,0,6,6,2.0781,51.4141,347,347,0.0,0.0,,1,,,,,,,,,,,,,,,*70
$AIS,0,451111111,0,25.2,25.2,2.0715,51.4451,51,51,0.0,0.0,,1,,,,,,,,,,,,,,,*70
$OWN,0,311000232,0,12.9,12.9,2.0895,51.4005,8,8,0.0,0.0,,1,,,,,,,,,,,,,,,*70
$AIS,0,151111111,0,15,15,2.059,51.4001,42,42,0.0,0.0,,1,,,,,,,,,,,,,,,*70
$AIS,0,251111111,0,15,15,2.0374,51.3784,230,230,0.0,0.0,,1,,,,,,,,,,,,,,,*70
$AIS,0,351111111,0,6,6,2.078,51.4142,347,347,0.0,0.0,,1,,,,,,,,,,,,,,,*70
$AIS,0,451111111,0,25.2,25.2,2.0715,51.4458,51,51,0.0,0.0,,1,,,,,,,,,,,,,,,*70
$OWN,0,311000232,0,12.9,12.9,2.0894,51.4009,8,8,0.0,0.0,,1,,,,,,,,,,,,,,,*70
$AIS,0,151111111,0,15,15,2.0593,51.4004,42,42,0.0,0.0,,1,,,,,,,,,,,,,,,*70
$AIS,0,251111111,0,15,15,2.037,51.3781,230,230,0.0,0.0,,1,,,,,,,,,,,,,,,*70
$AIS,0,351111111,0,6,6,2.078,51.4144,347,347,0.0,0.0,,1,,,,,,,,,,,,,,,*70
$AIS,0,451111111,0,25.2,25.2,2.0714,51.4464,51,51,0.0,0.0,,1,,,,,,,,,,,,,,,*70
$OWN,0,311000232,0,12.9,12.9,2.0893,51.4013,8,8,0.0,0.0,,1,,,,,,,,,,,,,,,*70
$AIS,0,151111111,0,15,15,2.0596,51.4007,42,42,0.0,0.0,,1,,,,,,,,,,,,,,,*70
$AIS,0,251111111,0,15,15,2.0365,51.3779,230,230,0.0,0.0,,1,,,,,,,,,,,,,,,*70
$AIS,0,351111111,0,6,6,2.0779,51.4145,347,347,0.0,0.0,,1,,,,,,,,,,,,,,,*70
$AIS,0,451111111,0,25.2,25.2,2.0714,51.4471,51,51,0.0,0.0,,1,,,,,,,,,,,,,,,*70
$OWN,0,311000232,0,12.9,12.9,2.0893,51.4016,8,8,0.0,0.0,,1,,,,,,,,,,,,,,,*70
$AIS,0,151111111,0,15,15,2.0598,51.401,42,42,0.0,0.0,,1,,,,,,,,,,,,,,,*70
$AIS,0,251111111,0,15,15,2.0361,51.3776,230,230,0.0,0.0,,1,,,,,,,,,,,,,,,*70
$AIS,0,351111111,0,6,6,2.0779,51.4147,347,347,0.0,0.0,,1,,,,,,,,,,,,,,,*70
$AIS,0,451111111,0,25.2,25.2,2.0714,51.4478,51,51,0.0,0.0,,1,,,,,,,,,,,,,,,*70
$OWN,0,311000232,0,12.9,12.9,2.0892,51.402,8,8,0.0,0.0,,1,,,,,,,,,,,,,,,*70
$AIS,0,151111111,0,15,15,2.0601,51.4013,42,42,0.0,0.0,,1,,,,,,,,,,,,,,,*70
$AIS,0,251111111,0,15,15,2.0357,51.3773,230,230,0.0,0.0,,1,,,,,,,,,,,,,,,*70
$AIS,0,351111111,0,6,6,2.0778,51.4148,347,347,0.0,0.0,,1,,,,,,,,,,,,,,,*70
$AIS,0,451111111,0,25.2,25.2,2.0713,51.4485,51,51,0.0,0.0,,1,,,,,,,,,,,,,,,*70
$OWN,0,311000232,0,12.9,12.9,2.0891,51.4024,8,8,0.0,0.0,,1,,,,,,,,,,,,,,,*70
$AIS,0,151111111,0,15,15,2.0603,51.4016,42,42,0.0,0.0,,1,,,,,,,,,,,,,,,*70
$AIS,0,251111111,0,15,15,2.0352,51.3771,230,230,0.0,0.0,,1,,,,,,,,,,,,,,,*70
$AIS,0,351111111,0,6,6,2.0778,51.415,347,347,0.0,0.0,,1,,,,,,,,,,,,,,,*70
$AIS,0,451111111,0,25.2,25.2,2.0713,51.4492,51,51,0.0,0.0,,1,,,,,,,,,,,,,,,*70
$OWN,0,311000232,0,12.9,12.9,2.089,51.4027,8,8,0.0,0.0,,1,,,,,,,,,,,,,,,*70
$AIS,0,151111111,0,15,15,2.0606,51.4019,42,42,0.0,0.0,,1,,,,,,,,,,,,,,,*70
$AIS,0,251111111,0,15,15,2.0348,51.3768,230,230,0.0,0.0,,1,,,,,,,,,,,,,,,*70
$AIS,0,351111111,0,6,6,2.0777,51.4151,347,347,0.0,0.0,,1,,,,,,,,,,,,,,,*70
$AIS,0,451111111,0,25.2,25.2,2.0713,51.4499,51,51,0.0,0.0,,1,,,,,,,,,,,,,,,*70
$OWN,0,311000232,0,12.9,12.9,2.0889,51.4031,8,8,0.0,0.0,,1,,,,,,,,,,,,,,,*70
$AIS,0,151111111,0,15,15,2.0609,51.4022,42,42,0.0,0.0,,1,,,,,,,,,,,,,,,*70
$AIS,0,251111111,0,15,15,2.0344,51.3765,230,230,0.0,0.0,,1,,,,,,,,,,,,,,,*70
$AIS,0,351111111,0,6,6,2.0777,51.4153,347,347,0.0,0.0,,1,,,,,,,,,,,,,,,*70
$AIS,0,451111111,0,25.2,25.2,2.0712,51.4505,51,51,0.0,0.0,,1,,,,,,,,,,,,,,,*70
$OWN,0,311000232,0,12.9,12.9,2.0888,51.4035,8,8,0.0,0.0,,1,,,,,,,,,,,,,,,*70
$AIS,0,151111111,0,15,15,2.0611,51.4025,42,42,0.0,0.0,,1,,,,,,,,,,,,,,,*70
$AIS,0,251111111,0,15,15,2.0339,51.3763,230,230,0.0,0.0,,1,,,,,,,,,,,,,,,*70
$AIS,0,351111111,0,6,6,2.0776,51.4154,347,347,0.0,0.0,,1,,,,,,,,,,,,,,,*70
$AIS,0,451111111,0,25.2,25.2,2.0712,51.4512,51,51,0.0,0.0,,1,,,,,,,,,,,,,,,*70
$OWN,0,311000232,0,12.9,12.9,2.0888,51.4038,8,8,0.0,0.0,,1,,,,,,,,,,,,,,,*70
$AIS,0,151111111,0,15,15,2.0614,51.4028,42,42,0.0,0.0,,1,,,,,,,,,,,,,,,*70
$AIS,0,251111111,0,15,15,2.0335,51.376,230,230,0.0,0.0,,1,,,,,,,,,,,,,,,*70
$AIS,0,351111111,0,6,6,2.0776,51.4156,347,347,0.0,0.0,,1,,,,,,,,,,,,,,,*70
$AIS,0,451111111,0,25.2,25.2,2.0712,51.4519,51,51,0.0,0.0,,1,,,,,,,,,,,,,,,*70
$OWN,0,311000232,0,12.9,12.9,2.0887,51.4042,8,8,0.0,0.0,,1,,,,,,,,,,,,,,,*70
$AIS,0,151111111,0,15,15,2.0616,51.4031,42,42,0.0,0.0,,1,,,,,,,,,,,,,,,*70
$AIS,0,251111111,0,15,15,2.0331,51.3757,230,230,0.0,0.0,,1,,,,,,,,,,,,,,,*70
$AIS,0,351111111,0,6,6,2.0775,51.4157,347,347,0.0,0.0,,1,,,,,,,,,,,,,,,*70
$AIS,0,451111111,0,25.2,25.2,2.0711,51.4526,51,51,0.0,0.0,,1,,,,,,,,,,,,,,,*70
$OWN,0,311000232,0,12.9,12.9,2.0886,51.4046,8,8,0.0,0.0,,1,,,,,,,,,,,,,,,*70
$AIS,0,151111111,0,15,15,2.0619,51.4034,42,42,0.0,0.0,,1,,,,,,,,,,,,,,,*70
$AIS,0,251111111,0,15,15,2.0326,51.3755,230,230,0.0,0.0,,1,,,,,,,,,,,,,,,*70
$AIS,0,351111111,0,6,6,2.0775,51.4159,347,347,0.0,0.0,,1,,,,,,,,,,,,,,,*70
$AIS,0,451111111,0,25.2,25.2,2.0711,51.4533,51,51,0.0,0.0,,1,,,,,,,,,,,,,,,*70
$OWN,0,311000232,0,12.9,12.9,2.0885,51.4049,8,8,0.0,0.0,,1,,,,,,,,,,,,,,,*70
$AIS,0,151111111,0,15,15,2.0621,51.4037,42,42,0.0,0.0,,1,,,,,,,,,,,,,,,*70
$AIS,0,251111111,0,15,15,2.0322,51.3752,230,230,0.0,0.0,,1,,,,,,,,,,,,,,,*70
$AIS,0,351111111,0,6,6,2.0774,51.416,347,347,0.0,0.0,,1,,,,,,,,,,,,,,,*70
$AIS,0,451111111,0,25.2,25.2,2.0711,51.454,51,51,0.0,0.0,,1,,,,,,,,,,,,,,,*70
$OWN,0,311000232,0,12.9,12.9,2.0884,51.4053,8,8,0.0,0.0,,1,,,,,,,,,,,,,,,*70
$AIS,0,151111111,0,15,15,2.0624,51.404,42,42,0.0,0.0,,1,,,,,,,,,,,,,,,*70
$AIS,0,251111111,0,15,15,2.0318,51.3749,230,230,0.0,0.0,,1,,,,,,,,,,,,,,,*70
$AIS,0,351111111,0,6,6,2.0774,51.4162,347,347,0.0,0.0,,1,,,,,,,,,,,,,,,*70
$AIS,0,451111111,0,25.2,25.2,2.071,51.4546,51,51,0.0,0.0,,1,,,,,,,,,,,,,,,*70
$OWN,0,311000232,0,12.9,12.9,2.0883,51.4057,8,8,0.0,0.0,,1,,,,,,,,,,,,,,,*70
$AIS,0,151111111,0,15,15,2.0627,51.4043,42,42,0.0,0.0,,1,,,,,,,,,,,,,,,*70
$AIS,0,251111111,0,15,15,2.0313,51.3747,230,230,0.0,0.0,,1,,,,,,,,,,,,,,,*70
$AIS,0,351111111,0,6,6,2.0773,51.4163,347,347,0.0,0.0,,1,,,,,,,,,,,,,,,*70
$AIS,0,451111111,0,25.2,25.2,2.071,51.4553,51,51,0.0,0.0,,1,,,,,,,,,,,,,,,*70
$OWN,0,311000232,0,12.9,12.9,2.0883,51.406,8,8,0.0,0.0,,1,,,,,,,,,,,,,,,*70
$AIS,0,151111111,0,15,15,2.0629,51.4046,42,42,0.0,0.0,,1,,,,,,,,,,,,,,,*70
$AIS,0,251111111,0,15,15,2.0309,51.3744,230,230,0.0,0.0,,1,,,,,,,,,,,,,,,*70
$AIS,0,351111111,0,6,6,2.0773,51.4165,347,347,0.0,0.0,,1,,,,,,,,,,,,,,,*70
$AIS,0,451111111,0,25.2,25.2,2.071,51.456,51,51,0.0,0.0,,1,,,,,,,,,,,,,,,*70
$OWN,0,311000232,0,12.9,12.9,2.0882,51.4064,8,8,0.0,0.0,,1,,,,,,,,,,,,,,,*70
$AIS,0,151111111,0,15,15,2.0632,51.4049,42,42,0.0,0.0,,1,,,,,,,,,,,,,,,*70
$AIS,0,251111111,0,15,15,2.0305,51.3741,230,230,0.0,0.0,,1,,,,,,,,,,,,,,,*70
$AIS,0,351111111,0,6,6,2.0772,51.4166,347,347,0.0,0.0,,1,,,,,,,,,,,,,,,*70
$AIS,0,451111111,0,25.2,25.2,2.0709,51.4567,51,51,0.0,0.0,,1,,,,,,,,,,,,,,,*70
$OWN,0,311000232,0,12.9,12.9,2.0881,51.4068,8,8,0.0,0.0,,1,,,,,,,,,,,,,,,*70
$AIS,0,151111111,0,15,15,2.0634,51.4052,42,42,0.0,0.0,,1,,,,,,,,,,,,,,,*70
$AIS,0,251111111,0,15,15,2.03,51.3739,230,230,0.0,0.0,,1,,,,,,,,,,,,,,,*70
$AIS,0,351111111,0,6,6,2.0772,51.4168,347,347,0.0,0.0,,1,,,,,,,,,,,,,,,*70
$AIS,0,451111111,0,25.2,25.2,2.0709,51.4574,51,51,0.0,0.0,,1,,,,,,,,,,,,,,,*70
$OWN,0,311000232,0,12.9,12.9,2.088,51.4071,8,8,0.0,0.0,,1,,,,,,,,,,,,,,,*70
$AIS,0,151111111,0,15,15,2.0637,51.4055,42,42,0.0,0.0,,1,,,,,,,,,,,,,,,*70
$AIS,0,251111111,0,15,15,2.0296,51.3736,230,230,0.0,0.0,,1,,,,,,,,,,,,,,,*70
$AIS,0,351111111,0,6,6,2.0771,51.4169,347,347,0.0,0.0,,1,,,,,,,,,,,,,,,*70
$AIS,0,451111111,0,25.2,25.2,2.0709,51.4581,51,51,0.0,0.0,,1,,,,,,,,,,,,,,,*70
$OWN,0,311000232,0,12.9,12.9,2.0879,51.4075,8,8,0.0,0.0,,1,,,,,,,,,,,,,,,*70
$AIS,0,151111111,0,15,15,2.064,51.4058,42,42,0.0,0.0,,1,,,,,,,,,,,,,,,*70
$AIS,0,251111111,0,15,15,2.0292,51.3733,230,230,0.0,0.0,,1,,,,,,,,,,,,,,,*70
$AIS,0,351111111,0,6,6,2.0771,51.4171,347,347,0.0,0.0,,1,,,,,,,,,,,,,,,*70
$AIS,0,451111111,0,25.2,25.2,2.0708,51.4587,51,51,0.0,0.0,,1,,,,,,,,,,,,,,,*70
$OWN,0,311000232,0,12.9,12.9,2.0878,51.4079,8,8,0.0,0.0,,1,,,,,,,,,,,,,,,*70
$AIS,0,151111111,0,15,15,2.0642,51.4061,42,42,0.0,0.0,,1,,,,,,,,,,,,,,,*70
$AIS,0,251111111,0,15,15,2.0287,51.3731,230,230,0.0,0.0,,1,,,,,,,,,,,,,,,*70
$AIS,0,351111111,0,6,6,2.077,51.4172,347,347,0.0,0.0,,1,,,,,,,,,,,,,,,*70
$AIS,0,451111111,0,25.2,25.2,2.0708,51.4594,51,51,0.0,0.0,,1,,,,,,,,,,,,,,,*70
$OWN,0,311000232,0,12.9,12.9,2.0878,51.4082,8,8,0.0,0.0,,1,,,,,,,,,,,,,,,*70
$AIS,0,151111111,0,15,15,2.0645,51.4064,42,42,0.0,0.0,,1,,,,,,,,,,,,,,,*70
$AIS,0,251111111,0,15,15,2.0283,51.3728,230,230,0.0,0.0,,1,,,,,,,,,,,,,,,*70
$AIS,0,351111111,0,6,6,2.077,51.4174,347,347,0.0,0.0,,1,,,,,,,,,,,,,,,*70
$AIS,0,451111111,0,25.2,25.2,2.0708,51.4601,51,51,0.0,0.0,,1,,,,,,,,,,,,,,,*70
$OWN,0,311000232,0,12.9,12.9,2.0877,51.4086,8,8,0.0,0.0,,1,,,,,,,,,,,,,,,*70
$AIS,0,151111111,0,15,15,2.0647,51.4067,42,42,0.0,0.0,,1,,,,,,,,,,,,,,,*70
$AIS,0,251111111,0,15,15,2.0279,51.3725,230,230,0.0,0.0,,1,,,,,,,,,,,,,,,*70
$AIS,0,351111111,0,6,6,2.0769,51.4175,347,347,0.0,0.0,,1,,,,,,,,,,,,,,,*70
$AIS,0,451111111,0,25.2,25.2,2.0707,51.4608,51,51,0.0,0.0,,1,,,,,,,,,,,,,,,*70
$OWN,0,311000232,0,12.9,12.9,2.0876,51.409,8,8,0.0,0.0,,1,,,,,,,,,,,,,,,*70
$AIS,0,151111111,0,15,15,2.065,51.407,42,42,0.0,0.0,,1,,,,,,,,,,,,,,,*70
$AIS,0,251111111,0,15,15,2.0274,51.3723,230,230,0.0,0.0,,1,,,,,,,,,,,,,,,*70
$AIS,0,351111111,0,6,6,2.0769,51.4177,347,347,0.0,0.0,,1,,,,,,,,,,,,,,,*70
$AIS,0,451111111,0,25.2,25.2,2.0707,51.4615,51,51,0.0,0.0,,1,,,,,,,,,,,,,,,*70
$OWN,0,311000232,0,12.9,12.9,2.0875,51.4093,8,8,0.0,0.0,,1,,,,,,,,,,,,,,,*70
$AIS,0,151111111,0,15,15,2.0652,51.4073,42,42,0.0,0.0,,1,,,,,,,,,,,,,,,*70
$AIS,0,251111111,0,15,15,2.027,51.372,230,230,0.0,0.0,,1,,,,,,,,,,,,,,,*70
$AIS,0,351111111,0,6,6,2.0768,51.4178,347,347,0.0,0.0,,1,,,,,,,,,,,,,,,*70
$AIS,0,451111111,0,25.2,25.2,2.0707,51.4622,51,51,0.0,0.0,,1,,,,,,,,,,,,,,,*70
$OWN,0,311000232,0,12.9,12.9,2.0874,51.4097,8,8,0.0,0.0,,1,,,,,,,,,,,,,,,*70
$AIS,0,151111111,0,15,15,2.0655,51.4076,42,42,0.0,0.0,,1,,,,,,,,,,,,,,,*70
$AIS,0,251111111,0,15,15,2.0266,51.3717,230,230,0.0,0.0,,1,,,,,,,,,,,,,,,*70
$AIS,0,351111111,0,6,6,2.0768,51.418,347,347,0.0,0.0,,1,,,,,,,,,,,,,,,*70
$AIS,0,451111111,0,25.2,25.2,2.0706,51.4628,51,51,0.0,0.0,,1,,,,,,,,,,,,,,,*70
$OWN,0,311000232,0,12.9,12.9,2.0873,51.4101,8,8,0.0,0.0,,1,,,,,,,,,,,,,,,*70
$AIS,0,151111111,0,15,15,2.0658,51.4079,42,42,0.0,0.0,,1,,,,,,,,,,,,,,,*70
$AIS,0,251111111,0,15,15,2.0261,51.3715,230,230,0.0,0.0,,1,,,,,,,,,,,,,,,*70
$AIS,0,351111111,0,6,6,2.0767,51.4181,347,347,0.0,0.0,,1,,,,,,,,,,,,,,,*70
$AIS,0,451111111,0,25.2,25.2,2.0706,51.4635,51,51,0.0,0.0,,1,,,,,,,,,,,,,,,*70
$OWN,0,311000232,0,12.9,12.9,2.0873,51.4104,8,8,0.0,0.0,,1,,,,,,,,,,,,,,,*70
$AIS,0,151111111,0,15,15,2.066,51.4082,42,42,0.0,0.0,,1,,,,,,,,,,,,,,,*70
$AIS,0,251111111,0,15,15,2.0257,51.3712,230,230,0.0,0.0,,1,,,,,,,,,,,,,,,*70
$AIS,0,351111111,0,6,6,2.0767,51.4183,347,347,0.0,0.0,,1,,,,,,,,,,,,,,,*70
$AIS,0,451111111,0,25.2,25.2,2.0706,51.4642,51,51,0.0,0.0,,1,,,,,,,,,,,,,,,*70
$OWN,0,311000232,0,12.9,12.9,2.0872,51.4108,8,8,0.0,0.0,,1,,,,,,,,,,,,,,,*70
$AIS,0,151111111,0,15,15,2.0663,51.4085,42,42,0.0,0.0,,1,,,,,,,,,,,,,,,*70
$AIS,0,251111111,0,15,15,2.0253,51.3709,230,230,0.0,0.0,,1,,,,,,,,,,,,,,,*70
$AIS,0,351111111,0,6,6,2.0766,51.4184,347,347,0.0,0.0,,1,,,,,,,,,,,,,,,*70
$AIS,0,451111111,0,25.2,25.2,2.0705,51.4649,51,51,0.0,0.0,,1,,,,,,,,,,,,,,,*70
$OWN,0,311000232,0,12.9,12.9,2.0871,51.4112,8,8,0.0,0.0,,1,,,,,,,,,,,,,,,*70
$AIS,0,151111111,0,15,15,2.0665,51.4088,42,42,0.0,0.0,,1,,,,,,,,,,,,,,,*70
$AIS,0,251111111,0,15,15,2.0248,51.3707,230,230,0.0,0.0,,1,,,,,,,,,,,,,,,*70
$AIS,0,351111111,0,6,6,2.0766,51.4186,347,347,0.0,0.0,,1,,,,,,,,,,,,,,,*70
$AIS,0,451111111,0,25.2,25.2,2.0705,51.4656,51,51,0.0,0.0,,1,,,,,,,,,,,,,,,*70
$OWN,0,311000232,0,12.9,12.9,2.087,51.4115,8,8,0.0,0.0,,1,,,,,,,,,,,,,,,*70
$AIS,0,151111111,0,15,15,2.0668,51.4091,42,42,0.0,0.0,,1,,,,,,,,,,,,,,,*70
$AIS,0,251111111,0,15,15,2.0244,51.3704,230,230,0.0,0.0,,1,,,,,,,,,,,,,,,*70
$AIS,0,351111111,0,6,6,2.0765,51.4187,347,347,0.0,0.0,,1,,,,,,,,,,,,,,,*70
$AIS,0,451111111,0,25.2,25.2,2.0705,51.4663,51,51,0.0,0.0,,1,,,,,,,,,,,,,,,*70
$OWN,0,311000232,0,12.9,12.9,2.0869,51.4119,8,8,0.0,0.0,,1,,,,,,,,,,,,,,,*70
$AIS,0,151111111,0,15,15,2.0671,51.4094,42,42,0.0,0.0,,1,,,,,,,,,,,,,,,*70
$AIS,0,251111111,0,15,15,2.024,51.3701,230,230,0.0,0.0,,1,,,,,,,,,,,,,,,*70
$AIS,0,351111111,0,6,6,2.0765,51.4189,347,347,0.0,0.0,,1,,,,,,,,,,,,,,,*70
$AIS,0,451111111,0,25.2,25.2,2.0704,51.4669,51,51,0.0,0.0,,1,,,,,,,,,,,,,,,*70
$OWN,0,311000232,0,12.9,12.9,2.0868,51.4123,8,8,0.0,0.0,,1,,,,,,,,,,,,,,,*70
$AIS,0,151111111,0,15,15,2.0673,51.4097,42,42,0.0,0.0,,1,,,,,,,,,,,,,,,*70
$AIS,0,251111111,0,15,15,2.0235,51.3699,230,230,0.0,0.0,,1,,,,,,,,,,,,,,,*70
$AIS,0,351111111,0,6,6,2.0764,51.419,347,347,0.0,0.0,,1,,,,,,,,,,,,,,,*70
$AIS,0,451111111,0,25.2,25.2,2.0704,51.4676,51,51,0.0,0.0,,1,,,,,,,,,,,,,,,*70
$OWN,0,311000232,0,12.9,12.9,2.0868,51.4126,8,8,0.0,0.0,,1,,,,,,,,,,,,,,,*70
$AIS,0,151111111,0,15,15,2.0676,51.41,42,42,0.0,0.0,,1,,,,,,,,,,,,,,,*70
$AIS,0,251111111,0,15,15,2.0231,51.3696,230,230,0.0,0.0,,1,,,,,,,,,,,,,,,*70
$AIS,0,351111111,0,6,6,2.0764,51.4192,347,347,0.0,0.0,,1,,,,,,,,,,,,,,,*70
$AIS,0,451111111,0,25.2,25.2,2.0704,51.4683,51,51,0.0,0.0,,1,,,,,,,,,,,,,,,*70
$OWN,0,311000232,0,12.9,12.9,2.0867,51.413,8,8,0.0,0.0,,1,,,,,,,,,,,,,,,*70
$AIS,0,151111111,0,15,15,2.0678,51.4103,42,42,0.0,0.0,,1,,,,,,,,,,,,,,,*70
$AIS,0,251111111,0,15,15,2.0227,51.3693,230,230,0.0,0.0,,1,,,,,,,,,,,,,,,*70
$AIS,0,351111111,0,6,6,2.0763,51.4193,347,347,0.0,0.0,,1,,,,,,,,,,,,,,,*70
$AIS,0,451111111,0,25.2,25.2,2.0703,51.469,51,51,0.0,0.0,,1,,,,,,,,,,,,,,,*70
$OWN,0,311000232,0,12.9,12.9,2.0866,51.4134,8,8,0.0,0.0,,1,,,,,,,,,,,,,,,*70
$AIS,0,151111111,0,15,15,2.0681,51.4106,42,42,0.0,0.0,,1,,,,,,,,,,,,,,,*70
$AIS,0,251111111,0,15,15,2.0222,51.3691,230,230,0.0,0.0,,1,,,,,,,,,,,,,,,*70
$AIS,0,351111111,0,6,6,2.0763,51.4195,347,347,0.0,0.0,,1,,,,,,,,,,,,,,,*70
$AIS,0,451111111,0,25.2,25.2,2.0703,51.4697,51,51,0.0,0.0,,1,,,,,,,,,,,,,,,*70
$OWN,0,311000232,0,12.9,12.9,2.0865,51.4137,8,8,0.0,0.0,,1,,,,,,,,,,,,,,,*70
$AIS,0,151111111,0,15,15,2.0683,51.4109,42,42,0.0,0.0,,1,,,,,,,,,,,,,,,*70
$AIS,0,251111111,0,15,15,2.0218,51.3688,230,230,0.0,0.0,,1,,,,,,,,,,,,,,,*70
$AIS,0,351111111,0,6,6,2.0762,51.4196,347,347,0.0,0.0,,1,,,,,,,,,,,,,,,*70
$AIS,0,451111111,0,25.2,25.2,2.0703,51.4704,51,51,0.0,0.0,,1,,,,,,,,,,,,,,,*70
$OWN,0,311000232,0,12.9,12.9,2.0864,51.4141,8,8,0.0,0.0,,1,,,,,,,,,,,,,,,*70
$AIS,0,151111111,0,15,15,2.0686,51.4112,42,42,0.0,0.0,,1,,,,,,,,,,,,,,,*70
$AIS,0,251111111,0,15,15,2.0214,51.3685,230,230,0.0,0.0,,1,,,,,,,,,,,,,,,*70
$AIS,0,351111111,0,6,6,2.0762,51.4198,347,347,0.0,0.0,,1,,,,,,,,,,,,,,,*70
$AIS,0,451111111,0,25.2,25.2,2.0702,51.471,51,51,0.0,0.0,,1,,,,,,,,,,,,,,,*70
$OWN,0,311000232,0,12.9,12.9,2.0863,51.4145,8,8,0.0,0.0,,1,,,,,,,,,,,,,,,*70
$AIS,0,151111111,0,15,15,2.0689,51.4115,42,42,0.0,0.0,,1,,,,,,,,,,,,,,,*70
$AIS,0,251111111,0,15,15,2.0209,51.3683,230,230,0.0,0.0,,1,,,,,,,,,,,,,,,*70
$AIS,0,351111111,0,6,6,2.0761,51.4199,347,347,0.0,0.0,,1,,,,,,,,,,,,,,,*70
$AIS,0,451111111,0,25.2,25.2,2.0702,51.4717,51,51,0.0,0.0,,1,,,,,,,,,,,,,,,*70
$OWN,0,311000232,0,12.9,12.9,2.0863,51.4148,8,8,0.0,0.0,,1,,,,,,,,,,,,,,,*70
$AIS,0,151111111,0,15,15,2.0691,51.4118,42,42,0.0,0.0,,1,,,,,,,,,,,,,,,*70
$AIS,0,251111111,0,15,15,2.0205,51.368,230,230,0.0,0.0,,1,,,,,,,,,,,,,,,*70
$AIS,0,351111111,0,6,6,2.0761,51.4201,347,347,0.0,0.0,,1,,,,,,,,,,,,,,,*70
$AIS,0,451111111,0,25.2,25.2,2.0702,51.4724,51,51,0.0,0.0,,1,,,,,,,,,,,,,,,*70
$OWN,0,311000232,0,12.9,12.9,2.0862,51.4152,8,8,0.0,0.0,,1,,,,,,,,,,,,,,,*70
$AIS,0,151111111,0,15,15,2.0694,51.4121,42,42,0.0,0.0,,1,,,,,,,,,,,,,,,*70
$AIS,0,251111111,0,15,15,2.0201,51.3677,230,230,0.0,0.0,,1,,,,,,,,,,,,,,,*70
$AIS,0,351111111,0,6,6,2.076,51.4202,347,347,0.0,0.0,,1,,,,,,,,,,,,,,,*70
$AIS,0,451111111,0,25.2,25.2,2.0701,51.4731,51,51,0.0,0.0,,1,,,,,,,,,,,,,,,*70
$OWN,0,311000232,0,12.9,12.9,2.0861,51.4156,8,8,0.0,0.0,,1,,,,,,,,,,,,,,,*70
$AIS,0,151111111,0,15,15,2.0696,51.4124,42,42,0.0,0.0,,1,,,,,,,,,,,,,,,*70
$AIS,0,251111111,0,15,15,2.0196,51.3675,230,230,0.0,0.0,,1,,,,,,,,,,,,,,,*70
$AIS,0,351111111,0,6,6,2.076,51.4204,347,347,0.0,0.0,,1,,,,,,,,,,,,,,,*70
$AIS,0,451111111,0,25.2,25.2,2.0701,51.4738,51,51,0.0,0.0,,1,,,,,,,,,,,,,,,*70
$OWN,0,311000232,0,12.9,12.9,2.086,51.4159,8,8,0.0,0.0,,1,,,,,,,,,,,,,,,*70
$AIS,0,151111111,0,15,15,2.0699,51.4127,42,42,0.0,0.0,,1,,,,,,,,,,,,,,,*70
$AIS,0,251111111,0,15,15,2.0192,51.3672,230,230,0.0,0.0,,1,,,,,,,,,,,,,,,*70
$AIS,0,351111111,0,6,6,2.0759,51.4205,347,347,0.0,0.0,,1,,,,,,,,,,,,,,,*70
$AIS,0,451111111,0,25.2,25.2,2.0701,51.4745,51,51,0.0,0.0,,1,,,,,,,,,,,,,,,*70
$OWN,0,311000232,0,12.9,12.9,2.0859,51.4163,8,8,0.0,0.0,,1,,,,,,,,,,,,,,,*70
$AIS,0,151111111,0,15,15,2.0702,51.413,42,42,0.0,0.0,,1,,,,,,,,,,,,,,,*70
$AIS,0,251111111,0,15,15,2.0188,51.3669,230,230,0.0,0.0,,1,,,,,,,,,,,,,,,*70
$AIS,0,351111111,0,6,6,2.0759,51.4207,347,347,0.0,0.0,,1,,,,,,,,,,,,,,,*70
$AIS,0,451111111,0,25.2,25.2,2.07,51.4751,51,51,0.0,0.0,,1,,,,,,,,,,,,,,,*70
$OWN,0,311000232,0,12.9,12.9,2.0858,51.4167,8,8,0.0,0.0,,1,,,,,,,,,,,,,,,*70
$AIS,0,151111111,0,15,15,2.0704,51.4133,42,42,0.0,0.0,,1,,,,,,,,,,,,,,,*70
$AIS,0,251111111,0,15,15,2.0183,51.3667,230,230,0.0,0.0,,1,,,,,,,,,,,,,,,*70
$AIS,0,351111111,0,6,6,2.0758,51.4208,347,347,0.0,0.0,,1,,,,,,,,,,,,,,,*70
$AIS,0,451111111,0,25.2,25.2,2.07,51.4758,51,51,0.0,0.0,,1,,,,,,,,,,,,,,,*70
$OWN,0,311000232,0,12.9,12.9,2.0858,51.417,8,8,0.0,0.0,,1,,,,,,,,,,,,,,,*70
$AIS,0,151111111,0,15,15,2.0707,51.4136,42,42,0.0,0.0,,1,,,,,,,,,,,,,,,*70
$AIS,0,251111111,0,15,15,2.0179,51.3664,230,230,0.0,0.0,,1,,,,,,,,,,,,,,,*70
$AIS,0,351111111,0,6,6,2.0758,51.421,347,347,0.0,0.0,,1,,,,,,,,,,,,,,,*70
$AIS,0,451111111,0,25.2,25.2,2.07,51.4765,51,51,0.0,0.0,,1,,,,,,,,,,,,,,,*70
$OWN,0,311000232,0,12.9,12.9,2.0857,51.4174,8,8,0.0,0.0,,1,,,,,,,,,,,,,,,*70
$AIS,0,151111111,0,15,15,2.0709,51.4139,42,42,0.0,0.0,,1,,,,,,,,,,,,,,,*70
$AIS,0,251111111,0,15,15,2.0175,51.3661,230,230,0.0,0.0,,1,,,,,,,,,,,,,,,*70
$AIS,0,351111111,0,6,6,2.0757,51.4211,347,347,0.0,0.0,,1,,,,,,,,,,,,,,,*70
$AIS,0,451111111,0,25.2,25.2,2.0699,51.4772,51,51,0.0,0.0,,1,,,,,,,,,,,,,,,*70
$OWN,0,311000232,0,12.9,12.9,2.0856,51.4178,8,8,0.0,0.0,,1,,,,,,,,,,,,,,,*70
$AIS,0,151111111,0,15,15,2.0712,51.4142,42,42,0.0,0.0,,1,,,,,,,,,,,,,,,*70
$AIS,0,251111111,0,15,15,2.017,51.3659,230,230,0.0,0.0,,1,,,,,,,,,,,,,,,*70
$AIS,0,351111111,0,6,6,2.0757,51.4213,347,347,0.0,0.0,,1,,,,,,,,,,,,,,,*70
$AIS,0,451111111,0,25.2,25.2,2.0699,51.4779,51,51,0.0,0.0,,1,,,,,,,,,,,,,,,*70
$OWN,0,311000232,0,12.9,12.9,2.0855,51.4181,8,8,0.0,0.0,,1,,,,,,,,,,,,,,,*70
$AIS,0,151111111,0,15,15,2.0714,51.4145,42,42,0.0,0.0,,1,,,,,,,,,,,,,,,*70
$AIS,0,251111111,0,15,15,2.0166,51.3656,230,230,0.0,0.0,,1,,,,,,,,,,,,,,,*70
$AIS,0,351111111,0,6,6,2.0756,51.4214,347,347,0.0,0.0,,1,,,,,,,,,,,,,,,*70
$AIS,0,451111111,0,25.2,25.2,2.0699,51.4786,51,51,0.0,0.0,,1,,,,,,,,,,,,,,,*70
$OWN,0,311000232,0,12.9,12.9,2.0854,51.4185,8,8,0.0,0.0,,1,,,,,,,,,,,,,,,*70
$AIS,0,151111111,0,15,15,2.0717,51.4148,42,42,0.0,0.0,,1,,,,,,,,,,,,,,,*70
$AIS,0,251111111,0,15,15,2.0162,51.3653,230,230,0.0,0.0,,1,,,,,,,,,,,,,,,*70
$AIS,0,351111111,0,6,6,2.0756,51.4216,347,347,0.0,0.0,,1,,,,,,,,,,,,,,,*70
$AIS,0,451111111,0,25.2,25.2,2.0698,51.4792,51,51,0.0,0.0,,1,,,,,,,,,,,,,,,*70
$OWN,0,311000232,0,12.9,12.9,2.0853,51.4189,8,8,0.0,0.0,,1,,,,,,,,,,,,,,,*70
$AIS,0,151111111,0,15,15,2.072,51.4151,42,42,0.0,0.0,,1,,,,,,,,,,,,,,,*70
$AIS,0,251111111,0,15,15,2.0157,51.3651,230,230,0.0,0.0,,1,,,,,,,,,,,,,,,*70
$AIS,0,351111111,0,6,6,2.0755,51.4217,347,347,0.0,0.0,,1,,,,,,,,,,,,,,,*70
$AIS,0,451111111,0,25.2,25.2,2.0698,51.4799,51,51,0.0,0.0,,1,,,,,,,,,,,,,,,*70
$OWN,0,311000232,0,12.9,12.9,2.0853,51.4192,8,8,0.0,0.0,,1,,,,,,,,,,,,,,,*70
$AIS,0,151111111,0,15,15,2.0722,51.4154,42,42,0.0,0.0,,1,,,,,,,,,,,,,,,*70
$AIS,0,251111111,0,15,15,2.0153,51.3648,230,230,0.0,0.0,,1,,,,,,,,,,,,,,,*70
$AIS,0,351111111,0,6,6,2.0755,51.4219,347,347,0.0,0.0,,1,,,,,,,,,,,,,,,*70
$AIS,0,451111111,0,25.2,25.2,2.0698,51.4806,51,51,0.0,0.0,,1,,,,,,,,,,,,,,,*70
$OWN,0,311000232,0,12.9,12.9,2.0852,51.4196,8,8,0.0,0.0,,1,,,,,,,,,,,,,,,*70
$AIS,0,151111111,0,15,15,2.0725,51.4157,42,42,0.0,0.0,,1,,,,,,,,,,,,,,,*70
$AIS,0,251111111,0,15,15,2.0149,51.3645,230,230,0.0,0.0,,1,,,,,,,,,,,,,,,*70
$AIS,0,351111111,0,6,6,2.0754,51.422,347,347,0.0,0.0,,1,,,,,,,,,,,,,,,*70
$AIS,0,451111111,0,25.2,25.2,2.0697,51.4813,51,51,0.0,0.0,,1,,,,,,,,,,,,,,,*70
$OWN,0,311000232,0,12.9,12.9,2.0851,51.42,8,8,0.0,0.0,,1,,,,,,,,,,,,,,,*70
$AIS,0,151111111,0,15,15,2.0727,51.416,42,42,0.0,0.0,,1,,,,,,,,,,,,,,,*70
$AIS,0,251111111,0,15,15,2.0144,51.3643,230,230,0.0,0.0,,1,,,,,,,,,,,,,,,*70
$AIS,0,351111111,0,6,6,2.0754,51.4222,347,347,0.0,0.0,,1,,,,,,,,,,,,,,,*70
$AIS,0,451111111,0,25.2,25.2,2.0697,51.482,51,51,0.0,0.0,,1,,,,,,,,,,,,,,,*70
$OWN,0,311000232,0,12.9,12.9,2.085,51.4203,8,8,0.0,0.0,,1,,,,,,,,,,,,,,,*70
$AIS,0,151111111,0,15,15,2.073,51.4163,42,42,0.0,0.0,,1,,,,,,,,,,,,,,,*70
$AIS,0,251111111,0,15,15,2.014,51.364,230,230,0.0,0.0,,1,,,,,,,,,,,,,,,*70
$AIS,0,351111111,0,6,6,2.0753,51.4223,347,347,0.0,0.0,,1,,,,,,,,,,,,,,,*70
$AIS,0,451111111,0,25.2,25.2,2.0697,51.4827,51,51,0.0,0.0,,1,,,,,,,,,,,,,,,*70
$OWN,0,311000232,0,12.9,12.9,2.0849,51.4207,8,8,0.0,0.0,,1,,,,,,,,,,,,,,,*70
$AIS,0,151111111,0,15,15,2.0733,51.4166,42,42,0.0,0.0,,1,,,,,,,,,,,,,,,*70
$AIS,0,251111111,0,15,15,2.0136,51.3637,230,230,0.0,0.0,,1,,,,,,,,,,,,,,,*70
$AIS,0,351111111,0,6,6,2.0753,51.4225,347,347,0.0,0.0,,1,,,,,,,,,,,,,,,*70
$AIS,0,451111111,0,25.2,25.2,2.0696,51.4833,51,51,0.0,0.0,,1,,,,,,,,,,,,,,,*70
$OWN,0,311000232,0,12.9,12.9,2.0848,51.4211,8,8,0.0,0.0,,1,,,,,,,,,,,,,,,*70
$AIS,0,151111111,0,15,15,2.0735,51.4169,42,42,0.0,0.0,,1,,,,,,,,,,,,,,,*70
$AIS,0,251111111,0,15,15,2.0131,51.3635,230,230,0.0,0.0,,1,,,,,,,,,,,,,,,*70
$AIS,0,351111111,0,6,6,2.0752,51.4226,347,347,0.0,0.0,,1,,,,,,,,,,,,,,,*70
$AIS,0,451111111,0,25.2,25.2,2.0696,51.484,51,51,0.0,0.0,,1,,,,,,,,,,,,,,,*70
$OWN,0,311000232,0,12.9,12.9,2.0848,51.4214,8,8,0.0,0.0,,1,,,,,,,,,,,,,,,*70
$AIS,0,151111111,0,15,15,2.0738,51.4172,42,42,0.0,0.0,,1,,,,,,,,,,,,,,,*70
$AIS,0,251111111,0,15,15,2.0127,51.3632,230,230,0.0,0.0,,1,,,,,,,,,,,,,,,*70
$AIS,0,351111111,0,6,6,2.0752,51.4228,347,347,0.0,0.0,,1,,,,,,,,,,,,,,,*70
$AIS,0,451111111,0,25.2,25.2,2.0696,51.4847,51,51,0.0,0.0,,1,,,,,,,,,,,,,,,*70
$OWN,0,311000232,0,12.9,12.9,2.0847,51.4218,8,8,0.0,0.0,,1,,,,,,,,,,,,,,,*70
$AIS,0,151111111,0,15,15,2.074,51.4175,42,42,0.0,0.0,,1,,,,,,,,,,,,,,,*70
$AIS,0,251111111,0,15,15,2.0123,51.3629,230,230,0.0,0.0,,1,,,,,,,,,,,,,,,*70
$AIS,0,351111111,0,6,6,2.0751,51.4229,347,347,0.0,0.0,,1,,,,,,,,,,,,,,,*70
$AIS,0,451111111,0,25.2,25.2,2.0695,51.4854,51,51,0.0,0.0,,1,,,,,,,,,,,,,,,*70
$OWN,0,311000232,0,12.9,12.9,2.0846,51.4222,8,8,0.0,0.0,,1,,,,,,,,,,,,,,,*70
$AIS,0,151111111,0,15,15,2.0743,51.4178,42,42,0.0,0.0,,1,,,,,,,,,,,,,,,*70
$AIS,0,251111111,0,15,15,2.0118,51.3627,230,230,0.0,0.0,,1,,,,,,,,,,,,,,,*70
$AIS,0,351111111,0,6,6,2.0751,51.4231,347,347,0.0,0.0,,1,,,,,,,,,,,,,,,*70
$AIS,0,451111111,0,25.2,25.2,2.0695,51.4861,51,51,0.0,0.0,,1,,,,,,,,,,,,,,,*70
$OWN,0,311000232,0,12.9,12.9,2.0845,51.4225,8,8,0.0,0.0,,1,,,,,,,,,,,,,,,*70
$AIS,0,151111111,0,15,15,2.0745,51.4181,42,42,0.0,0.0,,1,,,,,,,,,,,,,,,*70
$AIS,0,251111111,0,15,15,2.0114,51.3624,230,230,0.0,0.0,,1,,,,,,,,,,,,,,,*70
$AIS,0,351111111,0,6,6,2.075,51.4232,347,347,0.0,0.0,,1,,,,,,,,,,,,,,,*70
$AIS,0,451111111,0,25.2,25.2,2.0695,51.4868,51,51,0.0,0.0,,1,,,,,,,,,,,,,,,*70
$OWN,0,311000232,0,12.9,12.9,2.0844,51.4229,8,8,0.0,0.0,,1,,,,,,,,,,,,,,,*70
$AIS,0,151111111,0,15,15,2.0748,51.4184,42,42,0.0,0.0,,1,,,,,,,,,,,,,,,*70
$AIS,0,251111111,0,15,15,2.011,51.3621,230,230,0.0,0.0,,1,,,,,,,,,,,,,,,*70
$AIS,0,351111111,0,6,6,2.075,51.4234,347,347,0.0,0.0,,1,,,,,,,,,,,,,,,*70
$AIS,0,451111111,0,25.2,25.2,2.0694,51.4874,51,51,0.0,0.0,,1,,,,,,,,,,,,,,,*70
$OWN,0,311000232,0,12.9,12.9,2.0843,51.4233,8,8,0.0,0.0,,1,,,,,,,,,,,,,,,*70
$AIS,0,151111111,0,15,15,2.0751,51.4187,42,42,0.0,0.0,,1,,,,,,,,,,,,,,,*70
$AIS,0,251111111,0,15,15,2.0105,51.3619,230,230,0.0,0.0,,1,,,,,,,,,,,,,,,*70
$AIS,0,351111111,0,6,6,2.0749,51.4235,347,347,0.0,0.0,,1,,,,,,,,,,,,,,,*70
$AIS,0,451111111,0,25.2,25.2,2.0694,51.4881,51,51,0.0,0.0,,1,,,,,,,,,,,,,,,*70
$OWN,0,311000232,0,12.9,12.9,2.0843,51.4236,8,8,0.0,0.0,,1,,,,,,,,,,,,,,,*70
$AIS,0,151111111,0,15,15,2.0753,51.419,42,42,0.0,0.0,,1,,,,,,,,,,,,,,,*70
$AIS,0,251111111,0,15,15,2.0101,51.3616,230,230,0.0,0.0,,1,,,,,,,,,,,,,,,*70
$AIS,0,351111111,0,6,6,2.0749,51.4237,347,347,0.0,0.0,,1,,,,,,,,,,,,,,,*70
$AIS,0,451111111,0,25.2,25.2,2.0694,51.4888,51,51,0.0,0.0,,1,,,,,,,,,,,,,,,*70
$OWN,0,311000232,0,12.9,12.9,2.0842,51.424,8,8,0.0,0.0,,1,,,,,,,,,,,,,,,*70
$AIS,0,151111111,0,15,15,2.0756,51.4193,42,42,0.0,0.0,,1,,,,,,,,,,,,,,,*70
$AIS,0,251111111,0,15,15,2.0097,51.3613,230,230,0.0,0.0,,1,,,,,,,,,,,,,,,*70
$AIS,0,351111111,0,6,6,2.0748,51.4238,347,347,0.0,0.0,,1,,,,,,,,,,,,,,,*70
$AIS,0,451111111,0,25.2,25.2,2.0693,51.4895,51,51,0.0,0.0,,1,,,,,,,,,,,,,,,*70
$OWN,0,311000232,0,12.9,12.9,2.0841,51.4244,8,8,0.0,0.0,,1,,,,,,,,,,,,,,,*70
$AIS,0,151111111,0,15,15,2.0758,51.4196,42,42,0.0,0.0,,1,,,,,,,,,,,,,,,*70
$AIS,0,251111111,0,15,15,2.0092,51.3611,230,230,0.0,0.0,,1,,,,,,,,,,,,,,,*70
$AIS,0,351111111,0,6,6,2.0748,51.424,347,347,0.0,0.0,,1,,,,,,,,,,,,,,,*70
$AIS,0,451111111,0,25.2,25.2,2.0693,51.4902,51,51,0.0,0.0,,1,,,,,,,,,,,,,,,*70
$OWN,0,311000232,0,12.9,12.9,2.084,51.4247,8,8,0.0,0.0,,1,,,,,,,,,,,,,,,*70
$AIS,0,151111111,0,15,15,2.0761,51.4199,42,42,0.0,0.0,,1,,,,,,,,,,,,,,,*70
$AIS,0,251111111,0,15,15,2.0088,51.3608,230,230,0.0,0.0,,1,,,,,,,,,,,,,,,*70
$AIS,0,351111111,0,6,6,2.0747,51.4241,347,347,0.0,0.0,,1,,,,,,,,,,,,,,,*70
$AIS,0,451111111,0,25.2,25.2,2.0693,51.4909,51,51,0.0,0.0,,1,,,,,,,,,,,,,,,*70
$OWN,0,311000232,0,12.9,12.9,2.0839,51.4251,8,8,0.0,0.0,,1,,,,,,,,,,,,,,,*70
$AIS,0,151111111,0,15,15,2.0764,51.4202,42,42,0.0,0.0,,1,,,,,,,,,,,,,,,*70
$AIS,0,251111111,0,15,15,2.0084,51.3605,230,230,0.0,0.0,,1,,,,,,,,,,,,,,,*70
$AIS,0,351111111,0,6,6,2.0747,51.4243,347,347,0.0,0.0,,1,,,,,,,,,,,,,,,*70
$AIS,0,451111111,0,25.2,25.2,2.0692,51.4915,51,51,0.0,0.0,,1,,,,,,,,,,,,,,,*70
$OWN,0,311000232,0,12.9,12.9,2.0838,51.4255,8,8,0.0,0.0,,1,,,,,,,,,,,,,,,*70
$AIS,0,151111111,0,15,15,2.0766,51.4205,42,42,0.0,0.0,,1,,,,,,,,,,,,,,,*70
$AIS,0,251111111,0,15,15,2.0079,51.3603,230,230,0.0,0.0,,1,,,,,,,,,,,,,,,*70
$AIS,0,351111111,0,6,6,2.0746,51.4244,347,347,0.0,0.0,,1,,,,,,,,,,,,,,,*70
$AIS,0,451111111,0,25.2,25.2,2.0692,51.4922,51,51,0.0,0.0,,1,,,,,,,,,,,,,,,*70
$OWN,0,311000232,0,12.9,12.9,2.0838,51.4258,8,8,0.0,0.0,,1,,,,,,,,,,,,,,,*70
$AIS,0,151111111,0,15,15,2.0769,51.4208,42,42,0.0,0.0,,1,,,,,,,,,,,,,,,*70
$AIS,0,251111111,0,15,15,2.0075,51.36,230,230,0.0,0.0,,1,,,,,,,,,,,,,,,*70
$AIS,0,351111111,0,6,6,2.0746,51.4246,347,347,0.0,0.0,,1,,,,,,,,,,,,,,,*70
$AIS,0,451111111,0,25.2,25.2,2.0692,51.4929,51,51,0.0,0.0,,1,,,,,,,,,,,,,,,*70
$OWN,0,311000232,0,12.9,12.9,2.0837,51.4262,8,8,0.0,0.0,,1,,,,,,,,,,,,,,,*70
$AIS,0,151111111,0,15,15,2.0771,51.4211,42,42,0.0,0.0,,1,,,,,,,,,,,,,,,*70
$AIS,0,251111111,0,15,15,2.0071,51.3597,230,230,0.0,0.0,,1,,,,,,,,,,,,,,,*70
$AIS,0,351111111,0,6,6,2.0745,51.4247,347,347,0.0,0.0,,1,,,,,,,,,,,,,,,*70
$AIS,0,451111111,0,25.2,25.2,2.0691,51.4936,51,51,0.0,0.0,,1,,,,,,,,,,,,,,,*70
$OWN,0,311000232,0,12.9,12.9,2.0836,51.4266,8,8,0.0,0.0,,1,,,,,,,,,,,,,,,*70
$AIS,0,151111111,0,15,15,2.0774,51.4214,42,42,0.0,0.0,,1,,,,,,,,,,,,,,,*70
$AIS,0,251111111,0,15,15,2.0066,51.3595,230,230,0.0,0.0,,1,,,,,,,,,,,,,,,*70
$AIS,0,351111111,0,6,6,2.0745,51.4249,347,347,0.0,0.0,,1,,,,,,,,,,,,,,,*70
$AIS,0,451111111,0,25.2,25.2,2.0691,51.4943,51,51,0.0,0.0,,1,,,,,,,,,,,,,,,*70
$OWN,0,311000232,0,12.9,12.9,2.0835,51.4269,8,8,0.0,0.0,,1,,,,,,,,,,,,,,,*70
$AIS,0,151111111,0,15,15,2.0776,51.4217,42,42,0.0,0.0,,1,,,,,,,,,,,,,,,*70
$AIS,0,251111111,0,15,15,2.0062,51.3592,230,230,0.0,0.0,,1,,,,,,,,,,,,,,,*70
$AIS,0,351111111,0,6,6,2.0744,51.425,347,347,0.0,0.0,,1,,,,,,,,,,,,,,,*70
$AIS,0,451111111,0,25.2,25.2,2.0691,51.495,51,51,0.0,0.0,,1,,,,,,,,,,,,,,,*70
$OWN,0,311000232,0,12.9,12.9,2.0834,51.4273,8,8,0.0,0.0,,1,,,,,,,,,,,,,,,*70
$AIS,0,151111111,0,15,15,2.0779,51.422,42,42,0.0,0.0,,1,,,,,,,,,,,,,,,*70
$AIS,0,251111111,0,15,15,2.0058,51.3589,230,230,0.0,0.0,,1,,,,,,,,,,,,,,,*70
$AIS,0,351111111,0,6,6,2.0744,51.4252,347,347,0.0,0.0,,1,,,,,,,,,,,,,,,*70
$AIS,0,451111111,0,25.2,25.2,2.069,51.4956,51,51,0.0,0.0,,1,,,,,,,,,,,,,,,*70
$OWN,0,311000232,0,12.9,12.9,2.0833,51.4277,8,8,0.0,0.0,,1,,,,,,,,,,,,,,,*70
$AIS,0,151111111,0,15,15,2.0782,51.4223,42,42,0.0,0.0,,1,,,,,,,,,,,,,,,*70
$AIS,0,251111111,0,15,15,2.0053,51.3587,230,230,0.0,0.0,,1,,,,,,,,,,,,,,,*70
$AIS,0,351111111,0,6,6,2.0743,51.4253,347,347,0.0,0.0,,1,,,,,,,,,,,,,,,*70
$AIS,0,451111111,0,25.2,25.2,2.069,51.4963,51,51,0.0,0.0,,1,,,,,,,,,,,,,,,*70
$OWN,0,311000232,0,12.9,12.9,2.0833,51.428,8,8,0.0,0.0,,1,,,,,,,,,,,,,,,*70
$AIS,0,151111111,0,15,15,2.0784,51.4226,42,42,0.0,0.0,,1,,,,,,,,,,,,,,,*70
$AIS,0,251111111,0,15,15,2.0049,51.3584,230,230,0.0,0.0,,1,,,,,,,,,,,,,,,*70
$AIS,0,351111111,0,6,6,2.0743,51.4255,347,347,0.0,0.0,,1,,,,,,,,,,,,,,,*70
$AIS,0,451111111,0,25.2,25.2,2.069,51.497,51,51,0.0,0.0,,1,,,,,,,,,,,,,,,*70
$OWN,0,311000232,0,12.9,12.9,2.0832,51.4284,8,8,0.0,0.0,,1,,,,,,,,,,,,,,,*70
$AIS,0,151111111,0,15,15,2.0787,51.4229,42,42,0.0,0.0,,1,,,,,,,,,,,,,,,*70
$AIS,0,251111111,0,15,15,2.0045,51.3581,230,230,0.0,0.0,,1,,,,,,,,,,,,,,,*70
$AIS,0,351111111,0,6,6,2.0742,51.4256,347,347,0.0,0.0,,1,,,,,,,,,,,,,,,*70
$AIS,0,451111111,0,25.2,25.2,2.0689,51.4977,51,51,0.0,0.0,,1,,,,,,,,,,,,,,,*70
$OWN,0,311000232,0,12.9,12.9,2.0831,51.4288,8,8,0.0,0.0,,1,,,,,,,,,,,,,,,*70
$AIS,0,151111111,0,15,15,2.0789,51.4232,42,42,0.0,0.0,,1,,,,,,,,,,,,,,,*70
$AIS,0,251111111,0,15,15,2.004,51.3579,230,230,0.0,0.0,,1,,,,,,,,,,,,,,,*70
$AIS,0,351111111,0,6,6,2.0742,51.4258,347,347,0.0,0.0,,1,,,,,,,,,,,,,,,*70
$AIS,0,451111111,0,25.2,25.2,2.0689,51.4984,51,51,0.0,0.0,,1,,,,,,,,,,,,,,,*70
$OWN,0,311000232,0,12.9,12.9,2.083,51.4291,8,8,0.0,0.0,,1,,,,,,,,,,,,,,,*70
$AIS,0,151111111,0,15,15,2.0792,51.4235,42,42,0.0,0.0,,1,,,,,,,,,,,,,,,*70
$AIS,0,251111111,0,15,15,2.0036,51.3576,230,230,0.0,0.0,,1,,,,,,,,,,,,,,,*70
$AIS,0,351111111,0,6,6,2.0741,51.4259,347,347,0.0,0.0,,1,,,,,,,,,,,,,,,*70
$AIS,0,451111111,0,25.2,25.2,2.0689,51.4991,51,51,0.0,0.0,,1,,,,,,,,,,,,,,,*70
$OWN,0,311000232,0,12.9,12.9,2.0829,51.4295,8,8,0.0,0.0,,1,,,,,,,,,,,,,,,*70
$AIS,0,151111111,0,15,15,2.0795,51.4238,42,42,0.0,0.0,,1,,,,,,,,,,,,,,,*70
$AIS,0,251111111,0,15,15,2.0032,51.3573,230,230,0.0,0.0,,1,,,,,,,,,,,,,,,*70
$AIS,0,351111111,0,6,6,2.0741,51.4261,347,347,0.0,0.0,,1,,,,,,,,,,,,,,,*70
$AIS,0,451111111,0,25.2,25.2,2.0688,51.4997,51,51,0.0,0.0,,1,,,,,,,,,,,,,,,*70
$OWN,0,311000232,0,12.9,12.9,2.0828,51.4299,8,8,0.0,0.0,,1,,,,,,,,,,,,,,,*70
$AIS,0,151111111,0,15,15,2.0797,51.4241,42,42,0.0,0.0,,1,,,,,,,,,,,,,,,*70
$AIS,0,251111111,0,15,15,2.0027,51.3571,230,230,0.0,0.0,,1,,,,,,,,,,,,,,,*70
$AIS,0,351111111,0,6,6,2.074,51.4262,347,347,0.0,0.0,,1,,,,,,,,,,,,,,,*70
$AIS,0,451111111,0,25.2,25.2,2.0688,51.5004,51,51,0.0,0.0,,1,,,,,,,,,,,,,,,*70
$OWN,0,311000232,0,12.9,12.9,2.0828,51.4302,8,8,0.0,0.0,,1,,,,,,,,,,,,,,,*70
$AIS,0,151111111,0,15,15,2.08,51.4244,42,42,0.0,0.0,,1,,,,,,,,,,,,,,,*70
$AIS,0,251111111,0,15,15,2.0023,51.3568,230,230,0.0,0.0,,1,,,,,,,,,,,,,,,*70
$AIS,0,351111111,0,6,6,2.074,51.4264,347,347,0.0,0.0,,1,,,,,,,,,,,,,,,*70
$AIS,0,451111111,0,25.2,25.2,2.0688,51.5011,51,51,0.0,0.0,,1,,,,,,,,,,,,,,,*70
$OWN,0,311000232,0,12.9,12.9,2.0827,51.4306,8,8,0.0,0.0,,1,,,,,,,,,,,,,,,*70
$AIS,0,151111111,0,15,15,2.0802,51.4247,42,42,0.0,0.0,,1,,,,,,,,,,,,,,,*70
$AIS,0,251111111,0,15,15,2.0019,51.3565,230,230,0.0,0.0,,1,,,,,,,,,,,,,,,*70
$AIS,0,351111111,0,6,6,2.0739,51.4265,347,347,0.0,0.0,,1,,,,,,,,,,,,,,,*70
$AIS,0,451111111,0,25.2,25.2,2.0687,51.5018,51,51,0.0,0.0,,1,,,,,,,,,,,,,,,*70
$OWN,0,311000232,0,12.9,12.9,2.0826,51.431,8,8,0.0,0.0,,1,,,,,,,,,,,,,,,*70
$AIS,0,151111111,0,15,15,2.0805,51.425,42,42,0.0,0.0,,1,,,,,,,,,,,,,,,*70
$AIS,0,251111111,0,15,15,2.0014,51.3563,230,230,0.0,0.0,,1,,,,,,,,,,,,,,,*70
$AIS,0,351111111,0,6,6,2.0739,51.4267,347,347,0.0,0.0,,1,,,,,,,,,,,,,,,*70
$AIS,0,451111111,0,25.2,25.2,2.0687,51.5025,51,51,0.0,0.0,,1,,,,,,,,,,,,,,,*70
$OWN,0,311000232,0,12.9,12.9,2.0825,51.4313,8,8,0.0,0.0,,1,,,,,,,,,,,,,,,*70
$AIS,0,151111111,0,15,15,2.0807,51.4253,42,42,0.0,0.0,,1,,,,,,,,,,,,,,,*70
$AIS,0,251111111,0,15,15,2.001,51.356,230,230,0.0,0.0,,1,,,,,,,,,,,,,,,*70
$AIS,0,351111111,0,6,6,2.0738,51.4268,347,347,0.0,0.0,,1,,,,,,,,,,,,,,,*70
$AIS,0,451111111,0,25.2,25.2,2.0687,51.5032,51,51,0.0,0.0,,1,,,,,,,,,,,,,,,*70
$OWN,0,311000232,0,12.9,12.9,2.0824,51.4317,8,8,0.0,0.0,,1,,,,,,,,,,,,,,,*70
$AIS,0,151111111,0,15,15,2.081,51.4256,42,42,0.0,0.0,,1,,,,,,,,,,,,,,,*70
$AIS,0,251111111,0,15,15,2.0006,51.3557,230,230,0.0,0.0,,1,,,,,,,,,,,,,,,*70
$AIS,0,351111111,0,6,6,2.0738,51.427,347,347,0.0,0.0,,1,,,,,,,,,,,,,,,*70
$AIS,0,451111111,0,25.2,25.2,2.0686,51.5038,51,51,0.0,0.0,,1,,,,,,,,,,,,,,,*70
$OWN,0,311000232,0,12.9,12.9,2.0823,51.4321,8,8,0.0,0.0,,1,,,,,,,,,,,,,,,*70
$AIS,0,151111111,0,15,15,2.0813,51.4259,42,42,0.0,0.0,,1,,,,,,,,,,,,,,,*70
$AIS,0,251111111,0,15,15,2.0001,51.3555,230,230,0.0,0.0,,1,,,,,,,,,,,,,,,*70
$AIS,0,351111111,0,6,6,2.0737,51.4271,347,347,0.0,0.0,,1,,,,,,,,,,,,,,,*70
$AIS,0,451111111,0,25.2,25.2,2.0686,51.5045,51,51,0.0,0.0,,1,,,,,,,,,,,,,,,*70
$OWN,0,311000232,0,12.9,12.9,2.0823,51.4324,8,8,0.0,0.0,,1,,,,,,,,,,,,,,,*70
$AIS,0,151111111,0,15,15,2.0815,51.4262,42,42,0.0,0.0,,1,,,,,,,,,,,,,,,*70
$AIS,0,251111111,0,15,15,1.9997,51.3552,230,230,0.0,0.0,,1,,,,,,,,,,,,,,,*70
$AIS,0,351111111,0,6,6,2.0737,51.4273,347,347,0.0,0.0,,1,,,,,,,,,,,,,,,*70
$AIS,0,451111111,0,25.2,25.2,2.0686,51.5052,51,51,0.0,0.0,,1,,,,,,,,,,,,,,,*70
$OWN,0,311000232,0,12.9,12.9,2.0822,51.4328,8,8,0.0,0.0,,1,,,,,,,,,,,,,,,*70
$AIS,0,151111111,0,15,15,2.0818,51.4265,42,42,0.0,0.0,,1,,,,,,,,,,,,,,,*70
$AIS,0,251111111,0,15,15,1.9993,51.3549,230,230,0.0,0.0,,1,,,,,,,,,,,,,,,*70
$AIS,0,351111111,0,6,6,2.0736,51.4274,347,347,0.0,0.0,,1,,,,,,,,,,,,,,,*70
$AIS,0,451111111,0,25.2,25.2,2.0685,51.5059,51,51,0.0,0.0,,1,,,,,,,,,,,,,,,*70
$OWN,0,311000232,0,12.9,12.9,2.0821,51.4332,8,8,0.0,0.0,,1,,,,,,,,,,,,,,,*70
$AIS,0,151111111,0,15,15,2.082,51.4268,42,42,0.0,0.0,,1,,,,,,,,,,,,,,,*70
$AIS,0,251111111,0,15,15,1.9988,51.3547,230,230,0.0,0.0,,1,,,,,,,,,,,,,,,*70
$AIS,0,351111111,0,6,6,2.0736,51.4276,347,347,0.0,0.0,,1,,,,,,,,,,,,,,,*70
$AIS,0,451111111,0,25.2,25.2,2.0685,51.5066,51,51,0.0,0.0,,1,,,,,,,,,,,,,,,*70
$OWN,0,311000232,0,12.9,12.9,2.082,51.4335,8,8,0.0,0.0,,1,,,,,,,,,,,,,,,*70
$AIS,0,151111111,0,15,15,2.0823,51.4271,42,42,0.0,0.0,,1,,,,,,,,,,,,,,,*70
$AIS,0,251111111,0,15,15,1.9984,51.3544,230,230,0.0,0.0,,1,,,,,,,,,,,,,,,*70
$AIS,0,351111111,0,6,6,2.0735,51.4277,347,347,0.0,0.0,,1,,,,,,,,,,,,,,,*70
$AIS,0,451111111,0,25.2,25.2,2.0685,51.5073,51,51,0.0,0.0,,1,,,,,,,,,,,,,,,*70
$OWN,0,311000232,0,12.9,12.9,2.0819,51.4339,8,8,0.0,0.0,,1,,,,,,,,,,,,,,,*70
$AIS,0,151111111,0,15,15,2.0826,51.4274,42,42,0.0,0.0,,1,,,,,,,,,,,,,,,*70
$AIS,0,251111111,0,15,15,1.998,51.3541,230,230,0.0,0.0,,1,,,,,,,,,,,,,,,*70
$AIS,0,351111111,0,6,6,2.0735,51.4279,347,347,0.0,0.0,,1,,,,,,,,,,,,,,,*70
$AIS,0,451111111,0,25.2,25.2,2.0684,51.5079,51,51,0.0,0.0,,1,,,,,,,,,,,,,,,*70
$OWN,0,311000232,0,12.9,12.9,2.0818,51.4343,8,8,0.0,0.0,,1,,,,,,,,,,,,,,,*70
$AIS,0,151111111,0,15,15,2.0828,51.4277,42,42,0.0,0.0,,1,,,,,,,,,,,,,,,*70
$AIS,0,251111111,0,15,15,1.9975,51.3539,230,230,0.0,0.0,,1,,,,,,,,,,,,,,,*70
$AIS,0,351111111,0,6,6,2.0734,51.428,347,347,0.0,0.0,,1,,,,,,,,,,,,,,,*70
$AIS,0,451111111,0,25.2,25.2,2.0684,51.5086,51,51,0.0,0.0,,1,,,,,,,,,,,,,,,*70
$OWN,0,311000232,0,12.9,12.9,2.0818,51.4346,8,8,0.0,0.0,,1,,,,,,,,,,,,,,,*70
$AIS,0,151111111,0,15,15,2.0831,51.428,42,42,0.0,0.0,,1,,,,,,,,,,,,,,,*70
$AIS,0,251111111,0,15,15,1.9971,51.3536,230,230,0.0,0.0,,1,,,,,,,,,,,,,,,*70
$AIS,0,351111111,0,6,6,2.0734,51.4282,347,347,0.0,0.0,,1,,,,,,,,,,,,,,,*70
$AIS,0,451111111,0,25.2,25.2,2.0684,51.5093,51,51,0.0,0.0,,1,,,,,,,,,,,,,,,*70
$OWN,0,311000232,0,12.9,12.9,2.0817,51.435,8,8,0.0,0.0,,1,,,,,,,,,,,,,,,*70
$AIS,0,151111111,0,15,15,2.0833,51.4283,42,42,0.0,0.0,,1,,,,,,,,,,,,,,,*70
$AIS,0,251111111,0,15,15,1.9967,51.3533,230,230,0.0,0.0,,1,,,,,,,,,,,,,,,*70
$AIS,0,351111111,0,6,6,2.0733,51.4283,347,347,0.0,0.0,,1,,,,,,,,,,,,,,,*70
$AIS,0,451111111,0,25.2,25.2,2.0683,51.51,51,51,0.0,0.0,,1,,,,,,,,,,,,,,,*70