-35;-0.03443428;7.970963;0.0022911767
-35;-0.0914351;15.915507;0.0066109747
-35;-0.16041687;23.835964;0.0126965465
-35;-0.23213223;31.734314;0.020271827
-35;-0.29867873;39.612144;0.02905533
-35;-0.35341907;47.470642;0.038779017
-35;-0.39082408;55.310627;0.049207423
-35;-0.4062771;63.13261;0.0601491
-35;-0.39587882;70.93686;0.07145827
-35;-0.35627887;78.72344;0.08302936
-35;-0.28454205;86.4923;0.09478848
-35;-0.17804924;94.243256;0.10668488
-35;-0.03442636;101.976036;0.118683904
-35;0.14850506;109.69031;0.13076171
-35;0.37276134;117.38567;0.14290157
-35;0.64022005;125.06168;0.15509143
-35;0.9526351;132.71783;0.16732232
-35;1.311648;140.35358;0.17958727
-35;1.718795;147.96834;0.19188069
-35;2.175513;155.5615;0.20419794
-35;2.683144;163.13239;0.21653508
-35;3.2429385;170.68034;0.22888866
-35;3.8560576;178.20465;0.24125566
-35;4.523577;185.70459;0.25363335
-35;5.24649;193.17941;0.26601934
-35;6.0257072;200.62834;0.27841142
-35;6.8620615;208.0506;0.29080757
-35;7.7563095;215.44539;0.303206
-35;8.709133;222.81192;0.315605
-35;9.721144;230.14937;0.32800314
-35;10.792881;237.45692;0.340399
-35;11.924818;244.73376;0.35279134
-35;13.117364;251.97906;0.365179
-35;14.370865;259.19202;0.37756094
-35;15.685604;266.37177;0.3899362
-35;17.06181;273.51752;0.4023039
-35;18.49965;280.62848;0.41466326
-35;19.99924;287.7038;0.4270135
-35;21.560648;294.7427;0.43935394
-35;23.183886;301.74442;0.45168403
-35;24.86892;308.70813;0.46400315
-35;26.61567;315.63306;0.47631082
-35;28.424015;322.51846;0.48860654
-35;30.293789;329.3636;0.5008899
-35;32.22479;336.1677;0.51316047
-35;34.216774;342.93005;0.5254179
-35;36.269463;349.64996;0.53766197
-35;38.382545;356.32672;0.54989225
-35;40.555676;362.95963;0.5621085
-35;42.78848;369.54803;0.5743105
-35;45.08055;376.09128;0.58649796
-35;47.43146;382.5887;0.5986707
-35;49.84075;389.03973;0.6108286
-35;52.307938;395.44373;0.62297136
-35;54.83251;401.8001;0.63509893
-35;57.413948;408.1083;0.64721113
-35;60.0517;414.36774;0.65930784
-35;62.7452;420.57788;0.671389
-35;65.493866;426.73822;0.6834544
-35;68.2971;432.84824;0.695504
-35;71.154274;438.90744;0.7075378
-35;74.064766;444.91534;0.71955556
-35;77.02792;450.8715;0.73155737
-35;80.0431;456.77542;0.7435431
-35;83.10962;462.62674;0.7555127
-35;86.22681;468.42502;0.7674661
-35;89.393974;474.16986;0.7794034
-35;92.61042;479.86087;0.7913244
-35;95.87544;485.49768;0.8032291
-35;99.188324;491.07996;0.81511754
-35;102.548355;496.60736;0.8269897
-35;105.9548;502.07956;0.83884555
-35;109.40694;507.49625;0.85068506
-35;112.90403;512.8571;0.86250824
-35;116.445335;518.1619;0.87431514
-35;120.03011;523.41034;0.8861057
-35;123.65762;528.6022;0.89787996
-35;127.32712;533.7371;0.90963787
-35;131.03784;538.815;0.92137945
-35;134.78905;543.83563;0.9331047
-35;138.57999;548.79877;0.94481367
-35;142.4099;553.7042;0.9565064
-35;146.27803;558.5518;0.9681828
-35;150.18364;563.34143;0.97984296
-35;154.12598;568.0729;0.9914869
-35;158.10428;572.74603;1.0031147
-35;162.11781;577.3607;1.0147263
-35;166.16582;581.9169;1.0263216
-35;170.24756;586.41437;1.0379009
-35;174.36227;590.8531;1.049464
-35;178.50925;595.233;1.061011
-35;182.68771;599.55396;1.0725418
-35;186.89696;603.816;1.0840567
-35;191.13623;608.019;1.0955555
-35;195.40482;612.1629;1.1070384
-35;199.70198;616.2477;1.1185052
-35;204.027;620.2733;1.1299561
-35;208.37915;624.2398;1.1413912
-35;212.75772;628.1471;1.1528103
-35;217.162;631.99524;1.1642137
-35;221.5913;635.78424;1.1756011
-35;226.04488;639.5141;1.1869727
-35;230.52206;643.1848;1.1983286
-35;235.02216;646.79645;1.2096688
-35;239.54446;650.349;1.2209932
-35;244.08832;653.8426;1.232302
-35;248.65302;657.2772;1.2435951
-35;253.2379;660.65295;1.2548727
-35;257.8423;663.9699;1.2661346
-35;262.46555;667.2281;1.2773811
-35;267.107;670.4276;1.288612
-35;271.76596;673.5686;1.2998275
-35;276.4418;676.6511;1.3110275
-35;281.1339;679.67523;1.3222122
-35;285.8416;682.6411;1.3333815
-35;290.5643;685.5488;1.3445355
-35;295.30133;688.3985;1.3556741
-35;300.05206;691.1903;1.3667976
-35;304.81592;693.9243;1.3779057
-35;309.59225;696.6007;1.3889987
-35;314.3805;699.2196;1.4000766
-35;319.18002;701.7811;1.4111394
-35;323.99026;704.28546;1.4221871
-35;328.8106;706.7327;1.4332197
-35;333.64047;709.1231;1.4442374
-35;338.47928;711.4568;1.45524
-35;343.32648;713.7339;1.4662278
-35;348.1815;715.95465;1.4772006
-35;353.04376;718.1192;1.4881587
-35;357.91272;720.2277;1.4991019
-35;362.78784;722.2804;1.5100304
-35;367.66858;724.2774;1.5209441
-35;372.55438;726.21893;1.5318432
-35;377.4447;728.1052;1.5427276
-35;382.33905;729.93646;1.5535975
-35;387.23688;731.7128;1.5644526
-35;392.1377;733.4345;1.5752934
-35;397.04095;735.10175;1.5861197
-35;401.9462;736.7148;1.5969315
-35;406.8529;738.27374;1.6077288
-35;411.76056;739.77893;1.6185119
-35;416.6687;741.2305;1.6292807
-35;421.57684;742.6287;1.6400352
-35;426.4845;743.9738;1.6507754
-35;431.3912;745.266;1.6615015
-35;436.29648;746.5055;1.6722136
-35;441.19986;747.6925;1.6829115
-35;446.10092;748.8273;1.6935954
-35;450.99918;749.9101;1.7042652
-35;455.8942;750.94116;1.7149212
-35;460.78552;751.9207;1.7255633
-35;465.67273;752.849;1.7361915
-35;470.5554;753.72626;1.7468059
-35;475.43307;754.55273;1.7574066
-35;480.30536;755.3287;1.7679936
-35;485.1718;756.0543;1.7785668
-35;490.03204;756.7299;1.7891265
-35;494.88565;757.3557;1.7996726
-35;499.7322;757.932;1.8102052
-35;504.57132;758.459;1.8207244
-35;509.40262;758.93695;1.8312302
-35;514.2257;759.36615;1.8417226
-35;519.04016;759.7468;1.8522018
-35;523.84564;760.0792;1.8626678
-35;528.6418;760.36365;1.8731205
-35;533.42816;760.60034;1.8835602
-35;538.20447;760.78955;1.8939867
-35;542.9703;760.9315;1.9044002
-35;547.7253;761.02655;1.9148008
-35;552.4691;761.0749;1.9251884
-35;557.2014;761.0768;1.9355632
-35;561.9218;761.0325;1.9459252
-35;566.63;760.94226;1.9562745
-35;571.3257;760.80646;1.9666111
-35;576.0084;760.62524;1.9769351
-35;580.678;760.3989;1.9872466
-35;585.334;760.1278;1.9975456
-35;589.97614;759.8121;2.007832
-35;594.60406;759.4521;2.0181062
-35;599.21747;759.04803;2.028368
-30;-1.6252881;4.332093;0.010013453
-30;-3.2014778;8.678574;0.019884214
-30;-4.729311;13.039035;0.029671654
-30;-6.2092657;17.41305;0.039410077
-30;-7.641664;21.800182;0.04911962
-30;-9.026735;26.199993;0.058812216
-30;-10.364652;30.612036;0.06849495
-30;-11.655548;35.035866;0.07817207
-30;-12.899536;39.471043;0.0878461
-30;-14.096713;43.91712;0.09751854
-30;-15.247163;48.37366;0.10719029
-30;-16.350964;52.840218;0.116861865
-30;-17.408184;57.316357;0.12653358
-30;-18.418892;61.801636;0.13620561
-30;-19.38315;66.29562;0.14587806
-30;-20.301016;70.79788;0.15555096
-30;-21.172544;75.307976;0.16522434
-30;-21.997791;79.82547;0.17489822
-30;-22.776808;84.34994;0.18457258
-30;-23.509645;88.88094;0.19424741
-30;-24.196352;93.41805;0.2039227
-30;-24.836975;97.960846;0.21359845
-30;-25.431562;102.50889;0.22327462
-30;-25.980162;107.061745;0.23295121
-30;-26.482817;111.618996;0.2426282
-30;-26.939575;116.18021;0.2523056
-30;-27.350483;120.74496;0.26198336
-30;-27.715586;125.31282;0.2716615
-30;-28.034931;129.88336;0.28133997
-30;-28.308567;134.45616;0.29101878
-30;-28.536541;139.03079;0.30069792
-30;-28.7189;143.60683;0.3103774
-30;-28.855698;148.18384;0.32005715
-30;-28.946983;152.76141;0.32973722
-30;-28.99281;157.33911;0.33941758
-30;-28.99323;161.91652;0.3490982
-30;-28.948303;166.49321;0.3587791
-30;-28.858082;171.06876;0.36846024
-30;-28.722628;175.64275;0.37814164
-30;-28.542002;180.21475;0.38782328
-30;-28.316265;184.78435;0.39750516
-30;-28.045485;189.3511;0.40718728
-30;-27.729727;193.91461;0.4168696
-30;-27.369062;198.47444;0.42655215
-30;-26.963562;203.03017;0.4362349
-30;-26.5133;207.58138;0.44591784
-30;-26.018353;212.12766;0.45560098
-30;-25.4788;216.66856;0.46528432
-30;-24.894724;221.2037;0.47496784
-30;-24.266209;225.73264;0.48465154
-30;-23.593344;230.25496;0.4943354
-30;-22.876217;234.77025;0.50401944
-30;-22.114922;239.27808;0.51370364
-30;-21.309555;243.77805;0.523388
-30;-20.460215;248.26973;0.53307253
-30;-19.567003;252.75272;0.5427572
-30;-18.630026;257.2266;0.552442
-30;-17.649391;261.69092;0.562127
-30;-16.62521;266.14532;0.5718121
-30;-15.557595;270.58936;0.5814973
-30;-14.446666;275.02264;0.59118265
-30;-13.2925415;279.44473;0.60086817
-30;-12.095347;283.85526;0.6105538
-30;-10.85521;288.25378;0.62023956
-30;-9.572261;292.6399;0.62992543
-30;-8.246634;297.0132;0.6396114
-30;-6.8784647;301.3733;0.64929754
-30;-5.467895;305.71976;0.65898377
-30;-4.015069;310.05222;0.66867006
-30;-2.520134;314.37024;0.67835647
-30;-0.98324025;318.67343;0.688043
-30;0.5954579;322.9614;0.69772965
-30;2.2158027;327.23373;0.70741636
-30;3.8776336;331.49005;0.7171032
-30;5.5807858;335.72995;0.72679013
-30;7.3250914;339.95303;0.73647714
-30;9.110379;344.15894;0.74616426
-30;10.936474;348.34723;0.75585145
-30;12.803198;352.51755;0.76553875
-30;14.710369;356.6695;0.7752261
-30;16.657803;360.80267;0.7849136
-30;18.64531;364.91672;0.79460114
-30;20.672699;369.01123;0.80428874
-30;22.739775;373.08582;0.81397647
-30;24.846336;377.1401;0.82366425
-30;26.992184;381.17374;0.8333521
-30;29.177109;385.1863;0.84304005
-30;31.400904;389.1775;0.85272807
-30;33.663357;393.14685;0.86241615
-30;35.96425;397.09406;0.8721043
-30;38.303364;401.01874;0.88179255
-30;40.680477;404.92053;0.89148086
-30;43.095364;408.79904;0.90116924
-30;45.54779;412.65393;0.9108577
-30;48.03753;416.48483;0.9205462
-30;50.56434;420.2914;0.93023473
-30;53.12798;424.07327;0.93992335
-30;55.72821;427.83008;0.949612
-30;58.364784;431.5615;0.95930076
-30;61.037453;435.26715;0.96898955
-30;63.745964;438.94672;0.9786784
-30;66.49006;442.59982;0.9883673
-30;69.26948;446.22617;0.9980563
-30;72.08396;449.82538;1.0077454
-30;74.93324;453.39713;1.0174345
-30;77.817055;456.94107;1.0271237
-30;80.73512;460.45688;1.0368129
-30;83.68717;463.94424;1.0465022
-30;86.67292;467.40283;1.0561916
-30;89.69209;470.8323;1.0658809
-30;92.7444;474.23236;1.0755703
-30;95.82956;477.60266;1.0852598
-30;98.94727;480.9429;1.0949494
-30;102.09725;484.25275;1.1046389
-30;105.2792;487.53192;1.1143286
-30;108.49281;490.7801;1.1240183
-30;111.73779;493.99695;1.133708
-30;115.01383;497.18222;1.1433978
-30;118.320625;500.33557;1.1530876
-30;121.65786;503.45673;1.1627775
-30;125.02522;506.5454;1.1724675
-30;128.4224;509.6013;1.1821574
-30;131.84906;512.6241;1.1918474
-30;135.3049;515.6136;1.2015375
-30;138.78958;518.56946;1.2112277
-30;142.30278;521.4914;1.2209178
-30;145.84416;524.37915;1.230608
-30;149.41339;527.2324;1.2402983
-30;153.01015;530.05096;1.2499886
-30;156.63408;532.83453;1.2596788
-30;160.28485;535.5829;1.2693692
-30;163.96211;538.2957;1.2790596
-30;167.66553;540.9728;1.28875
-30;171.39474;543.61383;1.2984406
-30;175.14941;546.2186;1.3081311
-30;178.92918;548.7869;1.3178216
-30;182.73369;551.3185;1.3275123
-30;186.56258;553.81305;1.3372029
-30;190.4155;556.2704;1.3468935
-30;194.29208;558.69025;1.3565843
-30;198.19197;561.07245;1.3662751
-30;202.11479;563.41675;1.3759658
-30;206.06018;565.7229;1.3856567
-30;210.02776;567.9907;1.3953476
-30;214.01715;570.22;1.4050385
-30;218.028;572.41046;1.4147294
-30;222.05992;574.562;1.4244204
-30;226.11253;576.6744;1.4341114
-30;230.18546;578.7474;1.4438024
-30;234.2783;580.7808;1.4534935
-30;238.39069;582.7745;1.4631846
-30;242.52223;584.7282;1.4728757
-30;246.67255;586.6418;1.4825668
-30;250.84123;588.5151;1.4922581
-30;255.02791;590.34784;1.5019493
-30;259.23218;592.13995;1.5116405
-30;263.45364;593.89124;1.5213318
-30;267.69193;595.60156;1.5310231
-30;271.9466;597.2707;1.5407145
-30;276.2173;598.89856;1.5504059
-30;280.50357;600.4849;1.5600973
-30;284.80505;602.02966;1.5697888
-30;289.12134;603.53265;1.5794803
-30;293.452;604.9938;1.5891718
-30;297.79663;606.41284;1.5988634
-30;302.15485;607.78973;1.608555
-30;306.52625;609.1243;1.6182466
-30;310.9104;610.4165;1.6279382
-30;315.3069;611.66614;1.6376297
-30;319.7153;612.87305;1.6473215
-30;324.13522;614.03723;1.6570132
-30;328.56625;615.1585;1.6667049
-30;333.00797;616.23676;1.6763966
-30;337.45993;617.2719;1.6860884
-30;341.92175;618.26385;1.6957803
-30;346.393;619.2125;1.7054721
-30;350.87326;620.1178;1.715164
-30;355.36212;620.9796;1.7248559
-30;359.85913;621.7979;1.7345479
-30;364.3639;622.5726;1.7442398
-25;-1.493417;4.3255997;0.009414845
-25;-2.94096;8.672962;0.018666193
-25;-4.343294;13.041702;0.027820736
-25;-5.700797;17.431412;0.03691885
-25;-7.013671;21.841671;0.045985393
-25;-8.282008;26.27205;0.055035844
-25;-9.505831;30.722118;0.064079866
-25;-10.685117;35.191437;0.0731235
-25;-11.819813;39.67956;0.082170516
-25;-12.909846;44.18605;0.091223255
-25;-13.955131;48.710457;0.10028314
-25;-14.95557;53.252335;0.10935103
-25;-15.911061;57.811234;0.118427426
-25;-16.821497;62.386703;0.12751259
-25;-17.686766;66.978294;0.13660665
-25;-18.506754;71.58555;0.14570963
-25;-19.281345;76.208015;0.15482153
-25;-20.010424;80.84523;0.16394226
-25;-20.69387;85.49674;0.17307177
-25;-21.331566;90.162094;0.18220995
-25;-21.923391;94.84082;0.19135672
-25;-22.469229;99.532455;0.20051195
-25;-22.968958;104.236534;0.20967555
-25;-23.422462;108.95259;0.21884742
-25;-23.829624;113.68016;0.22802748
-25;-24.190329;118.41877;0.2372156
-25;-24.50446;123.167946;0.24641168
-25;-24.771904;127.927216;0.25561565
-25;-24.99255;132.6961;0.2648274
-25;-25.166286;137.47414;0.27404684
-25;-25.293007;142.26082;0.28327385
-25;-25.372606;147.05568;0.29250836
-25;-25.404982;151.85823;0.3017503
-25;-25.390032;156.668;0.31099957
-25;-25.327658;161.48448;0.32025608
-25;-25.217766;166.3072;0.32951975
-25;-25.060263;171.13567;0.3387905
-25;-24.85506;175.96938;0.34806827
-25;-24.602074;180.80783;0.35735297
-25;-24.301218;185.65054;0.3666445
-25;-23.952417;190.49702;0.37594283
-25;-23.555593;195.34677;0.38524786
-25;-23.110678;200.19926;0.3945595
-25;-22.617601;205.05402;0.4038777
-25;-22.0763;209.91052;0.4132024
-25;-21.486713;214.76828;0.42253354
-25;-20.84879;219.62677;0.43187103
-25;-20.162474;224.4855;0.4412148
-25;-19.42772;229.34396;0.4505648
-25;-18.644485;234.20163;0.45992097
-25;-17.812733;239.058;0.46928325
-25;-16.932428;243.91255;0.47865155
-25;-16.003542;248.76477;0.48802584
-25;-15.026051;253.61415;0.49740607
-25;-13.999934;258.46017;0.5067921
-25;-12.925179;263.3023;0.51618403
-25;-11.801773;268.14005;0.52558166
-25;-10.629714;272.97287;0.534985
-25;-9.409001;277.80026;0.544394
-25;-8.13964;282.6217;0.5538086
-25;-6.82164;287.43668;0.5632288
-25;-5.455017;292.24466;0.5726544
-25;-4.039792;297.04514;0.5820855
-25;-2.5759907;301.83755;0.5915219
-25;-1.0636442;306.6214;0.6009637
-25;0.49721098;311.39618;0.6104108
-25;2.1065326;316.16135;0.61986315
-25;3.7642736;320.91638;0.6293207
-25;5.4703813;325.66077;0.63878334
-25;7.2247977;330.39395;0.6482511
-25;9.027459;335.11545;0.65772396
-25;10.878296;339.8247;0.6672018
-25;12.777235;344.5212;0.6766847
-25;14.7241955;349.20444;0.6861724
-25;16.719091;353.87387;0.69566506
-25;18.761831;358.529;0.7051626
-25;20.852318;363.16928;0.7146649
-25;22.99045;367.79422;0.72417194
-25;25.176119;372.40326;0.73368376
-25;27.40921;376.9959;0.74320024
-25;29.689606;381.57162;0.75272137
-25;32.01718;386.1299;0.7622471
-25;34.391804;390.67023;0.7717774
-25;36.81334;395.19208;0.7813122
-25;39.281643;399.69495;0.7908516
-25;41.79657;404.1783;0.8003954
-25;44.357964;408.64166;0.8099437
-25;46.965668;413.08447;0.8194963
-25;49.61952;417.50623;0.8290532
-25;52.319344;421.90643;0.8386145
-25;55.06497;426.28458;0.8481801
-25;57.85621;430.64017;0.85774994
-25;60.69288;434.9727;0.867324
-25;63.574787;439.28165;0.8769022
-25;66.50173;443.56653;0.8864846
-25;69.47351;447.8268;0.89607114
-25;72.489914;452.06204;0.90566176
-25;75.55073;456.2717;0.91525644
-25;78.65573;460.4553;0.9248551
-25;81.804695;464.6123;0.9344578
-25;84.99739;468.74228;0.94406444
-25;88.23358;472.84473;0.95367503
-25;91.513016;476.91916;0.9632895
-25;94.83545;480.9651;0.97290784
-25;98.20063;484.98203;0.98253006
-25;101.6083;488.96948;0.9921561
-25;105.05819;492.927;1.0017859
-25;108.55003;496.85413;1.0114194
-25;112.08356;500.75037;1.0210567
-25;115.65848;504.61523;1.0306977
-25;119.274506;508.4483;1.0403423
-25;122.93135;512.2491;1.0499907
-25;126.628716;516.0171;1.0596426
-25;130.3663;519.7519;1.0692981
-25;134.1438;523.45306;1.0789573
-25;137.96089;527.1201;1.08862
-25;141.81726;530.7526;1.0982862
-25;145.71259;534.35016;1.1079558
-25;149.64655;537.91223;1.1176289
-25;153.6188;541.4384;1.1273055
-25;157.62903;544.9283;1.1369855
-25;161.67686;548.3814;1.1466689
-25;165.76196;551.79736;1.1563556
-25;169.88397;555.1757;1.1660458
-25;174.04254;558.5161;1.1757392
-25;178.2373;561.81805;1.1854359
-25;182.4679;565.0811;1.195136
-25;186.73395;568.30493;1.2048392
-25;191.03508;571.4891;1.2145457
-25;195.37091;574.6332;1.2242554
-25;199.74104;577.7368;1.2339684
-25;204.1451;580.79956;1.2436844
-25;208.58269;583.8211;1.2534035
-25;213.05339;586.80096;1.2631259
-25;217.55682;589.73883;1.2728513
-25;222.09256;592.6343;1.2825798
-25;226.6602;595.487;1.2923113
-25;231.25932;598.2966;1.3020458
-25;235.88951;601.0626;1.3117834
-25;240.55032;603.7848;1.321524
-25;245.24135;606.46277;1.3312676
-25;249.96214;609.0962;1.341014
-25;254.71227;611.6847;1.3507634
-25;259.49127;614.2279;1.3605157
-25;264.29874;616.7255;1.370271
-25;269.1342;619.1772;1.3800291
-25;273.99716;621.5826;1.38979
-25;278.8872;623.9414;1.3995538
-25;283.8039;626.25336;1.4093204
-25;288.74673;628.51807;1.4190897
-25;293.71524;630.7352;1.4288619
-25;298.70895;632.90454;1.4386368
-25;303.72742;635.02576;1.4484144
-25;308.7701;637.0985;1.4581949
-25;313.83658;639.12256;1.4679779
-25;318.92633;641.0976;1.4777637
-25;324.03888;643.0234;1.487552
-25;329.17374;644.8996;1.4973431
-25;334.33038;646.72595;1.5071368
-25;339.50833;648.50226;1.5169331
-25;344.70706;650.2282;1.526732
-25;349.9261;651.90356;1.5365335
-25;355.16492;653.528;1.5463375
-25;360.423;655.1014;1.5561441
-25;365.69983;656.6234;1.5659533
-25;370.9949;658.0939;1.5757649
-25;376.30768;659.5126;1.585579
-25;381.63766;660.8793;1.5953957
-25;386.9843;662.1937;1.6052147
-25;392.3471;663.45575;1.6150362
-25;397.7255;664.6651;1.6248602
-25;403.11896;665.82166;1.6346866
-25;408.52695;666.9252;1.6445154
-25;413.94894;667.97546;1.6543466
-25;419.3844;668.97235;1.66418
-25;424.83276;669.91565;1.6740159
-25;430.2935;670.80524;1.6838541
-25;435.76602;671.64087;1.6936946
-25;441.24982;672.4224;1.7035375
-25;446.74435;673.1498;1.7133826
-20;-1.4421542;5.359428;0.009497624
-20;-2.82719;10.742443;0.018780753
-20;-4.1560183;16.148575;0.027929837
-20;-5.4291973;21.577332;0.036995187
-20;-6.6470623;27.02821;0.046008904
-20;-7.809803;32.500694;0.054991726
-20;-8.917516;37.994267;0.06395715
-20;-9.970231;43.5084;0.07291398
-20;-10.967937;49.042564;0.08186799
-20;-11.910592;54.596233;0.09082294
-20;-12.798132;60.16887;0.09978128
-20;-13.630479;65.75993;0.1087446
-20;-14.407544;71.36889;0.1177139
-20;-15.129231;76.9952;0.12668982
-20;-15.795438;82.63832;0.13567275
-20;-16.406055;88.29771;0.14466289
-20;-16.960976;93.97281;0.15366037
-20;-17.460083;99.663086;0.16266523
-20;-17.903265;105.36799;0.17167749
-20;-18.290405;111.08696;0.18069708
-20;-18.621387;116.81945;0.18972398
-20;-18.896095;122.5649;0.19875813
-20;-19.11441;128.32275;0.20779943
-20;-19.276217;134.09245;0.21684785
-20;-19.3814;139.87343;0.22590329
-20;-19.429842;145.66513;0.23496568
-20;-19.421432;151.46698;0.24403496
-20;-19.356058;157.27841;0.25311103
-20;-19.233608;163.09886;0.26219386
-20;-19.053976;168.92775;0.27128336
-20;-18.817055;174.7645;0.28037944
-20;-18.52274;180.60854;0.2894821
-20;-18.170929;186.45927;0.2985912
-20;-17.761526;192.31613;0.3077067
-20;-17.294436;198.17854;0.31682855
-20;-16.769564;204.0459;0.32595667
-20;-16.186823;209.91762;0.33509102
-20;-15.546129;215.79312;0.34423155
-20;-14.847399;221.6718;0.35337818
-20;-14.090555;227.55307;0.36253086
-20;-13.275525;233.43634;0.37168956
-20;-12.402239;239.321;0.3808542
-20;-11.470631;245.20645;0.39002472
-20;-10.48064;251.0921;0.3992011
-20;-9.432211;256.97733;0.40838328
-20;-8.325291;262.86154;0.4175712
-20;-7.159834;268.74414;0.42676482
-20;-5.9357977;274.62448;0.43596408
-20;-4.653146;280.50198;0.44516897
-20;-3.3118458;286.37604;0.4543794
-20;-1.9118712;292.24603;0.46359536
-20;-0.4532007;298.11133;0.4728168
-20;1.0641819;303.9713;0.48204365
-20;2.640287;309.8254;0.4912759
-20;4.2751193;315.67294;0.5005135
-20;5.9686785;321.51334;0.5097564
-20;7.7209578;327.34595;0.5190046
-20;9.531945;333.17017;0.52825797
-20;11.401623;338.98535;0.53751653
-20;13.329967;344.7909;0.5467803
-20;15.316946;350.58618;0.55604917
-20;17.362526;356.37057;0.5653231
-20;19.466663;362.14343;0.57460207
-20;21.62931;367.90417;0.583886
-20;23.850412;373.65213;0.59317493
-20;26.12991;379.3867;0.6024688
-20;28.467733;385.10724;0.61176753
-20;30.863811;390.81314;0.62107116
-20;33.318066;396.50375;0.6303796
-20;35.830406;402.17847;0.63969284
-20;38.40074;407.83664;0.64901084
-20;41.028976;413.47766;0.6583336
-20;43.715;419.1009;0.667661
-20;46.458702;424.70572;0.67699313
-20;49.259964;430.2915;0.68632984
-20;52.11866;435.8576;0.6956712
-20;55.03466;441.4034;0.7050171
-20;58.007824;446.9283;0.7143675
-20;61.038006;452.43167;0.72372246
-20;64.12505;457.91287;0.7330819
-20;67.26881;463.37128;0.74244577
-20;70.4691;468.8063;0.75181407
-20;73.72577;474.2173;0.7611868
-20;77.03863;479.60364;0.77056384
-20;80.40749;484.96472;0.77994525
-20;83.83217;490.29993;0.78933096
-20;87.31246;495.60864;0.79872096
-20;90.84816;500.89023;0.8081152
-20;94.43906;506.1441;0.81751364
-20;98.08493;511.36966;0.8269163
-20;101.78555;516.5663;0.8363231
-20;105.540695;521.73334;0.84573406
-20;109.35011;526.87024;0.85514915
-20;113.21356;531.9764;0.86456835
-20;117.13079;537.05115;0.8739916
-20;121.10154;542.094;0.8834189
-20;125.12554;547.10425;0.8928502
-20;129.20251;552.08136;0.9022855
-20;133.3322;557.0247;0.91172475
-20;137.51428;561.9338;0.9211679
-20;141.74849;566.8079;0.930615
-20;146.03452;571.64655;0.940066
-20;150.37206;576.4491;0.9495208
-20;154.7608;581.21497;0.95897955
-20;159.20042;585.9436;0.9684421
-20;163.69061;590.6344;0.9779084
-20;168.23102;595.2868;0.9873785
-20;172.8213;599.90027;0.99685234
-20;177.46114;604.47424;1.0063299
-20;182.15015;609.0081;1.0158112
-20;186.88799;613.50134;1.0252961
-20;191.6743;617.95337;1.0347847
-20;196.5087;622.36365;1.044277
-20;201.39081;626.7316;1.0537728
-20;206.32025;631.05676;1.0632722
-20;211.29665;635.33856;1.0727752
-20;216.31958;639.5764;1.0822818
-20;221.38866;643.76984;1.0917919
-20;226.50348;647.9183;1.1013055
-20;231.66362;652.02124;1.1108226
-20;236.86867;656.0782;1.1203431
-20;242.11818;660.08856;1.1298671
-20;247.41174;664.0519;1.1393944
-20;252.7489;667.96765;1.1489252
-20;258.1292;671.8353;1.1584593
-20;263.55225;675.6545;1.1679968
-20;269.01752;679.42456;1.1775376
-20;274.5246;683.1451;1.1870817
-20;280.073;686.81555;1.1966292
-20;285.66226;690.43555;1.2061799
-20;291.2919;694.0045;1.2157339
-20;296.96143;697.52203;1.2252911
-20;302.67035;700.9876;1.2348516
-20;308.41818;704.4008;1.2444153
-20;314.2044;707.76117;1.2539821
-20;320.02853;711.06824;1.2635521
-20;325.89005;714.32153;1.2731252
-20;331.78842;717.5206;1.2827015
-20;337.72314;720.6651;1.2922809
-20;343.6937;723.7545;1.3018633
-20;349.69952;726.78845;1.3114488
-20;355.7401;729.7665;1.3210374
-20;361.8149;732.6882;1.330629
-20;367.92337;735.55316;1.3402237
-20;374.06494;738.361;1.3498213
-20;380.23907;741.1113;1.359422
-20;386.4452;743.8037;1.3690256
-20;392.68274;746.4378;1.3786321
-20;398.95117;749.0132;1.3882415
-20;405.24988;751.5295;1.3978539
-20;411.57828;753.9863;1.407469
-20;417.9358;756.3834;1.4170872
-20;424.32184;758.72034;1.4267082
-20;430.73584;760.99677;1.436332
-20;437.1772;763.21234;1.4459586
-20;443.64526;765.3667;1.4555881
-20;450.1395;767.45953;1.4652203
-20;456.65924;769.49054;1.4748553
-20;463.20392;771.45935;1.4844931
-20;469.7729;773.3657;1.4941337
-20;476.36554;775.2093;1.5037769
-20;482.98123;776.98975;1.5134228
-20;489.61935;778.70685;1.5230715
-20;496.27927;780.3603;1.5327228
-20;502.96036;781.94977;1.5423769
-20;509.66196;783.47504;1.5520335
-20;516.3834;784.9358;1.5616928
-20;523.12415;786.3318;1.5713547
-20;529.8834;787.6628;1.5810193
-20;536.66064;788.9285;1.5906863
-20;543.45514;790.1288;1.600356
-20;550.2663;791.2633;1.6100283
-20;557.0934;792.33185;1.619703
-20;563.9358;793.3342;1.6293803
-20;570.7928;794.27026;1.6390601
-20;577.66376;795.13965;1.6487424
-20;584.54803;795.94226;1.6584272
-20;591.4449;796.6779;1.6681145
-20;598.3537;797.3464;1.6778042
-20;605.27374;797.9475;1.6874964
-15;-1.3304999;6.825774;0.009298691
-15;-2.5905428;13.673782;0.01833683
-15;-3.781362;20.543465;0.027199518
-15;-4.90381;27.43425;0.03594291
-15;-5.9584846;34.345554;0.044604804
-15;-6.9458084;41.276794;0.05321098
-15;-7.8660827;48.22737;0.061779186
-15;-8.719522;55.196693;0.07032171
-15;-9.50628;62.18416;0.0788471
-15;-10.226464;69.18917;0.087361336
-15;-10.88015;76.21113;0.095868595
-15;-11.467387;83.24943;0.10437181
-15;-11.988207;90.30346;0.11287304
-15;-12.442626;97.37263;0.12137374
-15;-12.83065;104.45632;0.12987494
-15;-13.152276;111.55394;0.13837737
-15;-13.407493;118.66487;0.14688152
-15;-13.596285;125.78851;0.15538777
-15;-13.718631;132.92426;0.1638964
-15;-13.774506;140.07149;0.17240757
-15;-13.763881;147.2296;0.18092144
-15;-13.686728;154.39798;0.18943809
-15;-13.543013;161.57602;0.1979576
-15;-13.332702;168.76309;0.20648004
-15;-13.055761;175.9586;0.21500544
-15;-12.712155;183.16193;0.22353384
-15;-12.301847;190.37244;0.23206528
-15;-11.824802;197.58952;0.24059975
-15;-11.280985;204.81258;0.2491373
-15;-10.670361;212.04097;0.25767794
-15;-9.992895;219.27408;0.26622167
-15;-9.248556;226.51128;0.2747685
-15;-8.437311;233.75194;0.28331846
-15;-7.5591316;240.99544;0.29187155
-15;-6.6139894;248.24115;0.3004278
-15;-5.6018586;255.48845;0.30898717
-15;-4.5227156;262.7367;0.3175497
-15;-3.3765397;269.98526;0.32611543
-15;-2.1633127;277.23352;0.3346843
-15;-0.88301885;284.48083;0.34325638
-15;0.46435428;291.72656;0.35183164
-15;1.8788158;298.97006;0.3604101
-15;3.3603716;306.2107;0.36899173
-15;4.9090242;313.44785;0.37757656
-15;6.5247717;320.68085;0.38616458
-15;8.207609;327.9091;0.3947558
-15;9.957527;335.1319;0.40335023
-15;11.774513;342.34863;0.41194788
-15;13.65855;349.55865;0.4205487
-15;15.609615;356.76132;0.42915276
-15;17.627682;363.956;0.43776
-15;19.71272;371.142;0.44637045
-15;21.864697;378.3187;0.4549841
-15;24.083569;385.48544;0.46360096
-15;26.369291;392.6416;0.47222102
-15;28.721817;399.78653;0.4808443
-15;31.141088;406.91956;0.48947075
-15;33.627045;414.04;0.4981004
-15;36.179623;421.14728;0.50673324
-15;38.79875;428.2407;0.51536924
-15;41.484356;435.31958;0.52400845
-15;44.236355;442.3833;0.5326508
-15;47.05466;449.4312;0.54129636
-15;49.93918;456.46268;0.54994506
-15;52.889812;463.47702;0.5585969
-15;55.90646;470.4736;0.5672519
-15;58.989014;477.45175;0.5759101
-15;62.137352;484.41083;0.58457136
-15;65.35136;491.35016;0.5932358
-15;68.630905;498.2691;0.6019033
-15;71.97586;505.16702;0.610574
-15;75.386086;512.0433;0.6192478
-15;78.861435;518.89716;0.6279247
-15;82.401764;525.7281;0.63660467
-15;86.00691;532.5354;0.6452877
-15;89.67671;539.3184;0.6539738
-15;93.410995;546.0765;0.662663
-15;97.209595;552.80896;0.67135525
-15;101.07233;559.51526;0.68005055
-15;104.999;566.19464;0.6887489
-15;108.989426;572.84656;0.6974502
-15;113.043396;579.4703;0.7061546
-15;117.16071;586.0652;0.7148619
-15;121.34116;592.6307;0.72357225
-15;125.584526;599.1661;0.7322856
-15;129.89058;605.6708;0.7410019
-15;134.2591;612.14417;0.74972117
-15;138.68983;618.5856;0.75844336
-15;143.18256;624.9943;0.7671685
-15;147.737;631.3699;0.7758966
-15;152.35292;637.71155;0.7846276
-15;157.03004;644.0187;0.7933615
-15;161.76811;650.2907;0.8020983
-15;166.56685;656.527;0.8108379
-15;171.42596;662.72687;0.81958044
-15;176.34518;668.8898;0.8283258
-15;181.3242;675.0151;0.83707404
-15;186.36273;681.1022;0.8458251
-15;191.46046;687.15045;0.854579
-15;196.61708;693.1593;0.86333567
-15;201.83226;699.1281;0.87209517
-15;207.10568;705.0563;0.8808574
-15;212.43703;710.9432;0.88962245
-15;217.82594;716.78827;0.89839023
-15;223.2721;722.5909;0.90716076
-15;228.77513;728.35046;0.915934
-15;234.3347;734.06647;0.92471
-15;239.95044;739.7382;0.93348867
-15;245.62198;745.36523;0.94227004
-15;251.34894;750.94684;0.9510541
-15;257.13095;756.48254;0.95984083
-15;262.96762;761.9717;0.9686302
-15;268.85855;767.41376;0.9774222
-15;274.80334;772.80817;0.9862168
-15;280.8016;778.15436;0.995014
-15;286.85294;783.4518;1.0038139
-15;292.9569;788.6999;1.0126163
-15;299.1131;793.8981;1.0214213
-15;305.3211;799.04584;1.0302289
-15;311.58047;804.14264;1.039039
-15;317.89075;809.1879;1.0478517
-15;324.25153;814.18115;1.0566669
-15;330.66232;819.1218;1.0654845
-15;337.1227;824.00934;1.0743047
-15;343.6322;828.84326;1.0831274
-15;350.19034;833.623;1.0919526
-15;356.79666;838.3481;1.1007801
-15;363.45068;843.018;1.1096102
-15;370.15192;847.6322;1.1184427
-15;376.8999;852.19025;1.1272776
-15;383.69412;856.6916;1.136115
-15;390.5341;861.13574;1.1449547
-15;397.41928;865.5222;1.1537968
-15;404.3492;869.8505;1.1626413
-15;411.32333;874.12024;1.1714882
-15;418.34116;878.3308;1.1803373
-15;425.40216;882.4818;1.1891888
-15;432.5058;886.5728;1.1980426
-15;439.65155;890.6033;1.2068988
-15;446.83887;894.5728;1.2157573
-15;454.0672;898.48096;1.224618
-15;461.336;902.3272;1.2334809
-15;468.6447;906.1112;1.2423462
-15;475.9928;909.83246;1.2512137
-15;483.3797;913.4906;1.2600834
-15;490.8048;917.08514;1.2689553
-15;498.2676;920.6157;1.2778295
-15;505.7675;924.0819;1.2867059
-15;513.30383;927.4833;1.2955844
-15;520.8761;930.81946;1.3044652
-15;528.4837;934.09;1.313348
-15;536.12604;937.2946;1.3222331
-15;543.80255;940.4328;1.3311203
-15;551.5126;943.5043;1.3400096
-15;559.2555;946.5086;1.348901
-15;567.03076;949.44543;1.3577945
-15;574.8377;952.3144;1.3666902
-15;582.6758;955.1152;1.3755878
-15;590.5443;957.84735;1.3844876
-15;598.4426;960.5107;1.3933895
-15;606.3702;963.10474;1.4022933
-15;614.3263;965.6292;1.4111992
-15;622.31036;968.0838;1.4201071
-15;630.3217;970.4682;1.4290171
-15;638.35974;972.78204;1.437929
-15;646.42377;975.0251;1.4468429
-15;654.5131;977.19696;1.4557588
-15;662.6272;979.2974;1.4646767
-15;670.76526;981.3262;1.4735966
-15;678.9267;983.28296;1.4825183
-15;687.11084;985.1675;1.4914421
-15;695.3171;986.97943;1.5003678
-15;703.5447;988.71857;1.5092953
-15;711.79297;990.3847;1.5182248
-15;720.0613;991.9775;1.5271562
-15;728.34894;993.49677;1.5360894
-15;736.6553;994.94226;1.5450245
-15;744.9796;996.3137;1.5539615
-15;753.3212;997.61096;1.5629003
-15;761.67944;998.83374;1.571841
-10;-1.1507983;8.375324;0.008528938
-10;-2.2230177;16.768501;0.016764183
-10;-3.2182598;25.17898;0.024786271
-10;-4.137755;33.60621;0.032651518
-10;-4.9824667;42.04963;0.04039998
-10;-5.753167;50.508686;0.04806051
-10;-6.450485;58.982826;0.05565409
-10;-7.074942;67.4715;0.06319609
-10;-7.626979;75.97414;0.070697874
-10;-8.106973;84.4902;0.07816784
-10;-8.515254;93.01913;0.08561228
-10;-8.852114;101.56038;0.09303592
-10;-9.117811;110.1134;0.10044233
-10;-9.312581;118.67766;0.10783422
-10;-9.436638;127.252594;0.11521369
-10;-9.490178;135.83766;0.122582376
-10;-9.473383;144.43233;0.12994154
-10;-9.386422;153.03606;0.1372922
-10;-9.229454;161.6483;0.14463519
-10;-9.002626;170.26852;0.15197116
-10;-8.706079;178.8962;0.1593007
-10;-8.339943;187.53078;0.16662426
-10;-7.9043446;196.17174;0.17394228
-10;-7.399402;204.81854;0.18125512
-10;-6.8252287;213.47064;0.18856308
-10;-6.1819324;222.12752;0.19586648
-10;-5.4696164;230.78864;0.20316558
-10;-4.6883802;239.45348;0.21046062
-10;-3.8383188;248.12149;0.21775185
-10;-2.9195244;256.79214;0.22503947
-10;-1.9320858;265.46494;0.23232369
-10;-0.8760886;274.1393;0.23960471
-10;0.24838352;282.81476;0.24688272
-10;1.4412493;291.49072;0.2541579
-10;2.7024293;300.1667;0.2614304
-10;4.0318456;308.84213;0.26870045
-10;5.429422;317.5165;0.27596813
-10;6.895083;326.1893;0.28323364
-10;8.428755;334.85995;0.2904971
-10;10.030363;343.52795;0.29775867
-10;11.699835;352.19278;0.30501848
-10;13.437097;360.85388;0.31227666
-10;15.242077;369.51074;0.31953335
-10;17.114702;378.16284;0.32678863
-10;19.0549;386.80963;0.33404267
-10;21.062593;395.4506;0.34129554
-10;23.137712;404.08517;0.3485474
-10;25.28018;412.71286;0.3557983
-10;27.489922;421.3331;0.36304837
-10;29.76686;429.94537;0.37029773
-10;32.110916;438.54916;0.37754643
-10;34.52201;447.14392;0.3847946
-10;37.00006;455.72913;0.3920423
-10;39.54499;464.30423;0.39928964
-10;42.156708;472.8687;0.40653667
-10;44.835133;481.42203;0.4137835
-10;47.580173;489.96365;0.42103016
-10;50.39174;498.49304;0.42827678
-10;53.26974;507.00967;0.4355234
-10;56.214085;515.513;0.4427701
-10;59.22467;524.0025;0.45001692
-10;62.3014;532.47766;0.45726395
-10;65.44417;540.9379;0.46451125
-10;68.65288;549.38275;0.47175884
-10;71.92742;557.81165;0.47900683
-10;75.267685;566.22406;0.48625523
-10;78.67355;574.61945;0.4935041
-10;82.14492;582.99725;0.5007535
-10;85.681656;591.357;0.5080035
-10;89.283646;599.6981;0.5152541
-10;92.95077;608.0201;0.52250534
-10;96.68289;616.3223;0.5297573
-10;100.47988;624.6044;0.53701
-10;104.341606;632.86566;0.5442635
-10;108.26793;641.1057;0.5515178
-10;112.25871;649.324;0.5587729
-10;116.31381;657.5199;0.56602895
-10;120.433075;665.69293;0.5732859
-10;124.616356;673.8426;0.58054376
-10;128.8635;681.9683;0.58780265
-10;133.17433;690.06964;0.5950625
-10;137.5487;698.146;0.6023234
-10;141.98647;706.19684;0.60958534
-10;146.48743;714.2217;0.61684835
-10;151.05142;722.22;0.6241125
-10;155.67827;730.1912;0.63137776
-10;160.3678;738.1349;0.63864416
-10;165.11981;746.0505;0.64591175
-10;169.93414;753.93744;0.6531805
-10;174.81058;761.7953;0.6604504
-10;179.74893;769.6235;0.66772157
-10;184.74901;777.4215;0.674994
-10;189.8106;785.18884;0.68226767
-10;194.93349;792.925;0.6895426
-10;200.11748;800.6294;0.69681877
-10;205.36235;808.30164;0.70409626
-10;210.6679;815.9411;0.71137506
-10;216.03387;823.54736;0.7186551
-10;221.46008;831.1199;0.72593653
-10;226.94627;838.65814;0.73321927
-10;232.4922;846.1617;0.7405033
-10;238.09766;853.62994;0.7477887
-10;243.76237;861.06244;0.7550755
-10;249.48611;868.4587;0.7623637
-10;255.26863;875.8182;0.7696532
-10;261.10965;883.14044;0.7769441
-10;267.00894;890.425;0.7842364
-10;272.96625;897.67126;0.79153
-10;278.98126;904.87885;0.7988251
-10;285.05374;912.04724;0.8061215
-10;291.1834;919.1759;0.8134194
-10;297.37;926.2644;0.82071865
-10;303.61322;933.31226;0.8280193
-10;309.91278;940.319;0.83532137
-10;316.2684;947.28406;0.84262484
-10;322.67978;954.20703;0.84992975
-10;329.1466;961.08746;0.8572361
-10;335.6686;967.92487;0.8645438
-10;342.24545;974.71875;0.87185293
-10;348.87686;981.4686;0.8791635
-10;355.5625;988.1741;0.8864755
-10;362.30203;994.8346;0.89378893
-10;369.09518;1001.44977;0.90110373
-10;375.9416;1008.0191;0.90841997
-10;382.84094;1014.5422;0.9157376
-10;389.7929;1021.01855;0.9230567
-10;396.79715;1027.4478;0.9303772
-10;403.85333;1033.8293;0.9376991
-10;410.9611;1040.1628;0.9450224
-10;418.1201;1046.4478;0.9523471
-10;425.33;1052.6837;0.9596732
-10;432.59042;1058.8704;0.9670007
-10;439.90103;1065.0072;0.97432965
-10;447.26144;1071.0938;0.98165995
-10;454.67133;1077.1296;0.9889917
-10;462.13028;1083.1144;0.9963248
-10;469.63794;1089.0476;1.0036592
-10;477.19394;1094.9288;1.0109951
-10;484.79788;1100.7577;1.0183324
-10;492.4494;1106.5338;1.025671
-10;500.1481;1112.2567;1.033011
-10;507.8936;1117.926;1.0403523
-10;515.6854;1123.5413;1.047695
-10;523.5233;1129.102;1.0550392
-10;531.4068;1134.608;1.0623846
-10;539.33545;1140.0588;1.0697315
-10;547.3089;1145.4541;1.0770797
-10;555.3267;1150.7933;1.0844291
-10;563.3885;1156.0762;1.09178
-10;571.4938;1161.3022;1.0991322
-10;579.6422;1166.4712;1.1064857
-10;587.8333;1171.5826;1.1138406
-10;596.0667;1176.6361;1.1211967
-10;604.3419;1181.6313;1.1285542
-10;612.6585;1186.568;1.135913
-10;621.01605;1191.4457;1.1432731
-10;629.4141;1196.264;1.1506345
-10;637.8523;1201.0226;1.1579973
-10;646.3301;1205.7211;1.1653613
-10;654.84705;1210.3593;1.1727265
-10;663.4028;1214.9366;1.180093
-10;671.99677;1219.453;1.1874609
-10;680.6286;1223.9078;1.19483
-10;689.2978;1228.3009;1.2022003
-10;698.00385;1232.632;1.2095718
-10;706.74634;1236.9005;1.2169447
-10;715.5248;1241.1063;1.2243187
-10;724.3387;1245.2491;1.2316941
-10;733.1876;1249.3286;1.2390707
-10;742.07104;1253.3444;1.2464484
-10;750.9885;1257.2961;1.2538275
-10;759.9396;1261.1836;1.2612077
-10;768.9237;1265.0065;1.2685891
-10;777.9404;1268.7644;1.2759718
-10;786.98926;1272.4572;1.2833556
-10;796.06964;1276.0845;1.2907406
-10;805.18115;1279.646;1.2981268
-10;814.32324;1283.1415;1.3055142
-10;823.4955;1286.5707;1.3129028
-10;832.6973;1289.9333;1.3202926
-5;-0.8991293;9.760438;0.006976495
-5;-1.7232232;19.532743;0.013636981
-5;-2.4742627;29.316526;0.020052042
-5;-3.153889;39.1114;0.026273813
-5;-3.7634864;48.916992;0.032341316
-5;-4.3042426;58.732925;0.03828407
-5;-4.777192;68.55883;0.044124592
-5;-5.183249;78.39435;0.049880188
-5;-5.5232306;88.23912;0.05556426
-5;-5.7978773;98.09279;0.061187238
-5;-6.0078664;107.95501;0.06675732
-5;-6.153823;117.82543;0.07228097
-5;-6.236327;127.70372;0.07776335
-5;-6.2559233;137.58954;0.08320858
-5;-6.2131233;147.48254;0.08862002
-5;-6.108411;157.38242;0.09400041
-5;-5.9422464;167.28883;0.099352
-5;-5.7150674;177.20148;0.10467671
-5;-5.4272923;187.12001;0.109976135
-5;-5.079322;197.04414;0.11525166
-5;-4.6715403;206.97354;0.12050448
-5;-4.2043166;216.90791;0.12573566
-5;-3.6780062;226.84695;0.13094611
-5;-3.0929515;236.79036;0.13613671
-5;-2.4494822;246.73782;0.14130822
-5;-1.7479166;256.68906;0.14646135
-5;-0.9885618;266.64377;0.15159677
-5;-0.17171514;276.60165;0.15671508
-5;0.7023367;286.56244;0.16181688
-5;1.6333159;296.52582;0.1669027
-5;2.6209538;306.49152;0.17197308
-5;3.6649904;316.45923;0.1770285
-5;4.765174;326.42868;0.18206947
-5;5.921261;336.3996;0.18709642
-5;7.1330147;346.3717;0.19210981
-5;8.400206;356.34473;0.19711006
-5;9.722612;366.3184;0.20209758
-5;11.100019;376.2924;0.20707276
-5;12.532217;386.26648;0.21203601
-5;14.019002;396.2404;0.21698768
-5;15.560178;406.21384;0.22192815
-5;17.155552;416.18652;0.22685777
-5;18.80494;426.15823;0.23177686
-5;20.50816;436.12866;0.23668578
-5;22.265036;446.09753;0.24158484
-5;24.075396;456.0646;0.24647434
-5;25.939074;466.0296;0.2513546
-5;27.855907;475.99225;0.2562259
-5;29.82574;485.9523;0.26108855
-5;31.848417;495.90945;0.26594278
-5;33.923786;505.8635;0.27078888
-5;36.0517;515.81415;0.2756271
-5;38.23202;525.7611;0.28045774
-5;40.464603;535.70416;0.285281
-5;42.749313;545.643;0.29009715
-5;45.086018;555.5774;0.2949064
-5;47.474586;565.5071;0.299709
-5;49.91489;575.43176;0.30450514
-5;52.406803;585.35126;0.30929506
-5;54.950203;595.2652;0.31407893
-5;57.54497;605.1734;0.31885698
-5;60.190987;615.0756;0.3236294
-5;62.888138;624.97156;0.32839638
-5;65.63631;634.86096;0.3331581
-5;68.43538;644.7435;0.33791474
-5;71.285255;654.6191;0.34266648
-5;74.18582;664.4873;0.34741348
-5;77.13696;674.34796;0.3521559
-5;80.13859;684.2008;0.3568939
-5;83.19058;694.04553;0.36162764
-5;86.29285;703.8819;0.36635727
-5;89.44528;713.70966;0.37108293
-5;92.64779;723.52856;0.37580478
-5;95.90027;733.3384;0.38052294
-5;99.20262;743.1388;0.38523751
-5;102.55475;752.92957;0.38994867
-5;105.95656;762.71045;0.39465654
-5;109.40796;772.4812;0.39936122
-5;112.908844;782.2416;0.40406284
-5;116.45913;791.9913;0.4087615
-5;120.058716;801.73004;0.41345733
-5;123.70752;811.45764;0.41815042
-5;127.40544;821.1738;0.4228409
-5;131.15239;830.8783;0.42752883
-5;134.94827;840.57086;0.43221435
-5;138.793;850.2512;0.43689755
-5;142.68648;859.9191;0.4415785
-5;146.62863;869.57434;0.4462573
-5;150.61935;879.2166;0.45093402
-5;154.65855;888.84564;0.4556088
-5;158.74615;898.4612;0.46028164
-5;162.88205;908.06305;0.46495268
-5;167.06616;917.6509;0.469622
-5;171.2984;927.2245;0.47428963
-5;175.57866;936.7836;0.4789557
-5;179.90686;946.32806;0.48362023
-5;184.28291;955.8575;0.4882833
-5;188.70673;965.37164;0.492945
-5;193.1782;974.8703;0.49760535
-5;197.69727;984.3532;0.50226444
-5;202.26381;993.8201;0.50692236
-5;206.87775;1003.2708;0.5115791
-5;211.53899;1012.70496;0.51623476
-5;216.24742;1022.1224;0.5208894
-5;221.00298;1031.5227;0.5255431
-5;225.80554;1040.9059;0.53019583
-5;230.65503;1050.2715;0.5348477
-5;235.55135;1059.6194;0.5394987
-5;240.4944;1068.9492;0.5441489
-5;245.48409;1078.2607;0.54879844
-5;250.52031;1087.5538;0.55344725
-5;255.60298;1096.8281;0.5580954
-5;260.732;1106.0834;0.56274295
-5;265.90726;1115.3195;0.56738997
-5;271.12866;1124.536;0.57203645
-5;276.39612;1133.7328;0.57668245
-5;281.7095;1142.9095;0.581328
-5;287.06876;1152.066;0.5859731
-5;292.47372;1161.202;0.5906178
-5;297.92435;1170.3173;0.5952621
-5;303.4205;1179.4116;0.59990615
-5;308.96207;1188.4847;0.6045499
-5;314.54898;1197.5364;0.6091934
-5;320.1811;1206.5663;0.61383665
-5;325.8583;1215.5742;0.61847967
-5;331.58054;1224.5599;0.6231225
-5;337.34766;1233.5232;0.62776524
-5;343.15955;1242.4637;0.63240784
-5;349.0161;1251.3813;0.63705033
-5;354.91724;1260.2758;0.64169276
-5;360.8628;1269.1467;0.6463351
-5;366.8527;1277.994;0.65097743
-5;372.8868;1286.8175;0.65561974
-5;378.96503;1295.6168;0.66026205
-5;385.08722;1304.3917;0.6649044
-5;391.2533;1313.142;0.6695468
-5;397.4631;1321.8674;0.67418927
-5;403.71655;1330.5677;0.6788318
-5;410.01352;1339.2428;0.6834745
-5;416.35385;1347.8922;0.68811727
-5;422.73746;1356.5159;0.69276017
-5;429.1642;1365.1134;0.6974032
-5;435.63397;1373.6847;0.7020464
-5;442.14664;1382.2295;0.7066898
-5;448.70206;1390.7476;0.71133333
-5;455.3001;1399.2386;0.71597713
-5;461.94067;1407.7025;0.7206211
-5;468.6236;1416.1389;0.7252653
-5;475.3488;1424.5477;0.7299098
-5;482.1161;1432.9286;0.7345545
-5;488.92538;1441.2814;0.7391995
-5;495.77652;1449.6057;0.7438448
-5;502.66937;1457.9015;0.7484904
-5;509.6038;1466.1685;0.7531363
-5;516.57965;1474.4064;0.75778246
-5;523.5968;1482.615;0.76242894
-5;530.65515;1490.7942;0.7670757
-5;537.7545;1498.9436;0.77172285
-5;544.8948;1507.0631;0.77637035
-5;552.07574;1515.1525;0.78101814
-5;559.2973;1523.2114;0.7856663
-5;566.5593;1531.2397;0.79031485
-5;573.86163;1539.2372;0.7949638
-5;581.2041;1547.2036;0.79961306
-5;588.5866;1555.1388;0.8042627
-5;596.009;1563.0425;0.80891275
-5;603.471;1570.9144;0.81356317
-5;610.9726;1578.7544;0.818214
-5;618.5136;1586.5623;0.82286525
-5;626.0939;1594.3378;0.8275169
-5;633.71326;1602.0807;0.832169
-5;641.3716;1609.7909;0.8368215
-5;649.0687;1617.468;0.8414744
-5;656.80444;1625.1119;0.84612775
-5;664.5787;1632.7224;0.8507815
-5;672.39124;1640.2993;0.85543567
-5;680.24194;1647.8423;0.8600903
-5;688.1306;1655.3512;0.8647454
-5;696.0571;1662.8259;0.8694009
-5;704.0213;1670.2661;0.8740569
0;-0.5398134;10.888466;0.0042487266
0;-1.0267279;21.782711;0.008166412
0;-1.4630711;32.68263;0.0118116755
0;-1.8508779;43.58812;0.015230096
0;-2.1919513;54.499092;0.018457413
0;-2.4879084;65.41546;0.021521848
0;-2.7402148;76.33713;0.02444582
0;-2.9502134;87.26402;0.027247246
0;-3.1191454;98.19607;0.029940521
0;-3.2481673;109.13319;0.032537278
0;-3.338364;120.07531;0.035046972
0;-3.3907597;131.02237;0.037477337
0;-3.406327;141.9743;0.039834745
0;-3.3859928;152.93105;0.042124484
0;-3.3306446;163.89255;0.044350974
0;-3.2411344;174.85875;0.04651795
0;-3.118283;185.8296;0.048628587
0;-2.9628825;196.80505;0.05068562
0;-2.7756987;207.78506;0.05269143
0;-2.557474;218.76958;0.054648098
0;-2.3089278;229.75856;0.05655748
0;-2.0307596;240.75198;0.058421236
0;-1.7236485;251.74979;0.06024087
0;-1.3882557;262.75195;0.062017754
0;-1.0252246;273.75845;0.06375316
0;-0.6351818;284.76923;0.06544826
0;-0.21873814;295.78427;0.06710417
0;0.22351119;306.80356;0.06872192
0;0.69098556;317.82706;0.0703025
0;1.1831188;328.85474;0.07184685
0;1.6993585;339.88657;0.07335587
0;2.2391653;350.92255;0.07483042
0;2.8020132;361.96262;0.07627133
0;3.3873885;373.0068;0.0776794
0;3.9947896;384.05505;0.07905541
0;4.623727;395.10736;0.08040012
0;5.273722;406.1637;0.081714235
0;5.9443088;417.22406;0.082998484
0;6.6350303;428.28845;0.08425355
0;7.3454413;439.3568;0.08548011
0;8.075107;450.42917;0.08667881
0;8.823602;461.5055;0.087850295
0;9.590511;472.58575;0.08899519
0;10.375429;483.66995;0.090114094
0;11.177959;494.7581;0.0912076
0;11.997715;505.85013;0.0922763
0;12.834317;516.94604;0.09332074
0;13.687396;528.0459;0.09434149
0;14.556591;539.1496;0.095339075
0;15.441548;550.25714;0.09631403
0;16.341925;561.3686;0.09726687
0;17.257381;572.4839;0.09819809
0;18.18759;583.60297;0.09910819
0;19.132229;594.7259;0.09999765
0;20.090982;605.85266;0.10086693
0;21.063543;616.9832;0.101716496
0;22.049612;628.11755;0.102546796
0;23.048895;639.2557;0.10335826
0;24.061104;650.3976;0.10415132
0;25.08596;661.5433;0.1049264
0;26.123188;672.69275;0.1056839
0;27.17252;683.84595;0.10642423
0;28.233694;695.00287;0.10714777
0;29.306454;706.1635;0.1078549
0;30.39055;717.3279;0.10854601
0;31.485739;728.496;0.10922145
0;32.591778;739.6678;0.10988158
0;33.708435;750.8433;0.11052674
0;34.835484;762.0225;0.111157276
0;35.9727;773.2054;0.11177352
0;37.11986;784.3919;0.1123758
0;38.27676;795.5821;0.11296444
0;39.443184;806.77594;0.113539726
0;40.618927;817.97345;0.11410198
0;41.803795;829.17456;0.1146515
0;42.99759;840.3793;0.11518856
0;44.20012;851.58765;0.115713455
0;45.4112;862.79956;0.11622646
0;46.630653;874.0151;0.116727844
0;47.858295;885.2342;0.11721787
0;49.093952;896.45685;0.11769679
0;50.337456;907.6831;0.118164875
0;51.58864;918.9129;0.118622355
0;52.847336;930.14624;0.11906947
0;54.11339;941.3831;0.11950646
0;55.386646;952.6235;0.11993356
0;56.66695;963.8674;0.12035099
0;57.954155;975.11475;0.120758966
0;59.248116;986.3656;0.121157706
0;60.548687;997.61993;0.12154742
0;61.855732;1008.87775;0.12192832
0;63.169117;1020.139;0.122300595
0;64.48871;1031.4037;0.122664444
0;65.81437;1042.6718;0.12302006
0;67.14598;1053.9432;0.12336763
0;68.48341;1065.2181;0.12370733
0;69.826546;1076.4965;0.12403935
0;71.17526;1087.7782;0.124363855
0;72.52944;1099.0632;0.12468102
0;73.88898;1110.3517;0.12499101
0;75.25375;1121.6434;0.12529399
0;76.62366;1132.9386;0.12559012
0;77.99859;1144.237;0.12587954
0;79.37844;1155.5388;0.12616242
0;80.763115;1166.8439;0.12643892
0;82.15251;1178.1522;0.12670915
0;83.54653;1189.4639;0.12697327
0;84.945076;1200.7787;0.12723142
0;86.34805;1212.0968;0.12748374
0;87.75538;1223.4182;0.12773035
0;89.166954;1234.7428;0.1279714
0;90.5827;1246.0706;0.12820698
0;92.00253;1257.4015;0.12843725
0;93.42636;1268.7357;0.12866232
0;94.8541;1280.0731;0.12888229
0;96.28568;1291.4136;0.1290973
0;97.72102;1302.7572;0.12930745
0;99.16005;1314.104;0.12951285
0;100.602684;1325.4539;0.12971361
0;102.04885;1336.8069;0.12990984
0;103.49848;1348.163;0.13010164
0;104.95151;1359.5221;0.1302891
0;106.40786;1370.8843;0.13047232
0;107.86747;1382.2495;0.13065141
0;109.33028;1393.6178;0.13082646
0;110.79621;1404.9891;0.13099755
0;112.26521;1416.3635;0.13116479
0;113.73722;1427.7408;0.13132824
0;115.21217;1439.1212;0.13148801
0;116.69002;1450.5045;0.13164417
0;118.17069;1461.8907;0.1317968
0;119.65414;1473.28;0.131946
0;121.140305;1484.6722;0.13209182
0;122.629135;1496.0673;0.13223435
0;124.12058;1507.4652;0.13237366
0;125.614586;1518.8661;0.13250983
0;127.11111;1530.2698;0.13264292
0;128.61009;1541.6764;0.13277303
0;130.11148;1553.0858;0.1329002
0;131.61525;1564.4982;0.13302448
0;133.12134;1575.9133;0.13314597
0;134.6297;1587.3313;0.13326472
0;136.14029;1598.7521;0.13338079
0;137.65306;1610.1755;0.13349424
0;139.16798;1621.6018;0.13360514
0;140.68501;1633.0309;0.13371353
0;142.2041;1644.4626;0.13381948
0;143.72522;1655.8971;0.13392304
0;145.24832;1667.3344;0.13402426
0;146.77338;1678.7743;0.1341232
0;148.30034;1690.2169;0.13421991
0;149.82918;1701.6622;0.13431445
0;151.35986;1713.1101;0.13440685
0;152.89235;1724.5607;0.13449717
0;154.4266;1736.0139;0.13458546
0;155.9626;1747.4697;0.13467175
0;157.5003;1758.9281;0.1347561
0;159.03967;1770.3892;0.13483855
0;160.58069;1781.8528;0.13491914
0;162.1233;1793.319;0.13499792
0;163.66751;1804.7877;0.13507491
0;165.21327;1816.2589;0.13515018
0;166.76054;1827.7327;0.13522375
0;168.30931;1839.209;0.13529566
0;169.85956;1850.6877;0.13536595
0;171.41124;1862.1691;0.13543466
0;172.96434;1873.6528;0.13550182
0;174.51883;1885.139;0.13556747
0;176.07468;1896.6277;0.13563165
0;177.63187;1908.1188;0.13569438
0;179.19037;1919.6123;0.1357557
0;180.75015;1931.1082;0.13581564
0;182.3112;1942.6064;0.13587423
0;183.8735;1954.1072;0.13593149
0;185.43703;1965.6102;0.13598748
0;187.00175;1977.1156;0.1360422
0;188.56766;1988.6233;0.13609567
0;190.13472;2000.1333;0.13614796
0;191.70293;2011.6456;0.13619907
0;193.27225;2023.1603;0.13624902
5;-0.0039024428;11.6223955;6.2828336
5;-0.0053322976;23.246132;6.282145
5;-0.0068245074;34.871265;6.2811723
5;-0.010643407;46.49784;6.279958
5;-0.018831197;58.125893;6.278536
5;-0.033248894;69.75543;6.276934
5;-0.05560243;81.386475;6.2751756
5;-0.08747456;93.01901;6.273278
5;-0.13033926;104.65303;6.2712574
5;-0.1855855;116.288506;6.269125
5;-0.25452176;127.925415;6.2668915
5;-0.33838856;139.56372;6.2645655
5;-0.43837306;151.20337;6.2621536
5;-0.5556084;162.8443;6.259662
5;-0.69118536;174.48647;6.257096
5;-0.84615433;186.1298;6.254459
5;-1.0215274;197.77423;6.251755
5;-1.2182817;209.41966;6.248988
5;-1.4373631;221.06602;6.2461605
5;-1.6796901;232.71321;6.2432747
5;-1.946158;244.36113;6.2403326
5;-2.2376328;256.00967;6.2373366
5;-2.5549498;267.65872;6.234289
5;-2.8989305;279.3082;6.231191
5;-3.270365;290.95795;6.228045
5;-3.6700282;302.60785;6.2248516
5;-4.0986686;314.25775;6.221613
5;-4.557019;325.90753;6.21833
5;-5.045792;337.55707;6.215004
5;-5.5656776;349.20618;6.2116365
5;-6.1173506;360.85474;6.2082286
5;-6.701464;372.50256;6.2047815
5;-7.3186555;384.14954;6.2012963
5;-7.9695454;395.79544;6.197774
5;-8.654734;407.44016;6.194216
5;-9.3748045;419.08347;6.190623
5;-10.13033;430.72522;6.1869955
5;-10.921863;442.3652;6.1833353
5;-11.749938;454.00327;6.179643
5;-12.615081;465.6392;6.1759195
5;-13.517796;477.2728;6.172166
5;-14.458575;488.9039;6.1683826
5;-15.437898;500.5323;6.164571
5;-16.456224;512.1578;6.1607313
5;-17.514008;523.78015;6.1568646
5;-18.611683;535.3992;6.1529717
5;-19.749678;547.01465;6.149053
5;-20.9284;558.62634;6.1451097
5;-22.148247;570.2341;6.1411424
5;-23.409607;581.83765;6.1371512
5;-24.71285;593.43677;6.1331377
5;-26.058342;605.03125;6.1291018
5;-27.44643;616.62085;6.1250443
5;-28.877457;628.2054;6.120966
5;-30.351744;639.78455;6.1168675
5;-31.869614;651.35815;6.112749
5;-33.43137;662.92596;6.1086116
5;-35.037308;674.48773;6.1044555
5;-36.687717;686.0433;6.1002812
5;-38.38287;697.5923;6.0960894
5;-40.12303;709.1345;6.091881
5;-41.90846;720.6698;6.0876555
5;-43.7394;732.1978;6.083414
5;-45.616093;743.7183;6.079157
5;-47.53877;755.23114;6.0748844
5;-49.50765;766.73596;6.070597
5;-51.52294;778.23254;6.0662956
5;-53.584854;789.72064;6.0619802
5;-55.693577;801.2;6.0576515
5;-57.8493;812.6704;6.0533094
5;-60.0522;824.1316;6.048955
5;-62.30245;835.58325;6.044588
5;-64.60021;847.02515;6.040209
5;-66.94565;858.4571;6.035818
5;-69.33891;869.8788;6.031416
5;-71.78014;881.2899;6.027003
5;-74.26948;892.6903;6.0225787
5;-76.807045;904.07965;6.0181446
5;-79.392975;915.45776;6.0137
5;-82.027374;926.8243;6.009246
5;-84.71036;938.179;6.004782
5;-87.44203;949.5217;6.0003095
5;-90.22249;960.8521;5.9958277
5;-93.05183;972.1699;5.991337
5;-95.93014;983.47485;5.986838
5;-98.85749;994.7667;5.982331
5;-101.83397;1006.0452;5.9778156
5;-104.85964;1017.3101;5.973293
5;-107.93457;1028.5612;5.9687624
5;-111.058815;1039.7981;5.964225
5;-114.23244;1051.0206;5.95968
5;-117.45549;1062.2285;5.955128
5;-120.72801;1073.4215;5.9505696
5;-124.05005;1084.5992;5.946005
5;-127.42163;1095.7616;5.9414334
5;-130.84279;1106.9082;5.9368563
5;-134.31355;1118.039;5.932273
5;-137.83395;1129.1534;5.927684
5;-141.404;1140.2515;5.9230895
5;-145.02371;1151.3328;5.9184895
5;-148.6931;1162.3971;5.913884
5;-152.41217;1173.4442;5.9092736
5;-156.18092;1184.4739;5.9046583
5;-159.99934;1195.4857;5.9000382
5;-163.86745;1206.4796;5.8954134
5;-167.78522;1217.4552;5.8907843
5;-171.75264;1228.4122;5.8861504
5;-175.7697;1239.3506;5.8815126
5;-179.83638;1250.2699;5.8768706
5;-183.95265;1261.1699;5.8722243
5;-188.1185;1272.0504;5.867574
5;-192.33388;1282.9111;5.8629203
5;-196.59877;1293.7518;5.858263
5;-200.91313;1304.5721;5.853602
5;-205.27693;1315.372;5.8489375
5;-209.69012;1326.151;5.8442698
5;-214.15265;1336.9089;5.8395987
5;-218.66447;1347.6456;5.8349247
5;-223.22556;1358.3607;5.8302474
5;-227.83583;1369.0541;5.8255672
5;-232.49524;1379.7253;5.820884
5;-237.20372;1390.3744;5.8161983
5;-241.96123;1401.0009;5.8115096
5;-246.76768;1411.6045;5.8068185
5;-251.62303;1422.1852;5.802125
5;-256.5272;1432.7426;5.7974286
5;-261.4801;1443.2764;5.79273
5;-266.4817;1453.7865;5.788029
5;-271.53186;1464.2726;5.783326
5;-276.63055;1474.7345;5.7786207
5;-281.77768;1485.1719;5.7739134
5;-286.97314;1495.5845;5.7692037
5;-292.2169;1505.9722;5.764492
5;-297.50882;1516.3346;5.7597785
5;-302.84885;1526.6716;5.755063
5;-308.23685;1536.9829;5.750346
5;-313.67276;1547.2683;5.7456274
5;-319.15646;1557.5276;5.7409067
5;-324.6879;1567.7605;5.7361846
5;-330.26694;1577.9667;5.731461
5;-335.89346;1588.146;5.7267356
5;-341.5674;1598.2982;5.7220087
5;-347.28864;1608.4231;5.7172804
5;-353.05707;1618.5205;5.7125506
5;-358.87256;1628.5901;5.7078195
5;-364.73502;1638.6316;5.703087
5;-370.64432;1648.6449;5.6983533
5;-376.60037;1658.6298;5.6936183
5;-382.60303;1668.5858;5.6888824
5;-388.6522;1678.513;5.684145
5;-394.74774;1688.4109;5.6794066
5;-400.88956;1698.2794;5.6746674
5;-407.0775;1708.1184;5.6699266
5;-413.31146;1717.9275;5.665185
5;-419.5913;1727.7065;5.6604424
5;-425.9169;1737.4553;5.655699
5;-432.28812;1747.1736;5.6509542
5;-438.70483;1756.8611;5.646209
5;-445.1669;1766.5177;5.6414623
5;-451.6742;1776.1431;5.6367154
5;-458.2266;1785.737;5.6319675
5;-464.82394;1795.2994;5.6272187
5;-471.4661;1804.83;5.6224694
5;-478.15292;1814.3285;5.617719
5;-484.88428;1823.7948;5.6129684
5;-491.66;1833.2286;5.608217
5;-498.47998;1842.6298;5.6034646
5;-505.34406;1851.9979;5.5987115
5;-512.2521;1861.333;5.593958
5;-519.2039;1870.6348;5.589204
5;-526.1994;1879.903;5.5844493
5;-533.23834;1889.1375;5.5796943
5;-540.3207;1898.338;5.5749383
5;-547.44617;1907.5044;5.570182
5;-554.6147;1916.6364;5.565425
5;-561.8261;1925.7338;5.5606675
5;-569.08026;1934.7964;5.5559096
5;-576.37695;1943.8241;5.5511513
5;-583.71606;1952.8165;5.5463924
5;-591.0974;1961.7736;5.541633
10;0.55623466;11.591339;6.2780275
10;1.0591947;23.183014;6.272549
10;1.506522;34.77474;6.266812
10;1.896194;46.366188;6.260865
10;2.2264469;57.957016;6.2547474
10;2.495734;69.546844;6.248489
10;2.7026718;81.13527;6.2421126
10;2.8460233;92.72188;6.2356377
10;2.924659;104.30624;6.229078
10;2.9375448;115.88789;6.2224445
10;2.8837276;127.46638;6.215747
10;2.7623215;139.04121;6.208992
10;2.5724938;150.61192;6.202185
10;2.3134704;162.17801;6.1953316
10;1.9845166;173.73895;6.1884346
10;1.5849417;185.29424;6.1814976
10;1.1140947;196.84332;6.1745234
10;0.57135487;208.38568;6.167514
10;-0.04386127;219.92076;6.1604714
10;-0.7321101;231.44803;6.1533976
10;-1.4939148;242.9669;6.146294
10;-2.329776;254.47682;6.139162
10;-3.2401605;265.9772;6.1320033
10;-4.225512;277.4675;6.124819
10;-5.286251;288.94708;6.1176095
10;-6.4227705;300.4154;6.110377
10;-7.6354446;311.87183;6.1031213
10;-8.92462;323.3158;6.0958443
10;-10.290619;334.74667;6.0885468
10;-11.7337475;346.16385;6.081229
10;-13.254285;357.56674;6.073893
10;-14.852496;368.9547;6.0665383
10;-16.528622;380.32715;6.0591664
10;-18.28288;391.68344;6.051778
10;-20.11548;403.02295;6.044373
10;-22.026604;414.34506;6.036953
10;-24.016418;425.64917;6.029518
10;-26.08507;436.93463;6.0220695
10;-28.232693;448.2008;6.014607
10;-30.459402;459.44708;6.0071316
10;-32.765297;470.67285;5.999644
10;-35.15046;481.87744;5.992144
10;-37.614952;493.06024;5.9846334
10;-40.158833;504.22064;5.977112
10;-42.782135;515.358;5.9695797
10;-45.484882;526.4716;5.9620376
10;-48.267086;537.561;5.954486
10;-51.128742;548.62537;5.946925
10;-54.069828;559.6642;5.939356
10;-57.090317;570.6768;5.931778
10;-60.190163;581.66266;5.9241924
10;-63.36931;592.62103;5.9165993
10;-66.627686;603.55133;5.9089985
10;-69.96522;614.45294;5.901391
10;-73.38181;625.32526;5.893777
10;-76.87737;636.1676;5.886156
10;-80.45178;646.97943;5.8785295
10;-84.10491;657.7601;5.8708973
10;-87.83663;668.509;5.8632593
10;-91.646805;679.22546;5.855616
10;-95.53527;689.90894;5.8479676
10;-99.50187;700.5588;5.8403144
10;-103.54642;711.17444;5.832657
10;-107.66874;721.75525;5.824995
10;-111.868645;732.30066;5.817329
10;-116.145935;742.81006;5.809659
10;-120.5004;753.28284;5.8019853
10;-124.931816;763.7184;5.794308
10;-129.43996;774.11615;5.786628
10;-134.0246;784.4755;5.778944
10;-138.68549;794.79596;5.7712574
10;-143.42238;805.07684;5.763568
10;-148.23503;815.31757;5.7558756
10;-153.12317;825.5176;5.748181
10;-158.08652;835.67633;5.7404833
10;-163.1248;845.7932;5.732784
10;-168.23773;855.8677;5.725082
10;-173.42502;865.8992;5.717378
10;-178.68637;875.8871;5.7096725
10;-184.02147;885.83093;5.701965
10;-189.43002;895.7301;5.6942554
10;-194.9117;905.58405;5.6865444
10;-200.46617;915.3922;5.678832
10;-206.09312;925.1541;5.6711183
10;-211.7922;934.86914;5.663403
10;-217.56308;944.5368;5.655687
10;-223.40541;954.15656;5.6479692
10;-229.31883;963.72784;5.6402507
10;-235.303;973.2501;5.632531
10;-241.35753;982.7229;5.6248107
10;-247.48207;992.1456;5.6170893
10;-253.67624;1001.5178;5.6093674
10;-259.93967;1010.839;5.6016445
10;-266.27197;1020.1086;5.593921
10;-272.67273;1029.326;5.5861974
10;-279.14157;1038.491;5.578473
10;-285.6781;1047.6028;5.5707483
10;-292.28192;1056.661;5.563023
10;-298.95264;1065.6652;5.5552974
10;-305.6898;1074.6147;5.5475717
10;-312.493;1083.5093;5.5398455
10;-319.36185;1092.3483;5.5321193
10;-326.2959;1101.1313;5.5243926
10;-333.2947;1109.8579;5.516666
10;-340.35785;1118.5275;5.5089393
10;-347.4849;1127.1396;5.5012126
10;-354.6754;1135.694;5.493486
10;-361.92896;1144.19;5.4857593
10;-369.24506;1152.6271;5.4780326
10;-376.62326;1161.005;5.470306
10;-384.06314;1169.3232;5.4625793
10;-391.5642;1177.5813;5.454853
10;-399.126;1185.7788;5.447127
10;-406.74808;1193.9153;5.4394007
10;-414.42993;1201.9902;5.431675
10;-422.1711;1210.0033;5.4239492
10;-429.97113;1217.9541;5.416224
10;-437.8295;1225.8422;5.4084992
10;-445.74573;1233.6671;5.4007745
10;-453.71936;1241.4285;5.39305
10;-461.74988;1249.1259;5.3853264
10;-469.8368;1256.7589;5.3776026
10;-477.9796;1264.3271;5.3698792
10;-486.17786;1271.8302;5.3621564
10;-494.43097;1279.2677;5.354434
10;-502.7385;1286.6393;5.346712
10;-511.09988;1293.9446;5.3389907
10;-519.51465;1301.1831;5.3312697
10;-527.9823;1308.3546;5.3235493
10;-536.50226;1315.4586;5.3158293
10;-545.07404;1322.4948;5.3081098
10;-553.6971;1329.4626;5.3003907
10;-562.3709;1336.362;5.292672
10;-571.095;1343.1925;5.284954
10;-579.8687;1349.9537;5.2772365
10;-588.69165;1356.6454;5.2695193
10;-597.56323;1363.267;5.2618027
10;-606.4829;1369.8184;5.2540865
10;-615.45013;1376.2991;5.2463713
10;-624.46436;1382.7089;5.2386565
10;-633.525;1389.0474;5.2309422
10;-642.63165;1395.3142;5.2232285
10;-651.7836;1401.509;5.215515
10;-660.9804;1407.6317;5.207803
10;-670.22144;1413.6818;5.200091
10;-679.50616;1419.6589;5.1923795
10;-688.83405;1425.563;5.1846685
10;-698.20447;1431.3936;5.1769586
10;-707.61694;1437.1504;5.169249
10;-717.07086;1442.8331;5.16154
10;-726.5656;1448.4415;5.1538315
10;-736.1007;1453.9753;5.146124
10;-745.67554;1459.4343;5.138417
10;-755.2895;1464.8181;5.13071
10;-764.9421;1470.1265;5.123004
10;-774.6326;1475.3591;5.1152987
10;-784.3606;1480.5159;5.107594
10;-794.1254;1485.5963;5.0998898
10;-803.9265;1490.6003;5.0921865
10;-813.7633;1495.5277;5.0844836
10;-823.6352;1500.378;5.0767813
10;-833.54156;1505.1512;5.06908
10;-843.4819;1509.847;5.061379
10;-853.4555;1514.4652;5.0536785
10;-863.46185;1519.0055;5.0459785
10;-873.50037;1523.4677;5.0382795
10;-883.5704;1527.8516;5.030581
10;-893.6713;1532.157;5.022883
10;-903.8027;1536.3837;5.015186
10;-913.96375;1540.5314;5.007489
10;-924.154;1544.6;4.999793
10;-934.37274;1548.5894;4.9920974
10;-944.61945;1552.4991;4.9844027
10;-954.8935;1556.3293;4.9767084
10;-965.1943;1560.0796;4.9690146
10;-975.5212;1563.7499;4.961322
10;-985.8736;1567.34;4.9536295
10;-996.2509;1570.8496;4.9459376
10;-1006.6525;1574.2788;4.9382463
10;-1017.0778;1577.6273;4.930556
15;0.93354106;10.905184;6.2751
15;1.7854406;21.81198;6.2667184
15;2.5536675;32.719692;6.258114
15;3.2365725;43.627586;6.2493415
15;3.8328013;54.534904;6.2404423
15;4.34122;65.440865;6.231446
15;4.760867;76.344666;6.222374
15;5.090913;87.2455;6.2132425
15;5.330634;98.14254;6.2040634
15;5.4793873;109.03496;6.1948447
15;5.536597;119.921906;6.1855927
15;5.5017505;130.80254;6.1763124
15;5.3743834;141.676;6.1670074
15;5.154071;152.5414;6.15768
15;4.840434;163.39789;6.148333
15;4.4331284;174.24458;6.138968
15;3.931842;185.0806;6.129586
15;3.3362975;195.90504;6.120189
15;2.6462455;206.71703;6.110778
15;1.861472;217.51564;6.1013536
15;0.98178136;228.3;6.0919166
15;0.007011533;239.0692;6.082468
15;-1.062976;249.82233;6.0730085
15;-2.2282917;260.55847;6.063539
15;-3.489028;271.27676;6.0540595
15;-4.84525;281.97626;6.044571
15;-6.297001;292.65604;6.0350738
15;-7.8442955;303.31522;6.025569
15;-9.487134;313.95288;6.0160565
15;-11.225495;324.5681;6.006537
15;-13.059336;335.16;5.9970107
15;-14.988593;345.72766;5.9874783
15;-17.013184;356.27017;5.97794
15;-19.133003;366.78662;5.9683967
15;-21.347935;377.27612;5.958848
15;-23.657843;387.73776;5.9492946
15;-26.06257;398.17065;5.939737
15;-28.561949;408.5739;5.930175
15;-31.155788;418.94662;5.920609
15;-33.843884;429.2879;5.91104
15;-36.626015;439.5969;5.9014673
15;-39.501945;449.87268;5.891892
15;-42.471428;460.1144;5.8823137
15;-45.534195;470.3212;5.872733
15;-48.689972;480.49216;5.86315
15;-51.93846;490.62643;5.853565
15;-55.279358;500.72318;5.8439784
15;-58.712345;510.78152;5.8343897
15;-62.23709;520.8006;5.8247995
15;-65.85325;530.7796;5.815208
15;-69.56046;540.71765;5.8056154
15;-73.35837;550.6139;5.7960215
15;-77.24659;560.4675;5.7864265
15;-81.224724;570.2777;5.776831
15;-85.29237;580.04364;5.7672353
15;-89.44913;589.7645;5.757639
15;-93.69456;599.4395;5.748042
15;-98.02823;609.06775;5.738445
15;-102.44971;618.6485;5.7288475
15;-106.95853;628.18097;5.71925
15;-111.55423;637.6643;5.709653
15;-116.23634;647.0978;5.7000556
15;-121.00438;656.4806;5.6904583
15;-125.85785;665.812;5.6808615
15;-130.79625;675.0912;5.671265
15;-135.81908;684.31744;5.6616693
15;-140.92581;693.49;5.652074
15;-146.11592;702.60803;5.642479
15;-151.38889;711.6709;5.6328845
15;-156.74416;720.6778;5.623291
15;-162.18117;729.628;5.613698
15;-167.69939;738.5208;5.604106
15;-173.29823;747.3555;5.594515
15;-178.97713;756.1314;5.5849247
15;-184.73549;764.8477;5.5753355
15;-190.57274;773.5038;5.5657473
15;-196.48828;782.09894;5.55616
15;-202.48152;790.63245;5.5465736
15;-208.55183;799.10364;5.5369887
15;-214.69861;807.5119;5.527405
15;-220.92123;815.8565;5.5178223
15;-227.21907;824.1368;5.5082407
15;-233.59149;832.3521;5.4986606
15;-240.03784;840.50183;5.4890814
15;-246.5575;848.5853;5.4795036
15;-253.14978;856.6019;5.4699273
15;-259.81406;864.551;5.460352
15;-266.54965;872.432;5.450778
15;-273.3559;880.24426;5.4412055
15;-280.23212;887.9872;5.4316344
15;-287.1776;895.66016;5.422065
15;-294.1917;903.2626;5.4124966
15;-301.2737;910.7939;5.40293
15;-308.42294;918.2535;5.3933644
15;-315.63867;925.6408;5.3838005
15;-322.92023;932.95526;5.374238
15;-330.26688;940.19635;5.364677
15;-337.6779;947.36346;5.3551173
15;-345.15256;954.4561;5.345559
15;-352.69016;961.4737;5.3360023
15;-360.28998;968.4157;5.326447
15;-367.95126;975.2817;5.316893
15;-375.67328;982.07104;5.3073406
15;-383.45526;988.78326;5.29779
15;-391.29648;995.4179;5.288241
15;-399.19617;1001.9744;5.278693
15;-407.1536;1008.45233;5.269147
15;-415.168;1014.8512;5.259602
15;-423.2386;1021.17053;5.2500587
15;-431.36462;1027.4098;5.2405167
15;-439.54532;1033.5686;5.2309766
15;-447.7799;1039.6465;5.221438
15;-456.0676;1045.6431;5.2119007
15;-464.40762;1051.5579;5.202365
15;-472.7992;1057.3904;5.1928306
15;-481.24152;1063.1403;5.1832976
15;-489.7338;1068.8071;5.1737666
15;-498.27524;1074.3905;5.164237
15;-506.86505;1079.89;5.154709
15;-515.50244;1085.3053;5.145182
15;-524.1866;1090.6359;5.135657
15;-532.9166;1095.8815;5.126133
15;-541.69183;1101.0417;5.1166105
15;-550.51135;1106.1162;5.1070895
15;-559.3744;1111.1046;5.09757
15;-568.2801;1116.0066;5.0880523
15;-577.22766;1120.8218;5.078536
15;-586.2163;1125.5498;5.069021
15;-595.2452;1130.1904;5.059508
15;-604.3134;1134.7433;5.049996
15;-613.4202;1139.2081;5.0404854
15;-622.56476;1143.5846;5.0309763
15;-631.74615;1147.8724;5.0214686
15;-640.9636;1152.0713;5.0119624
15;-650.2163;1156.1809;5.0024576
15;-659.50336;1160.201;4.9929543
15;-668.8239;1164.1315;4.9834523
15;-678.1771;1167.9719;4.973952
15;-687.5622;1171.7222;4.9644527
15;-696.9782;1175.3818;4.954955
15;-706.4244;1178.9508;4.9454584
15;-715.89984;1182.4288;4.935963
15;-725.4037;1185.8157;4.9264693
15;-734.9351;1189.1112;4.916977
15;-744.4933;1192.3152;4.907486
15;-754.0773;1195.4274;4.8979964
15;-763.6863;1198.4476;4.8885083
15;-773.3194;1201.3757;4.879021
15;-782.9758;1204.2115;4.8695354
15;-792.65466;1206.955;4.860051
15;-802.35504;1209.6058;4.8505683
15;-812.0761;1212.164;4.841087
15;-821.817;1214.6292;4.8316064
15;-831.57684;1217.0013;4.8221273
15;-841.3548;1219.2804;4.8126497
15;-851.14996;1221.4662;4.803173
15;-860.9615;1223.5586;4.793698
15;-870.78845;1225.5576;4.784224
15;-880.63007;1227.463;4.774751
15;-890.4854;1229.2748;4.76528
15;-900.35364;1230.9928;4.75581
15;-910.2339;1232.6171;4.7463408
15;-920.12524;1234.1476;4.736873
15;-930.0269;1235.5841;4.7274065
15;-939.938;1236.9268;4.7179413
15;-949.8576;1238.1754;4.7084775
15;-959.78485;1239.3301;4.6990147
15;-969.7189;1240.3907;4.6895533
15;-979.6589;1241.3573;4.680093
15;-989.6039;1242.2299;4.670634
15;-999.5531;1243.0084;4.6611757
15;-1009.5056;1243.6929;4.651719
15;-1019.46063;1244.2833;4.6422634
15;-1029.4172;1244.7798;4.632809
15;-1039.3745;1245.1824;4.623356
15;-1049.3317;1245.491;4.6139035
15;-1059.2878;1245.7057;4.6044526
15;-1069.2421;1245.8267;4.5950027
15;-1079.1936;1245.8539;4.585554
15;-1089.1416;1245.7875;4.5761065
20;1.1974938;9.868652;6.2733536
20;2.3044872;19.740328;6.263252
20;3.3192704;29.614094;6.2529626
20;4.240546;39.488995;6.2425437
20;5.0673037;49.36406;6.2320337
20;5.798749;59.238304;6.2214603
20;6.4342403;69.11073;6.2108417
20;6.9732494;78.98035;6.20019
20;7.4153357;88.846146;6.189514
20;7.760126;98.70711;6.1788197
20;8.007301;108.562225;6.1681104
20;8.156593;118.41048;6.1573896
20;8.207775;128.25084;6.1466594
20;8.160656;138.08228;6.135921
20;8.015076;147.90378;6.1251755
20;7.7709107;157.7143;6.114424
20;7.428066;167.5128;6.1036677
20;6.986472;177.29826;6.0929065
20;6.4460926;187.06964;6.0821414
20;5.806911;196.8259;6.0713725
20;5.068937;206.566;6.0606003
20;4.23221;216.28891;6.0498257
20;3.2967868;225.99359;6.039048
20;2.2627506;235.67902;6.028269
20;1.1302061;245.34416;6.0174875
20;-0.10071981;254.98799;6.006705
20;-1.4298769;264.6095;5.995921
20;-2.8570967;274.20764;5.9851365
20;-4.382193;283.7814;5.974351
20;-6.004958;293.32977;5.963565
20;-7.7251673;302.8517;5.9527783
20;-9.542575;312.34625;5.941992
20;-11.45692;321.81238;5.9312053
20;-13.467919;331.24908;5.920419
20;-15.575277;340.6554;5.9096336
20;-17.778683;350.0303;5.8988485
20;-20.077803;359.37283;5.8880644
20;-22.472296;368.682;5.8772807
20;-24.9618;377.95685;5.8664985
20;-27.54594;387.19638;5.855717
20;-30.224327;396.39966;5.8449373
20;-32.99656;405.56573;5.8341584
20;-35.862217;414.69363;5.8233814
20;-38.82087;423.78244;5.812606
20;-41.872078;432.8312;5.8018317
20;-45.01538;441.83902;5.7910595
20;-48.25031;450.80493;5.780289
20;-51.576385;459.72803;5.7695208
20;-54.99311;468.60742;5.7587543
20;-58.499985;477.4422;5.7479897
20;-62.096497;486.23148;5.737227
20;-65.78211;494.97433;5.7264667
20;-69.55629;503.66992;5.7157087
20;-73.41849;512.3174;5.7049527
20;-77.36815;520.91583;5.694199
20;-81.4047;529.46436;5.683448
20;-85.527565;537.96216;5.672699
20;-89.73615;546.40845;5.6619525
20;-94.02986;554.8023;5.6512084
20;-98.40809;563.14294;5.6404667
20;-102.87022;571.4295;5.629728
20;-107.41562;579.6612;5.6189914
20;-112.04366;587.8372;5.6082573
20;-116.7537;595.9568;5.597526
20;-121.54508;604.0191;5.586797
20;-126.417145;612.02344;5.5760713
20;-131.36923;619.96893;5.5653477
20;-136.40065;627.8549;5.554627
20;-141.51073;635.68054;5.5439086
20;-146.69878;643.4451;5.533193
20;-151.9641;651.1479;5.5224805
20;-157.30598;658.78815;5.5117702
20;-162.72372;666.3651;5.501063
20;-168.21658;673.8781;5.4903584
20;-173.78384;681.3265;5.479656
20;-179.42477;688.7095;5.468957
20;-185.13864;696.02637;5.4582605
20;-190.92468;703.27655;5.4475665
20;-196.78217;710.4593;5.4368753
20;-202.71031;717.574;5.426187
20;-208.70837;724.61993;5.4155016
20;-214.77557;731.5965;5.4048185
20;-220.91113;738.50305;5.3941383
20;-227.11426;745.339;5.383461
20;-233.38417;752.1037;5.372786
20;-239.72008;758.7965;5.362114
20;-246.12119;765.4169;5.3514447
20;-252.58667;771.9642;5.3407784
20;-259.11575;778.4378;5.3301144
20;-265.70758;784.8372;5.3194532
20;-272.36136;791.16187;5.3087945
20;-279.07626;797.4112;5.2981386
20;-285.85147;803.5846;5.2874856
20;-292.68613;809.6816;5.276835
20;-299.5794;815.7016;5.266187
20;-306.53046;821.64417;5.2555423
20;-313.53845;827.5087;5.2448997
20;-320.6025;833.2948;5.23426
20;-327.7218;839.0019;5.223623
20;-334.89545;844.62946;5.2129884
20;-342.1226;850.1771;5.2023563
20;-349.40237;855.64435;5.191727
20;-356.73392;861.0307;5.1811004
20;-364.11636;866.3357;5.170476
20;-371.54883;871.55896;5.1598544
20;-379.03043;876.7;5.1492352
20;-386.56027;881.7585;5.138619
20;-394.13745;886.7339;5.128005
20;-401.7611;891.62585;5.1173935
20;-409.43033;896.434;5.106785
20;-417.14423;901.15796;5.0961785
20;-424.90192;905.79736;5.0855746
20;-432.70248;910.3518;5.074973
20;-440.545;914.8209;5.0643744
20;-448.4286;919.2044;5.053778
20;-456.35233;923.5019;5.0431843
20;-464.3153;927.7131;5.032593
20;-472.31662;931.8376;5.0220037
20;-480.35532;935.8752;5.011417
20;-488.4305;939.8255;5.0008326
20;-496.54126;943.6883;4.9902506
20;-504.68665;947.46326;4.979671
20;-512.8658;951.15015;4.969094
20;-521.0777;954.74866;4.958519
20;-529.3215;958.25854;4.9479465
20;-537.5962;961.6796;4.9373765
20;-545.9009;965.0116;4.926809
20;-554.2346;968.2543;4.9162436
20;-562.5965;971.4074;4.9056807
20;-570.9856;974.4708;4.89512
20;-579.40094;977.4443;4.8845615
20;-587.8416;980.3276;4.8740053
20;-596.3067;983.1206;4.8634515
20;-604.7952;985.8232;4.8529
20;-613.3063;988.4351;4.8423505
20;-621.83887;990.95624;4.8318033
20;-630.3921;993.3865;4.8212585
20;-638.96497;995.72565;4.8107157
20;-647.5566;997.97363;4.800175
20;-656.166;1000.1303;4.789637
20;-664.7923;1002.1956;4.779101
20;-673.4345;1004.16943;4.768567
20;-682.0917;1006.0517;4.758035
20;-690.7629;1007.8423;4.7475057
20;-699.44714;1009.54114;4.736978
20;-708.14355;1011.14825;4.726453
20;-716.85114;1012.6635;4.7159295
20;-725.569;1014.0869;4.705408
20;-734.29614;1015.41846;4.694889
20;-743.0317;1016.6581;4.684372
20;-751.77466;1017.8058;4.6738567
20;-760.5241;1018.8616;4.663344
20;-769.2791;1019.82544;4.652833
20;-778.03876;1020.6974;4.642324
20;-786.80206;1021.4775;4.6318173
20;-795.5681;1022.1657;4.6213126
20;-804.336;1022.76215;4.61081
20;-813.10474;1023.26685;4.600309
20;-821.8734;1023.6799;4.58981
20;-830.6411;1024.0012;4.579313
20;-839.40686;1024.2311;4.568818
20;-848.1698;1024.3695;4.5583253
20;-856.92896;1024.4166;4.5478344
20;-865.6834;1024.3724;4.5373454
20;-874.43225;1024.2372;4.5268583
20;-883.17456;1024.0109;4.516373
20;-891.90936;1023.6937;4.50589
20;-900.6358;1023.2859;4.4954085
20;-909.35297;1022.7875;4.484929
20;-918.05994;1022.19867;4.4744515
20;-926.7558;1021.51965;4.4639754
20;-935.43964;1020.75055;4.453501
20;-944.11053;1019.8916;4.443029
20;-952.7676;1018.943;4.4325585
20;-961.4099;1017.9049;4.42209
20;-970.0366;1016.7775;4.4116235
20;-978.6468;1015.56116;4.4011583
20;-987.23956;1014.256;4.390695
20;-995.814;1012.86224;4.380234
20;-1004.36926;1011.3802;4.3697743
25;1.3938823;8.560325;6.2723627
25;2.7014441;17.12412;6.2613034
25;3.9212976;25.690424;6.250092
25;5.052468;34.258255;6.238785
25;6.094251;42.826633;6.227417
25;7.0461316;51.394573;6.2160115
25;7.9077177;59.96109;6.204582
25;8.678713;68.52519;6.1931386
25;9.358888;77.08589;6.1816864
25;9.948067;85.6422;6.1702294
25;10.446118;94.193115;6.15877
25;10.852945;102.73765;6.14731
25;11.168483;111.27481;6.1358495
25;11.392695;119.803604;6.12439
25;11.525576;128.32303;6.112932
25;11.567139;136.83209;6.1014757
25;11.517428;145.32982;6.0900216
25;11.376512;153.8152;6.07857
25;11.144474;162.28725;6.0671206
25;10.821426;170.74498;6.055674
25;10.4075;179.18742;6.0442305
25;9.902849;187.61359;6.03279
25;9.307645;196.02249;6.0213532
25;8.622078;204.41316;6.0099196
25;7.846357;212.78464;5.9984894
25;6.980711;221.13594;5.987063
25;6.025387;229.46613;5.9756403
25;4.980647;237.77423;5.9642215
25;3.8467693;246.0593;5.9528065
25;2.6240475;254.32039;5.9413953
25;1.3127948;262.55658;5.9299884
25;-0.086665034;270.7669;5.9185853
25;-1.5739905;278.95047;5.9071865
25;-3.1488256;287.10632;5.895792
25;-4.8108015;295.23355;5.884402
25;-6.559535;303.33127;5.873016
25;-8.394631;311.39856;5.8616343
25;-10.315679;319.43454;5.8502574
25;-12.322256;327.4383;5.838885
25;-14.413931;335.40897;5.8275166
25;-16.590256;343.34567;5.816153
25;-18.850777;351.24753;5.804794
25;-21.195023;359.1137;5.7934394
25;-23.622513;366.94333;5.7820897
25;-26.132755;374.73557;5.770745
25;-28.72525;382.48956;5.759404
25;-31.399487;390.2045;5.7480683
25;-34.154945;397.87955;5.7367373
25;-36.991093;405.51392;5.725411
25;-39.907387;413.10678;5.7140894
25;-42.903282;420.65732;5.702772
25;-45.97822;428.16476;5.6914597
25;-49.131634;435.62833;5.680152
25;-52.362946;443.04724;5.668849
25;-55.67157;450.42075;5.657551
25;-59.056915;457.74805;5.6462574
25;-62.51838;465.02844;5.6349688
25;-66.05536;472.26114;5.623685
25;-69.66723;479.44543;5.612406
25;-73.35338;486.5806;5.601131
25;-77.11317;493.66592;5.589861
25;-80.94596;500.70068;5.5785956
25;-84.85112;507.68417;5.567335
25;-88.82799;514.6157;5.5560794
25;-92.8759;521.4946;5.5448284
25;-96.9942;528.3202;5.5335817
25;-101.18222;535.0918;5.52234
25;-105.43928;541.8088;5.5111027
25;-109.764694;548.47046;5.49987
25;-114.15778;555.07623;5.4886417
25;-118.61784;561.6254;5.4774184
25;-123.14418;568.11743;5.4661994
25;-127.736084;574.55164;5.454985
25;-132.39284;580.9274;5.4437757
25;-137.11374;587.2442;5.4325705
25;-141.89806;593.5014;5.42137
25;-146.74507;599.6984;5.410174
25;-151.65405;605.8347;5.3989825
25;-156.62425;611.90967;5.3877954
25;-161.65494;617.9228;5.3766127
25;-166.74538;623.8735;5.3654346
25;-171.8948;629.7612;5.354261
25;-177.10248;635.5855;5.3430915
25;-182.36763;641.3458;5.331927
25;-187.6895;647.0416;5.3207664
25;-193.06732;652.6724;5.3096104
25;-198.50034;658.23773;5.2984586
25;-203.98776;663.737;5.287311
25;-209.52882;669.16986;5.276168
25;-215.12274;674.53577;5.2650294
25;-220.76874;679.8343;5.2538953
25;-226.46602;685.065;5.2427654
25;-232.21379;690.2274;5.2316394
25;-238.01126;695.32117;5.2205176
25;-243.85765;700.34576;5.2094
25;-249.75214;705.30084;5.198287
25;-255.69394;710.186;5.187178
25;-261.68225;715.0008;5.1760736
25;-267.71625;719.7449;5.164973
25;-273.79514;724.41785;5.1538763
25;-279.9181;729.01935;5.142784
25;-286.0843;733.549;5.1316957
25;-292.29294;738.0065;5.1206117
25;-298.5432;742.3914;5.1095314
25;-304.8343;746.7035;5.0984554
25;-311.16534;750.9424;5.0873833
25;-317.53555;755.1078;5.0763154
25;-323.9441;759.1994;5.0652514
25;-330.39014;763.2169;5.0541916
25;-336.87283;767.16003;5.0431356
25;-343.39136;771.02844;5.0320835
25;-349.9449;774.82196;5.0210357
25;-356.5326;778.5402;5.0099916
25;-363.15363;782.18304;4.9989514
25;-369.80716;785.7502;4.987915
25;-376.49237;789.24133;4.9768825
25;-383.2084;792.6563;4.9658537
25;-389.9544;795.99493;4.9548287
25;-396.72955;799.25696;4.9438076
25;-403.53302;802.44214;4.9327903
25;-410.36392;805.55035;4.921777
25;-417.22147;808.58136;4.910767
25;-424.10477;811.53503;4.899761
25;-431.013;814.4112;4.888759
25;-437.9453;817.20966;4.877761
25;-444.90088;819.9303;4.866766
25;-451.87885;822.57294;4.855775
25;-458.87836;825.1375;4.8447876
25;-465.8986;827.62384;4.8338037
25;-472.9387;830.0318;4.8228235
25;-479.9978;832.3613;4.811847
25;-487.0751;834.6123;4.800874
25;-494.16974;836.78467;4.789905
25;-501.28085;838.8783;4.7789392
25;-508.40762;840.8931;4.767977
25;-515.5492;842.8291;4.7570186
25;-522.7047;844.6862;4.746063
25;-529.87335;846.46436;4.7351117
25;-537.05426;848.1635;4.7241635
25;-544.24664;849.7836;4.7132187
25;-551.44965;851.3247;4.7022777
25;-558.6624;852.78674;4.69134
25;-565.8841;854.16974;4.6804056
25;-573.1139;855.47363;4.6694746
25;-580.35095;856.6985;4.658547
25;-587.5944;857.84436;4.6476226
25;-594.8435;858.9112;4.6367016
25;-602.09735;859.8991;4.625784
25;-609.35516;860.8081;4.6148696
25;-616.6161;861.63824;4.6039586
25;-623.8793;862.3896;4.593051
25;-631.1439;863.0622;4.5821466
25;-638.40924;863.6561;4.5712457
25;-645.6744;864.1715;4.560348
25;-652.93854;864.6084;4.5494537
25;-660.2009;864.9669;4.5385623
25;-667.4607;865.2472;4.527674
25;-674.717;865.4493;4.5167894
25;-681.96906;865.57336;4.5059075
25;-689.21606;865.61957;4.495029
25;-696.4573;865.588;4.4841537
25;-703.69183;865.4789;4.4732814
25;-710.91895;865.2923;4.4624124
25;-718.1378;865.02844;4.451546
25;-725.3476;864.6875;4.4406834
25;-732.54755;864.2696;4.4298234
25;-739.7369;863.77496;4.418967
25;-746.91486;863.2038;4.408113
25;-754.0806;862.5563;4.397262
25;-761.23346;861.83264;4.3864145
25;-768.3725;861.0331;4.37557
25;-775.4971;860.15784;4.364728
25;-782.6063;859.20715;4.3538895
25;-789.6995;858.1813;4.343054
25;-796.77594;857.0804;4.332221
25;-803.8348;855.9048;4.321391
25;-810.8753;854.6547;4.310564
25;-817.8967;853.3305;4.29974
25;-824.8983;851.9324;4.288919
25;-831.87933;850.46063;4.278101
30;1.5320791;6.9555464;6.2720428
30;2.9923773;13.913618;6.2607045
30;4.3798537;20.873402;6.2492523
30;5.69384;27.834087;6.2377353
30;6.9339075;34.79487;6.2261834
30;8.099779;41.75494;6.2146144
30;9.191278;48.7135;6.2030387
30;10.208293;55.669754;6.191462
30;11.1507635;62.622906;6.1798887
30;12.018662;69.57216;6.16832
30;12.811994;76.516716;6.156758
30;13.5307865;83.455795;6.1452026
30;14.175095;90.388596;6.133655
30;14.74499;97.31434;6.122115
30;15.240567;104.23223;6.1105833
30;15.661935;111.141495;6.0990596
30;16.009222;118.04135;6.087544
30;16.282574;124.93102;6.0760365
30;16.48215;131.80974;6.064537
30;16.608128;138.67671;6.053046
30;16.6607;145.5312;6.0415635
30;16.640076;152.37244;6.0300894
30;16.546473;159.19966;6.0186234
30;16.380127;166.01213;6.007166
30;16.141285;172.80908;5.9957166
30;15.830207;179.5898;5.984276
30;15.447165;186.35353;5.972843
30;14.992445;193.09955;5.961419
30;14.466341;199.82713;5.950003
30;13.869162;206.53555;5.938596
30;13.201223;213.2241;5.9271965
30;12.462855;219.89209;5.915806
30;11.654395;226.5388;5.904423
30;10.776192;233.16354;5.8930492
30;9.828602;239.76562;5.8816833
30;8.811995;246.34438;5.870326
30;7.7267427;252.89911;5.858977
30;6.5732303;259.42917;5.8476357
30;5.351851;265.9339;5.836303
30;4.0630045;272.41263;5.824979
30;2.7070978;278.86472;5.8136625
30;1.2845461;285.28952;5.8023543
30;-0.20422864;291.6864;5.7910542
30;-1.7587968;298.05475;5.7797623
30;-3.378719;304.39392;5.768479
30;-5.0635524;310.7033;5.7572036
30;-6.812847;316.98233;5.7459364
30;-8.626151;323.23035;5.734677
30;-10.503002;329.4468;5.7234254
30;-12.442932;335.6311;5.712182
30;-14.445467;341.78265;5.700947
30;-16.510128;347.90088;5.6897197
30;-18.636435;353.98526;5.6785
30;-20.823896;360.0352;5.667289
30;-23.072018;366.05014;5.6560855
30;-25.380302;372.02957;5.64489
30;-27.748245;377.97296;5.6337023
30;-30.175343;383.87976;5.6225224
30;-32.66108;389.74945;5.61135
30;-35.20494;395.5815;5.600186
30;-37.806408;401.37543;5.5890293
30;-40.46496;407.13074;5.5778804
30;-43.18006;412.84692;5.566739
30;-45.951187;418.5235;5.555606
30;-48.777798;424.15997;5.5444803
30;-51.659355;429.7559;5.5333624
30;-54.59532;435.3108;5.5222516
30;-57.585155;440.8242;5.5111485
30;-60.628304;446.29565;5.500053
30;-63.724216;451.72476;5.488965
30;-66.87234;457.11105;5.477885
30;-70.07211;462.4541;5.4668117
30;-73.32299;467.75348;5.455746
30;-76.6244;473.00876;5.444688
30;-79.97578;478.21954;5.433637
30;-83.376564;483.38544;5.4225936
30;-86.82618;488.50604;5.4115577
30;-90.324066;493.58096;5.400529
30;-93.869644;498.60983;5.3895073
30;-97.46233;503.59225;5.3784933
30;-101.10156;508.52786;5.3674865
30;-104.78675;513.4163;5.356487
30;-108.51732;518.25726;5.3454943
30;-112.29269;523.0503;5.334509
30;-116.11227;527.79517;5.3235307
30;-119.97547;532.49146;5.3125596
30;-123.88172;537.13885;5.301595
30;-127.83043;541.73706;5.290638
30;-131.821;546.28577;5.279688
30;-135.85284;550.78467;5.268745
30;-139.92537;555.23346;5.2578087
30;-144.03798;559.63184;5.2468796
30;-148.19008;563.9795;5.235957
30;-152.38107;568.2762;5.225042
30;-156.61038;572.5216;5.2141333
30;-160.8774;576.7155;5.2032313
30;-165.1815;580.8576;5.1923366
30;-169.52213;584.94763;5.1814485
30;-173.89865;588.98535;5.170567
30;-178.31049;592.9705;5.1596923
30;-182.75703;596.90295;5.148824
30;-187.2377;600.78235;5.137963
30;-191.75186;604.6085;5.127108
30;-196.29893;608.3812;5.11626
30;-200.87831;612.1002;5.1054187
30;-205.4894;615.7654;5.0945835
30;-210.13158;619.37646;5.083755
30;-214.80424;622.9333;5.072933
30;-219.50682;626.4356;5.0621176
30;-224.23868;629.8833;5.0513086
30;-228.99922;633.2762;5.040506
30;-233.78786;636.6141;5.02971
30;-238.60397;639.89685;5.01892
30;-243.44698;643.12427;5.0081363
30;-248.31625;646.29626;4.9973593
30;-253.21121;649.41266;4.9865885
30;-258.13126;652.47327;4.975824
30;-263.07578;655.478;4.9650655
30;-268.04416;658.42676;4.9543133
30;-273.0358;661.3194;4.9435673
30;-278.0501;664.15576;4.9328275
30;-283.08652;666.9358;4.922094
30;-288.14438;669.65936;4.9113665
30;-293.2231;672.32635;4.9006453
30;-298.32214;674.9367;4.88993
30;-303.44086;677.4903;4.8792205
30;-308.57864;679.98706;4.8685174
30;-313.73492;682.42694;4.85782
30;-318.9091;684.8099;4.847129
30;-324.10056;687.13574;4.8364434
30;-329.30872;689.40454;4.825764
30;-334.53302;691.61615;4.8150907
30;-339.77283;693.77057;4.804423
30;-345.0276;695.86774;4.7937613
30;-350.2967;697.90765;4.7831054
30;-355.57953;699.89026;4.772455
30;-360.87555;701.8155;4.761811
30;-366.18414;703.68335;4.751172
30;-371.50476;705.49384;4.740539
30;-376.8368;707.24695;4.729912
30;-382.17966;708.9427;4.7192903
30;-387.53278;710.581;4.7086744
30;-392.89557;712.1619;4.6980643
30;-398.26746;713.6855;4.6874595
30;-403.6479;715.1517;4.6768603
30;-409.03625;716.5605;4.666267
30;-414.432;717.912;4.6556787
30;-419.83456;719.2062;4.6450963
30;-425.24335;720.4431;4.634519
30;-430.6578;721.62286;4.6239476
30;-436.07736;722.7454;4.6133814
30;-441.50146;723.81085;4.6028204
30;-446.92953;724.8192;4.5922647
30;-452.36102;725.77057;4.5817146
30;-457.79535;726.665;4.57117
30;-463.23196;727.5025;4.5606303
30;-468.67032;728.28326;4.550096
30;-474.10986;729.00726;4.539567
30;-479.55002;729.6746;4.529043
30;-484.99026;730.28546;4.5185246
30;-490.43005;730.83984;4.5080113
30;-495.8688;731.3379;4.4975033
30;-501.306;731.77966;4.487
30;-506.7411;732.1653;4.476502
30;-512.1735;732.4949;4.466009
30;-517.6028;732.76855;4.455521
30;-523.0283;732.98645;4.4450383
30;-528.44965;733.1487;4.4345603
30;-533.86615;733.2554;4.4240875
30;-539.27734;733.30664;4.4136195
30;-544.68274;733.3026;4.4031568
30;-550.0817;733.24347;4.392699
30;-555.4738;733.1294;4.3822455
30;-560.8585;732.96045;4.371797
30;-566.2353;732.7369;4.3613534
30;-571.60364;732.4588;4.350915
30;-576.963;732.12634;4.3404813
30;-582.3129;731.73975;4.3300524
30;-587.6529;731.29913;4.3196282
30;-592.98236;730.8047;4.3092084
35;1.5872924;5.0975785;6.272513
35;3.124464;10.196089;6.261699
35;4.6108174;15.295023;6.2508116
35;6.0459557;20.393883;6.2398887
35;7.429661;25.49218;6.2289524
35;8.761825;30.589436;6.218015
35;10.042406;35.685173;6.207084
35;11.271408;40.77892;6.196163
35;12.448864;45.870205;6.1852546
35;13.574827;50.958565;6.1743593
35;14.649368;56.043537;6.163478
35;15.672575;61.12466;6.1526113
35;16.644543;66.20148;6.141759
35;17.565384;71.27353;6.1309214
35;18.435215;76.34037;6.120098
35;19.254168;81.40155;6.1092896
35;20.02238;86.45662;6.098496
35;20.74;91.50514;6.0877166
35;21.40718;96.54668;6.0769515
35;22.02409;101.58079;6.066201
35;22.590899;106.60704;6.055465
35;23.107784;111.625015;6.0447435
35;23.574934;116.634285;6.034036
35;23.992538;121.63443;6.023343
35;24.360798;126.62504;6.0126643
35;24.679916;131.6057;6.0019994
35;24.950106;136.576;5.9913487
35;25.17158;141.53555;5.980712
35;25.344559;146.48395;5.970089
35;25.46927;151.42079;5.9594803
35;25.545944;156.3457;5.9488854
35;25.574814;161.25829;5.938304
35;25.556118;166.15817;5.9277363
35;25.4901;171.04498;5.9171824
35;25.37701;175.91835;5.9066424
35;25.217096;180.7779;5.896116
35;25.01061;185.62326;5.8856025
35;24.75781;190.4541;5.875103
35;24.458958;195.27005;5.864617
35;24.114313;200.07077;5.854144
35;23.724144;204.85591;5.8436847
35;23.288715;209.62512;5.833238
35;22.8083;214.37808;5.822805
35;22.283167;219.11446;5.8123846
35;21.713593;223.83392;5.8019776
35;21.099854;228.53615;5.7915835
35;20.442228;233.22081;5.7812023
35;19.740997;237.8876;5.770834
35;18.99644;242.53622;5.7604785
35;18.208843;247.16635;5.750136
35;17.378487;251.7777;5.7398057
35;16.505661;256.36993;5.7294884
35;15.59065;260.9428;5.7191834
35;14.633741;265.496;5.708891
35;13.635227;270.02924;5.6986113
35;12.595396;274.54224;5.6883435
35;11.514539;279.0347;5.678088
35;10.392948;283.50638;5.6678452
35;9.230917;287.95697;5.6576147
35;8.028738;292.38623;5.647396
35;6.786705;296.79388;5.6371894
35;5.5051126;301.1797;5.6269946
35;4.184255;305.54337;5.6168118
35;2.8244286;309.88467;5.606641
35;1.4259295;314.20337;5.596482
35;-0.010947108;318.49918;5.586334
35;-1.4859037;322.77188;5.5761986
35;-2.9986439;327.0212;5.5660744
35;-4.5488706;331.24695;5.5559616
35;-6.1362867;335.44885;5.5458603
35;-7.7605944;339.6267;5.5357704
35;-9.421495;343.78027;5.525692
35;-11.118693;347.90933;5.5156245
35;-12.851889;352.01364;5.5055685
35;-14.620784;356.09302;5.4955235
35;-16.425081;360.14722;5.4854894
35;-18.264482;364.17603;5.4754663
35;-20.13869;368.17926;5.465454
35;-22.047405;372.15668;5.455453
35;-23.99033;376.1081;5.445462
35;-25.967167;380.0333;5.435482
35;-27.977617;383.9321;5.425513
35;-30.021383;387.8043;5.415554
35;-32.098167;391.6497;5.405606
35;-34.207672;395.46808;5.3956676
35;-36.3496;399.25928;5.38574
35;-38.523655;403.0231;5.375822
35;-40.729534;406.7594;5.365915
35;-42.966946;410.46796;5.3560176
35;-45.235588;414.1486;5.3461304
35;-47.535168;417.80112;5.3362527
35;-49.865387;421.42538;5.326385
35;-52.22595;425.0212;5.316527
35;-54.616554;428.58844;5.306679
35;-57.036907;432.12686;5.29684
35;-59.48671;435.63635;5.287011
35;-61.965668;439.11673;5.2771916
35;-64.47349;442.56784;5.267381
35;-67.009865;445.9895;5.2575803
35;-69.57451;449.3816;5.2477884
35;-72.16712;452.74393;5.2380056
35;-74.78741;456.07635;5.228232
35;-77.435074;459.37875;5.218467
35;-80.10982;462.65094;5.2087116
35;-82.81135;465.8928;5.1989646
35;-85.53937;469.10416;5.189226
35;-88.29359;472.28488;5.179497
35;-91.0737;475.43484;5.169776
35;-93.87942;478.5539;5.1600633
35;-96.71044;481.64188;5.150359
35;-99.566475;484.69867;5.1406636
35;-102.44722;487.72415;5.130976
35;-105.35239;490.71817;5.121297
35;-108.28168;493.6806;5.1116257
35;-111.234795;496.61133;5.1019626
35;-114.21144;499.51022;5.0923076
35;-117.21133;502.37717;5.08266
35;-120.23415;505.212;5.0730205
35;-123.279625;508.01465;5.063389
35;-126.34744;510.78497;5.053765
35;-129.43732;513.5228;5.0441484
35;-132.54895;516.22815;5.034539
35;-135.68204;518.9008;5.0249376
35;-138.83629;521.5407;5.015343
35;-142.01141;524.1477;5.005756
35;-145.2071;526.7217;4.996176
35;-148.42307;529.2626;4.986603
35;-151.65901;531.77026;4.977037
35;-154.91463;534.2446;4.9674783
35;-158.18964;536.6856;4.9579263
35;-161.48373;539.0931;4.948381
35;-164.79662;541.4669;4.9388423
35;-168.12799;543.80707;4.9293103
35;-171.47755;546.1134;4.919785
35;-174.84502;548.38586;4.9102664
35;-178.23009;550.6243;4.900754
35;-181.63246;552.82874;4.8912477
35;-185.05183;554.99896;4.8817477
35;-188.48792;557.13495;4.872254
35;-191.9404;559.23663;4.8627663
35;-195.409;561.3039;4.853285
35;-198.8934;563.3367;4.8438096
35;-202.39331;565.3349;4.83434
35;-205.90843;567.29846;4.8248763
35;-209.43846;569.22736;4.8154182
35;-212.98311;571.12146;4.805966
35;-216.54207;572.9807;4.7965193
35;-220.11504;574.80505;4.7870784
35;-223.7017;576.59436;4.7776427
35;-227.30179;578.34863;4.7682123
35;-230.91498;580.0678;4.7587876
35;-234.54099;581.7518;4.749368
35;-238.17949;583.4005;4.739954
35;-241.8302;585.014;4.7305446
35;-245.49283;586.59204;4.7211404
35;-249.16705;588.1347;4.7117414
35;-252.85258;589.6419;4.7023473
35;-256.5491;591.11365;4.692958
35;-260.25632;592.5498;4.6835732
35;-263.97394;593.9504;4.6741934
35;-267.70163;595.3153;4.6648183
35;-271.43912;596.64453;4.655448
35;-275.1861;597.93805;4.646082
35;-278.94226;599.1958;4.6367207
35;-282.7073;600.4177;4.6273637
35;-286.48093;601.6038;4.618011
35;-290.26282;602.754;4.6086626
35;-294.05267;603.86835;4.5993185
35;-297.8502;604.9467;4.5899787
35;-301.65506;605.98914;4.580643
35;-305.46698;606.99554;4.5713115
35;-309.28568;607.96594;4.561984
35;-313.1108;608.9003;4.5526605
35;-316.94208;609.79865;4.5433407
35;-320.77917;610.66095;4.5340247
35;-324.62183;611.4871;4.5247126
35;-328.4697;612.2772;4.515404
35;-332.32248;613.03125;4.5060997
35;-336.17987;613.74915;4.496799
35;-340.0416;614.4309;4.4875016
