


$OWN,0,261187000,0,0.0,11.3,15.945933,54.950005,356.1,0.0,0.0,0.0,,1,,,,,,,,,,,,,,,*63


$WIND,,,T,,,R*12


$OWN,0,261187000,0,0.0,11.3,15.945927,54.950058,356.1,0.0,0.0,0.0,,1,,,,,,,,,,,,,,,*6E


$WIND,,,T,,,R*12


$OWN,0,261187000,0,0.0,11.3,15.945924,54.950108,356.3,0.0,0.0,0.0,,1,,,,,,,,,,,,,,,*6B


$WIND,,,T,,,R*12


$OWN,0,261187000,0,-100000.0,11.3,15.945920,54.950161,356.4,0.0,0.0,0.0,,1,,,,,,,,,,,,,,,*7B


$WIND,,,T,,,R*12


$OWN,0,261187000,0,-100000.0,11.3,15.945917,54.950214,356.6,0.0,0.0,0.0,,1,,,,,,,,,,,,,,,*7C


$WIND,,,T,,,R*12


$OWN,0,261187000,0,-100000.0,11.3,15.945913,54.950264,356.7,359.0,0.0,0.0,,1,,,,,,,,,,,,,,,*71


$WIND,,,T,,,R*12


$OWN,0,261187000,0,-100000.0,11.3,15.945909,54.950317,356.7,359.0,0.0,0.0,,1,,,,,,,,,,,,,,,*7F


$WIND,,,T,,,R*12


$OWN,0,261187000,0,-100000.0,11.3,15.945902,54.950371,356.5,359.0,0.0,0.0,,1,,,,,,,,,,,,,,,*76


$WIND,,,T,,,R*12


$OWN,0,261187000,0,-100000.0,11.3,15.945884,54.950474,356.1,357.0,0.0,0.0,,1,,,,,,,,,,,,,,,*71


$WIND,,,T,,,R*12


$OWN,0,261187000,0,-100000.0,11.3,15.945873,54.950523,355.9,356.0,0.0,0.0,,1,,,,,,,,,,,,,,,*70


$WIND,,,T,,,R*12


$OWN,0,261187000,0,-100000.0,11.3,15.945864,54.950577,355.7,355.0,0.0,0.0,,1,,,,,,,,,,,,,,,*7A


$WIND,,,T,,,R*12


$OWN,0,261187000,0,-100000.0,11.3,15.945855,54.950630,355.6,354.0,0.0,0.0,,1,,,,,,,,,,,,,,,*78


$WIND,,,T,,,R*12


$OWN,0,261187000,0,-100000.0,11.3,15.945848,54.950680,355.6,352.0,0.0,0.0,,1,,,,,,,,,,,,,,,*79


$WIND,,,T,,,R*12


$OWN,0,261187000,0,-100000.0,11.3,15.945838,54.950733,355.4,351.0,0.0,0.0,,1,,,,,,,,,,,,,,,*76


$WIND,,,T,,,R*12


$OWN,0,261187000,0,-100000.0,11.3,15.945827,54.950783,355.0,349.0,0.0,0.0,,1,,,,,,,,,,,,,,,*7E


$WIND,,,T,,,R*12


$OWN,0,261187000,0,-100000.0,11.3,15.945827,54.950783,355.0,349.0,0.0,0.0,,1,,,,,,,,,,,,,,,*7E


$WIND,,,T,,,R*12


$OWN,0,261187000,0,-100000.0,11.3,15.945810,54.950836,354.5,347.0,0.0,0.0,,1,,,,,,,,,,,,,,,*71


$WIND,,,T,,,R*12


$OWN,0,261187000,0,-100000.0,11.2,15.945791,54.950886,353.8,345.0,0.0,0.0,,1,,,,,,,,,,,,,,,*75


$WIND,,,T,,,R*12


$OWN,0,261187000,0,-100000.0,11.2,15.945771,54.950935,353.1,341.0,0.0,0.0,,1,,,,,,,,,,,,,,,*7F


$WIND,,,T,,,R*12


$OWN,0,261187000,0,-100000.0,11.2,15.945746,54.950981,352.2,341.0,0.0,0.0,,1,,,,,,,,,,,,,,,*76


$WIND,,,T,,,R*12


$OWN,0,261187000,0,-100000.0,11.1,15.945720,54.951031,351.3,339.0,0.0,0.0,,1,,,,,,,,,,,,,,,*7B


$WIND,,,T,,,R*12


$OWN,0,261187000,0,-100000.0,11.1,15.945693,54.951077,350.4,336.0,0.0,0.0,,1,,,,,,,,,,,,,,,*79


$WIND,,,T,,,R*12


$OWN,0,261187000,0,-100000.0,11.0,15.945665,54.951126,349.4,334.0,0.0,0.0,,1,,,,,,,,,,,,,,,*7E


$WIND,,,T,,,R*12


$OWN,0,261187000,0,-100000.0,11.0,15.945633,54.951172,348.4,332.0,0.0,0.0,,1,,,,,,,,,,,,,,,*7B


$WIND,,,T,,,R*12


$OWN,0,261187000,0,-100000.0,10.9,15.945600,54.951214,347.3,329.0,0.0,0.0,,1,,,,,,,,,,,,,,,*72


$WIND,,,T,,,R*12


$OWN,0,261187000,0,-100000.0,10.8,15.945561,54.951260,346.0,327.0,0.0,0.0,,1,,,,,,,,,,,,,,,*78


$WIND,,,T,,,R*12


$OWN,0,261187000,0,-100000.0,10.8,15.945521,54.951302,344.6,325.0,0.0,0.0,,1,,,,,,,,,,,,,,,*7F


$WIND,,,T,,,R*12


$OWN,0,261187000,0,-100000.0,10.7,15.945478,54.951344,343.2,322.0,0.0,0.0,,1,,,,,,,,,,,,,,,*7B


$WIND,,,T,,,R*12


$OWN,0,261187000,0,-100000.0,10.6,15.945435,54.951382,341.7,320.0,0.0,0.0,,1,,,,,,,,,,,,,,,*7C


$WIND,,,T,,,R*12


$OWN,0,261187000,0,-100000.0,10.5,15.945387,54.951420,340.1,318.0,0.0,0.0,,1,,,,,,,,,,,,,,,*72


$WIND,,,T,,,R*12


$OWN,0,261187000,0,-100000.0,10.4,15.945338,54.951454,338.5,315.0,0.0,0.0,,1,,,,,,,,,,,,,,,*72


$WIND,,,T,,,R*12


$OWN,0,261187000,0,-100000.0,10.3,15.945287,54.951488,336.8,313.0,0.0,0.0,,1,,,,,,,,,,,,,,,*74


$WIND,,,T,,,R*12


$OWN,0,261187000,0,-100000.0,10.2,15.945233,54.951523,335.1,310.0,0.0,0.0,,1,,,,,,,,,,,,,,,*73


$WIND,,,T,,,R*12


$OWN,0,261187000,0,-100000.0,10.1,15.945180,54.951557,333.3,308.0,0.0,0.0,,1,,,,,,,,,,,,,,,*75


$WIND,,,T,,,R*12


$OWN,0,261187000,0,-100000.0,10.0,15.945124,54.951584,331.5,305.0,0.0,0.0,,1,,,,,,,,,,,,,,,*7D


$WIND,,,T,,,R*12


$OWN,0,261187000,0,-100000.0,9.9,15.945065,54.951614,329.7,303.0,0.0,0.0,,1,,,,,,,,,,,,,,,*4F


$WIND,,,T,,,R*12


$OWN,0,261187000,0,-100000.0,9.8,15.945006,54.951641,327.8,300.0,0.0,0.0,,1,,,,,,,,,,,,,,,*49


$WIND,,,T,,,R*12


$OWN,0,261187000,0,-100000.0,9.7,15.944946,54.951668,325.9,298.0,0.0,0.0,,1,,,,,,,,,,,,,,,*42


$WIND,,,T,,,R*12


$OWN,0,261187000,0,-100000.0,9.6,15.944886,54.951691,324.0,295.0,0.0,0.0,,5,9161247,SNHA   ,NAWIGATOR XXI       ,99,17,43,4,6,2,5,21,12,0,3.4,SZCZECIN            *58


$WIND,,,T,,,R*12


$OWN,0,261187000,0,-100000.0,9.6,15.944886,54.951691,324.0,293.0,0.0,0.0,,5,9161247,SNHA   ,NAWIGATOR XXI       ,99,17,43,4,6,2,5,21,12,0,3.4,SZCZECIN            *5E


$WIND,,,T,,,R*12


$OWN,0,261187000,0,-100000.0,9.4,15.944760,54.951733,319.9,291.0,0.0,0.0,,5,9161247,SNHA   ,NAWIGATOR XXI       ,99,17,43,4,6,2,5,21,12,0,3.4,SZCZECIN            *57


$WIND,,,T,,,R*12


$OWN,0,261187000,0,-100000.0,9.2,15.944695,54.951752,317.8,288.0,0.0,0.0,,5,9161247,SNHA   ,NAWIGATOR XXI       ,99,17,43,4,6,2,5,21,12,0,3.4,SZCZECIN            *5A


$WIND,,,T,,,R*12


$OWN,0,261187000,0,-100000.0,9.1,15.944630,54.951767,315.7,286.0,0.0,0.0,,5,9161247,SNHA   ,NAWIGATOR XXI       ,99,17,43,4,6,2,5,21,12,0,3.4,SZCZECIN            *53


$WIND,,,T,,,R*12


$OWN,0,261187000,0,-100000.0,9.0,15.944565,54.951782,313.6,283.0,0.0,0.0,,5,9161247,SNHA   ,NAWIGATOR XXI       ,99,17,43,4,6,2,5,21,12,0,3.4,SZCZECIN            *58


$WIND,,,T,,,R*12


$OWN,0,261187000,0,-100000.0,8.9,15.944500,54.951797,311.5,281.0,0.0,0.0,,5,9161247,SNHA   ,NAWIGATOR XXI       ,99,17,43,4,6,2,5,21,12,0,3.4,SZCZECIN            *54


$WIND,,,T,,,R*12


$OWN,0,261187000,0,-100000.0,8.8,15.944433,54.951809,309.4,279.0,0.0,0.0,,5,9161247,SNHA   ,NAWIGATOR XXI       ,99,17,43,4,6,2,5,21,12,0,3.4,SZCZECIN            *53


$WIND,,,T,,,R*12


$OWN,0,261187000,0,-100000.0,8.7,15.944368,54.951820,307.3,276.0,0.0,0.0,,5,9161247,SNHA   ,NAWIGATOR XXI       ,99,17,43,4,6,2,5,21,12,0,3.4,SZCZECIN            *58


$WIND,,,T,,,R*12


$OWN,0,261187000,0,-100000.0,8.7,15.944302,54.951832,305.1,274.0,0.0,0.0,,5,9161247,SNHA   ,NAWIGATOR XXI       ,99,17,43,4,6,2,5,21,12,0,3.4,SZCZECIN            *55


$WIND,,,T,,,R*12


$OWN,0,261187000,0,-100000.0,8.6,15.944235,54.951836,302.9,272.0,0.0,0.0,,5,9161247,SNHA   ,NAWIGATOR XXI       ,99,17,43,4,6,2,5,21,12,0,3.4,SZCZECIN            *5C


$WIND,,,T,,,R*12


$OWN,0,261187000,0,-100000.0,8.6,15.944235,54.951836,302.9,269.0,0.0,0.0,,5,9161247,SNHA   ,NAWIGATOR XXI       ,99,17,43,4,6,2,5,21,12,0,3.4,SZCZECIN            *56


$WIND,,,T,,,R*12


$OWN,0,261187000,0,-100000.0,8.5,15.944168,54.951843,300.7,269.0,0.0,0.0,,5,9161247,SNHA   ,NAWIGATOR XXI       ,99,17,43,4,6,2,5,21,12,0,3.4,SZCZECIN            *50


$WIND,,,T,,,R*12


$OWN,0,261187000,0,-100000.0,8.3,15.944036,54.951851,296.2,265.0,0.0,0.0,,5,9161247,SNHA   ,NAWIGATOR XXI       ,99,17,43,4,6,2,5,21,12,0,3.4,SZCZECIN            *58


$WIND,,,T,,,R*12


$OWN,0,261187000,0,-100000.0,8.2,15.943970,54.951851,294.0,262.0,0.0,0.0,,5,9161247,SNHA   ,NAWIGATOR XXI       ,99,17,43,4,6,2,5,21,12,0,3.4,SZCZECIN            *52


$WIND,,,T,,,R*12


$OWN,0,261187000,0,-100000.0,8.1,15.943905,54.951851,291.8,260.0,0.0,0.0,,5,9161247,SNHA   ,NAWIGATOR XXI       ,99,17,43,4,6,2,5,21,12,0,3.4,SZCZECIN            *5C


$WIND,,,T,,,R*12


$OWN,0,261187000,0,-100000.0,8.1,15.943840,54.951851,289.6,258.0,0.0,0.0,,5,9161247,SNHA   ,NAWIGATOR XXI       ,99,17,43,4,6,2,5,21,12,0,3.4,SZCZECIN            *50


$WIND,,,T,,,R*12


$OWN,0,261187000,0,-100000.0,8.0,15.943777,54.951847,287.4,256.0,0.0,0.0,,5,9161247,SNHA   ,NAWIGATOR XXI       ,99,17,43,4,6,2,5,21,12,0,3.4,SZCZECIN            *5F


$WIND,,,T,,,R*12


$OWN,0,261187000,0,-100000.0,7.9,15.943711,54.951843,285.2,253.0,0.0,0.0,,5,9161247,SNHA   ,NAWIGATOR XXI       ,99,17,43,4,6,2,5,21,12,0,3.4,SZCZECIN            *5C


$WIND,,,T,,,R*12


$OWN,0,261187000,0,-100000.0,7.9,15.943650,54.951836,283.0,251.0,0.0,0.0,,5,9161247,SNHA   ,NAWIGATOR XXI       ,99,17,43,4,6,2,5,21,12,0,3.4,SZCZECIN            *5C


$WIND,,,T,,,R*12


$OWN,0,261187000,0,-100000.0,7.8,15.943586,54.951832,280.7,249.0,0.0,0.0,,5,9161247,SNHA   ,NAWIGATOR XXI       ,99,17,43,4,6,2,5,21,12,0,3.4,SZCZECIN            *5C


$WIND,,,T,,,R*12


$OWN,0,261187000,0,-100000.0,7.8,15.943525,54.951820,278.5,247.0,0.0,0.0,,5,9161247,SNHA   ,NAWIGATOR XXI       ,99,17,43,4,6,2,5,21,12,0,3.4,SZCZECIN            *5D


$WIND,,,T,,,R*12


$OWN,0,261187000,0,-100000.0,7.7,15.943465,54.951813,276.2,245.0,0.0,0.0,,5,9161247,SNHA   ,NAWIGATOR XXI       ,99,17,43,4,6,2,5,21,12,0,3.4,SZCZECIN            *5C


$WIND,,,T,,,R*12


$OWN,0,261187000,0,-100000.0,7.6,15.943345,54.951790,271.7,242.0,0.0,0.0,,5,9161247,SNHA   ,NAWIGATOR XXI       ,99,17,43,4,6,2,5,21,12,0,3.4,SZCZECIN            *59


$WIND,,,T,,,R*12


$OWN,0,261187000,0,-100000.0,7.6,15.943289,54.951775,269.5,240.0,0.0,0.0,,5,9161247,SNHA   ,NAWIGATOR XXI       ,99,17,43,4,6,2,5,21,12,0,3.4,SZCZECIN            *5A


$WIND,,,T,,,R*12


$OWN,0,261187000,0,-100000.0,7.5,15.943232,54.951763,267.3,238.0,0.0,0.0,,5,9161247,SNHA   ,NAWIGATOR XXI       ,99,17,43,4,6,2,5,21,12,0,3.4,SZCZECIN            *59


$WIND,,,T,,,R*12


$OWN,0,261187000,0,-100000.0,7.5,15.943175,54.951744,265.1,236.0,0.0,0.0,,5,9161247,SNHA   ,NAWIGATOR XXI       ,99,17,43,4,6,2,5,21,12,0,3.4,SZCZECIN            *52


$WIND,,,T,,,R*12


$OWN,0,261187000,0,-100000.0,7.5,15.943175,54.951744,265.1,234.0,0.0,0.0,,5,9161247,SNHA   ,NAWIGATOR XXI       ,99,17,43,4,6,2,5,21,12,0,3.4,SZCZECIN            *50


$WIND,,,T,,,R*12


$OWN,0,261187000,0,-100000.0,7.4,15.943120,54.951729,262.9,232.0,0.0,0.0,,5,9161247,SNHA   ,NAWIGATOR XXI       ,99,17,43,4,6,2,5,21,12,0,3.4,SZCZECIN            *53


$WIND,,,T,,,R*12


$AIS,0,212356000,0,0.0,10.4,15.440730,55.481968,265.9,264.0,-31750.63,59121.29,,1,,,,,,,,,,,,,,,*41


$OWN,0,261187000,0,-100000.0,7.4,15.943067,54.951710,260.8,230.0,0.0,0.0,,5,9161247,SNHA   ,NAWIGATOR XXI       ,99,17,43,4,6,2,5,21,12,0,3.4,SZCZECIN            *5A


$WIND,,,T,,,R*12


$AIS,0,212356000,0,0.0,10.4,15.440730,55.481968,265.9,264.0,-31744.00,59125.48,,1,,,,,,,,,,,,,,,*42


$OWN,0,261187000,0,-100000.0,7.3,15.942964,54.951672,256.4,228.0,0.0,0.0,,5,9161247,SNHA   ,NAWIGATOR XXI       ,99,17,43,4,6,2,5,21,12,0,3.4,SZCZECIN            *53


$WIND,,,T,,,R*12


$AIS,0,212356000,0,0.0,10.4,15.440730,55.481968,265.9,264.0,-31740.74,59127.58,,1,,,,,,,,,,,,,,,*46


$OWN,0,261187000,0,-100000.0,7.3,15.942915,54.951649,254.1,225.0,0.0,0.0,,5,9161247,SNHA   ,NAWIGATOR XXI       ,99,17,43,4,6,2,5,21,12,0,3.4,SZCZECIN            *57


$WIND,,,T,,,R*12


$AIS,0,212356000,0,0.0,10.4,15.440730,55.481968,265.9,264.0,-31737.67,59130.11,,1,,,,,,,,,,,,,,,*4F


$OWN,0,261187000,0,-100000.0,7.3,15.942866,54.951630,251.8,223.0,0.0,0.0,,5,9161247,SNHA   ,NAWIGATOR XXI       ,99,17,43,4,6,2,5,21,12,0,3.4,SZCZECIN            *56


$WIND,,,T,,,R*12


$AIS,0,212356000,0,0.0,10.4,15.440730,55.481968,265.9,264.0,-31734.60,59132.21,,1,,,,,,,,,,,,,,,*4A


$AIS,0,229630000,0,0.0,11.0,15.204000,55.409332,85.0,83.0,-46781.32,51182.53,,1,,,,,,,,,,,,,,,*44


$OWN,0,261187000,0,-100000.0,7.3,15.942822,54.951603,249.6,221.0,0.0,0.0,,5,9161247,SNHA   ,NAWIGATOR XXI       ,99,17,43,4,6,2,5,21,12,0,3.4,SZCZECIN            *53


$WIND,,,T,,,R*12


$AIS,0,212356000,0,0.0,10.4,15.440730,55.481968,265.9,264.0,-31731.76,59135.16,,1,,,,,,,,,,,,,,,*4B


$AIS,0,229630000,0,0.0,11.0,15.204000,55.409332,85.0,83.0,-46778.48,51185.47,,1,,,,,,,,,,,,,,,*4D


$OWN,0,261187000,0,-100000.0,7.2,15.942777,54.951580,247.4,219.0,0.0,0.0,,5,9161247,SNHA   ,NAWIGATOR XXI       ,99,17,43,4,6,2,5,21,12,0,3.4,SZCZECIN            *52


$WIND,,,T,,,R*12


$AIS,0,212356000,0,0.0,10.4,15.440730,55.481968,265.9,264.0,-31728.93,59137.68,,1,,,,,,,,,,,,,,,*43


$AIS,0,229630000,0,0.0,11.0,15.204000,55.409332,85.0,83.0,-46775.64,51187.99,,1,,,,,,,,,,,,,,,*4F


$OWN,0,261187000,0,-100000.0,7.2,15.942732,54.951557,245.4,217.0,0.0,0.0,,5,9161247,SNHA   ,NAWIGATOR XXI       ,99,17,43,4,6,2,5,21,12,0,3.4,SZCZECIN            *55


$WIND,,,T,,,R*12


$AIS,0,212356000,0,0.0,10.4,15.440730,55.481968,265.9,264.0,-31726.10,59140.21,,1,,,,,,,,,,,,,,,*4B


$AIS,0,229630000,0,0.0,11.0,15.204000,55.409332,85.0,83.0,-46772.81,51190.51,,1,,,,,,,,,,,,,,,*41


$OWN,0,261187000,0,-100000.0,7.2,15.942690,54.951530,243.2,215.0,0.0,0.0,,5,9161247,SNHA   ,NAWIGATOR XXI       ,99,17,43,4,6,2,5,21,12,0,3.4,SZCZECIN            *5F


$WIND,,,T,,,R*12


$AIS,0,212356000,0,0.0,10.4,15.440730,55.481968,265.9,264.0,-31723.45,59143.16,,1,,,,,,,,,,,,,,,*49


$AIS,0,229630000,0,0.0,11.0,15.204000,55.409332,85.0,83.0,-46770.15,51193.45,,1,,,,,,,,,,,,,,,*48


$OWN,0,261187000,0,-100000.0,7.2,15.942690,54.951530,243.2,215.0,0.0,0.0,,5,9161247,SNHA   ,NAWIGATOR XXI       ,99,17,43,4,6,2,5,21,12,0,3.4,SZCZECIN            *5F


$WIND,,,T,,,R*12


$AIS,0,212356000,0,0.0,10.4,15.440730,55.481968,265.9,264.0,-31723.45,59143.16,,1,,,,,,,,,,,,,,,*49


$AIS,0,229630000,0,0.0,11.0,15.204000,55.409332,85.0,83.0,-46770.15,51193.45,,1,,,,,,,,,,,,,,,*48


$OWN,0,261187000,0,-100000.0,7.2,15.942650,54.951504,241.1,213.0,0.0,0.0,,5,9161247,SNHA   ,NAWIGATOR XXI       ,99,17,43,4,6,2,5,21,12,0,3.4,SZCZECIN            *53


$WIND,,,T,,,R*12


$AIS,0,229630000,0,0.0,11.0,15.204000,55.409332,85.0,83.0,-46767.61,51196.40,,1,,,,,,,,,,,,,,,*4D


$OWN,0,261187000,0,-100000.0,7.2,15.942610,54.951477,239.1,211.0,0.0,0.0,,5,9161247,SNHA   ,NAWIGATOR XXI       ,99,17,43,4,6,2,5,21,12,0,3.4,SZCZECIN            *5F


$WIND,,,T,,,R*12


$AIS,0,229630000,0,0.0,11.0,15.204000,55.409332,85.0,83.0,-46765.08,51199.34,,1,,,,,,,,,,,,,,,*4C


$OWN,0,261187000,0,-100000.0,7.2,15.942538,54.951420,234.8,207.0,0.0,0.0,,5,9161247,SNHA   ,NAWIGATOR XXI       ,99,17,43,4,6,2,5,21,12,0,3.4,SZCZECIN            *57


$WIND,,,T,,,R*12


$AIS,0,229630000,0,0.0,11.0,15.204000,55.409332,85.0,83.0,-46760.55,51205.66,,1,,,,,,,,,,,,,,,*40


$OWN,0,261187000,0,-100000.0,7.1,15.942505,54.951393,232.6,205.0,0.0,0.0,,5,9161247,SNHA   ,NAWIGATOR XXI       ,99,17,43,4,6,2,5,21,12,0,3.4,SZCZECIN            *5F


$WIND,,,T,,,R*12


$AIS,0,229630000,0,0.0,11.0,15.204000,55.409332,85.0,83.0,-46758.44,51208.61,,1,,,,,,,,,,,,,,,*41


$OWN,0,261187000,0,-100000.0,7.1,15.942475,54.951363,230.5,203.0,0.0,0.0,,5,9161247,SNHA   ,NAWIGATOR XXI       ,99,17,43,4,6,2,5,21,12,0,3.4,SZCZECIN            *51


$WIND,,,T,,,R*12


$AIS,0,229630000,0,0.0,11.0,15.204000,55.409332,85.0,83.0,-46756.56,51211.98,,1,,,,,,,,,,,,,,,*42


$OWN,0,261187000,0,-100000.0,7.1,15.942443,54.951328,228.3,201.0,0.0,0.0,,5,9161247,SNHA   ,NAWIGATOR XXI       ,99,17,43,4,6,2,5,21,12,0,3.4,SZCZECIN            *56


$WIND,,,T,,,R*12


$OWN,0,261187000,0,-100000.0,7.1,15.942416,54.951298,226.2,199.0,0.0,0.0,,5,9161247,SNHA   ,NAWIGATOR XXI       ,99,17,43,4,6,2,5,21,12,0,3.4,SZCZECIN            *51


$WIND,,,T,,,R*12


$OWN,0,261187000,0,-100000.0,7.1,15.942390,54.951267,224.2,197.0,0.0,0.0,,5,9161247,SNHA   ,NAWIGATOR XXI       ,99,17,43,4,6,2,5,21,12,0,3.4,SZCZECIN            *54


$WIND,,,T,,,R*12


$OWN,0,261187000,0,-100000.0,7.1,15.942365,54.951237,222.2,195.0,0.0,0.0,,5,9161247,SNHA   ,NAWIGATOR XXI       ,99,17,43,4,6,2,5,21,12,0,3.4,SZCZECIN            *5F


$WIND,,,T,,,R*12


$OWN,0,261187000,0,-100000.0,7.1,15.942365,54.951237,222.2,195.0,0.0,0.0,,5,9161247,SNHA   ,NAWIGATOR XXI       ,99,17,43,4,6,2,5,21,12,0,3.4,SZCZECIN            *5F


$WIND,,,T,,,R*12


$OWN,0,261187000,0,-100000.0,7.1,15.942342,54.951202,220.3,193.0,0.0,0.0,,5,9161247,SNHA   ,NAWIGATOR XXI       ,99,17,43,4,6,2,5,21,12,0,3.4,SZCZECIN            *59


$WIND,,,T,,,R*12


$OWN,0,261187000,0,-100000.0,7.1,15.942322,54.951168,218.1,189.0,0.0,0.0,,5,9161247,SNHA   ,NAWIGATOR XXI       ,99,17,43,4,6,2,5,21,12,0,3.4,SZCZECIN            *52


$WIND,,,T,,,R*12


$OWN,0,261187000,0,-100000.0,7.1,15.942288,54.951103,214.0,187.0,0.0,0.0,,5,9161247,SNHA   ,NAWIGATOR XXI       ,99,17,43,4,6,2,5,21,12,0,3.4,SZCZECIN            *5D


$WIND,,,T,,,R*12


$OWN,0,261187000,0,-100000.0,7.1,15.942271,54.951065,211.9,185.0,0.0,0.0,,5,9161247,SNHA   ,NAWIGATOR XXI       ,99,17,43,4,6,2,5,21,12,0,3.4,SZCZECIN            *54


$WIND,,,T,,,R*12


$AIS,0,229630000,0,0.0,11.0,15.205667,55.409500,85.0,83.0,-46637.96,51262.52,,1,,,,,,,,,,,,,,,*4B


$OWN,0,261187000,0,-100000.0,7.1,15.942260,54.951031,209.9,183.0,0.0,0.0,,5,9161247,SNHA   ,NAWIGATOR XXI       ,99,17,43,4,6,2,5,21,12,0,3.4,SZCZECIN            *5A


$WIND,,,T,,,R*12


$AIS,0,229630000,0,0.0,11.0,15.205667,55.409500,85.0,83.0,-46637.24,51266.33,,1,,,,,,,,,,,,,,,*41


$OWN,0,261187000,0,-100000.0,7.1,15.942248,54.950996,207.9,181.0,0.0,0.0,,5,9161247,SNHA   ,NAWIGATOR XXI       ,99,17,43,4,6,2,5,21,12,0,3.4,SZCZECIN            *59


$WIND,,,T,,,R*12


$AIS,0,229630000,0,0.0,11.0,15.205667,55.409500,85.0,83.0,-46636.51,51270.14,,1,,,,,,,,,,,,,,,*40


$OWN,0,261187000,0,-100000.0,7.1,15.942239,54.950962,206.0,179.0,0.0,0.0,,5,9161247,SNHA   ,NAWIGATOR XXI       ,99,17,43,4,6,2,5,21,12,0,3.4,SZCZECIN            *5B


$WIND,,,T,,,R*12


$AIS,0,229630000,0,0.0,11.0,15.205667,55.409500,85.0,83.0,-46635.91,51273.96,,1,,,,,,,,,,,,,,,*46


$OWN,0,261187000,0,-100000.0,7.1,15.942232,54.950924,204.1,177.0,0.0,0.0,,5,9161247,SNHA   ,NAWIGATOR XXI       ,99,17,43,4,6,2,5,21,12,0,3.4,SZCZECIN            *5F


$WIND,,,T,,,R*12


$AIS,0,229630000,0,0.0,11.0,15.205667,55.409500,85.0,83.0,-46635.48,51278.20,,1,,,,,,,,,,,,,,,*44


$OWN,0,261187000,0,-100000.0,7.1,15.942226,54.950893,202.1,175.0,0.0,0.0,,5,9161247,SNHA   ,NAWIGATOR XXI       ,99,17,43,4,6,2,5,21,12,0,3.4,SZCZECIN            *53


$WIND,,,T,,,R*12


$AIS,0,229630000,0,0.0,11.0,15.205667,55.409500,85.0,83.0,-46635.12,51281.59,,1,,,,,,,,,,,,,,,*43


$OWN,0,261187000,0,-100000.0,7.1,15.942226,54.950893,202.1,175.0,0.0,0.0,,5,9161247,SNHA   ,NAWIGATOR XXI       ,99,17,43,4,6,2,5,21,12,0,3.4,SZCZECIN            *53


$WIND,,,T,,,R*12


$AIS,0,229630000,0,0.0,11.0,15.205667,55.409500,85.0,83.0,-46635.12,51281.59,,1,,,,,,,,,,,,,,,*43


$OWN,0,261187000,0,-100000.0,7.2,15.942224,54.950855,200.1,173.0,0.0,0.0,,5,9161247,SNHA   ,NAWIGATOR XXI       ,99,17,43,4,6,2,5,21,12,0,3.4,SZCZECIN            *5C


$WIND,,,T,,,R*12


$AIS,0,229630000,0,0.0,11.0,15.205667,55.409500,85.0,83.0,-46634.94,51285.83,,1,,,,,,,,,,,,,,,*4F


$OWN,0,261187000,0,-100000.0,7.2,15.942222,54.950821,198.2,171.0,0.0,0.0,,5,9161247,SNHA   ,NAWIGATOR XXI       ,99,17,43,4,6,2,5,21,12,0,3.4,SZCZECIN            *5A


$WIND,,,T,,,R*12


$AIS,0,229630000,0,0.0,11.0,15.205667,55.409500,85.0,83.0,-46634.82,51289.65,,1,,,,,,,,,,,,,,,*4C


$OWN,0,261187000,0,-100000.0,7.2,15.942225,54.950783,196.2,169.0,0.0,0.0,,5,9161247,SNHA   ,NAWIGATOR XXI       ,99,17,43,4,6,2,5,21,12,0,3.4,SZCZECIN            *5D


$WIND,,,T,,,R*12


$AIS,0,229630000,0,0.0,11.0,15.205667,55.409500,85.0,83.0,-46635.24,51297.72,,1,,,,,,,,,,,,,,,*48


$AIS,0,246530000,0,0.0,11.1,15.218117,54.765068,66.2,65.0,-46590.19,-20421.37,,1,,,,,,,,,,,,,,,*68


$OWN,0,261187000,0,-100000.0,7.2,15.942228,54.950748,194.1,167.0,0.0,0.0,,1,,,,,,,,,,,,,,,*4D


$WIND,,,T,,,R*12


$AIS,0,229630000,0,0.0,11.0,15.205667,55.409500,85.0,83.0,-46635.67,51301.97,,1,,,,,,,,,,,,,,,*4A


$AIS,0,246530000,0,0.0,11.1,15.218117,54.765068,66.2,65.0,-46590.62,-20417.12,,1,,,,,,,,,,,,,,,*66


$OWN,0,261187000,0,-100000.0,7.2,15.942235,54.950710,192.2,166.0,0.0,0.0,,1,,,,,,,,,,,,,,,*48


$WIND,,,T,,,R*12


$AIS,0,246530000,0,0.0,11.1,15.218117,54.765068,66.2,65.0,-46591.05,-20413.29,,1,,,,,,,,,,,,,,,*6A


$OWN,0,261187000,0,-100000.0,7.2,15.942250,54.950642,188.4,162.0,0.0,0.0,,1,,,,,,,,,,,,,,,*44


$WIND,,,T,,,R*12


$AIS,0,246530000,0,0.0,11.1,15.218117,54.765068,66.2,65.0,-46591.60,-20409.47,,1,,,,,,,,,,,,,,,*6A


$OWN,0,261187000,0,-100000.0,7.2,15.942262,54.950603,186.6,160.0,0.0,0.0,,1,,,,,,,,,,,,,,,*4E


$WIND,,,T,,,R*12


$AIS,0,246530000,0,0.0,11.1,15.218117,54.765068,66.2,65.0,-46592.34,-20405.21,,1,,,,,,,,,,,,,,,*64


$OWN,0,261187000,0,-100000.0,7.2,15.942275,54.950573,184.6,158.0,0.0,0.0,,1,,,,,,,,,,,,,,,*45


$WIND,,,T,,,R*12


$AIS,0,246530000,0,0.0,11.1,15.218117,54.765068,66.2,65.0,-46593.20,-20401.81,,1,,,,,,,,,,,,,,,*6E


$OWN,0,261187000,0,-100000.0,7.2,15.942291,54.950535,182.6,156.0,0.0,0.0,,1,,,,,,,,,,,,,,,*45


$WIND,,,T,,,R*12


$AIS,0,246530000,0,0.0,11.1,15.218117,54.765068,66.2,65.0,-46594.24,-20397.55,,1,,,,,,,,,,,,,,,*6C


$OWN,0,261187000,0,-100000.0,7.2,15.942310,54.950504,180.6,154.0,0.0,0.0,,1,,,,,,,,,,,,,,,*4F


$WIND,,,T,,,R*12


$AIS,0,246530000,0,0.0,11.1,15.218117,54.765068,66.2,65.0,-46595.47,-20394.15,,1,,,,,,,,,,,,,,,*6F


$OWN,0,261187000,0,-100000.0,7.2,15.942330,54.950470,178.7,152.0,0.0,0.0,,1,,,,,,,,,,,,,,,*4F


$WIND,,,T,,,R*12


$AIS,0,246530000,0,0.0,11.1,15.218117,54.765068,66.2,65.0,-46596.76,-20390.31,,1,,,,,,,,,,,,,,,*6C


$OWN,0,261187000,0,-100000.0,7.2,15.942351,54.950436,176.7,150.0,0.0,0.0,,1,,,,,,,,,,,,,,,*46


$WIND,,,T,,,R*12


$AIS,0,246530000,0,0.0,11.1,15.218117,54.765068,66.2,65.0,-46598.11,-20386.48,,1,,,,,,,,,,,,,,,*6A


$OWN,0,261187000,0,-100000.0,7.2,15.942375,54.950405,174.8,148.0,0.0,0.0,,1,,,,,,,,,,,,,,,*44


$WIND,,,T,,,R*12


$OWN,0,261187000,0,-100000.0,7.2,15.942375,54.950405,174.8,148.0,0.0,0.0,,1,,,,,,,,,,,,,,,*44


$WIND,,,T,,,R*12


$OWN,0,261187000,0,-100000.0,7.2,15.942400,54.950371,173.0,146.0,0.0,0.0,,1,,,,,,,,,,,,,,,*44


$WIND,,,T,,,R*12


$OWN,0,261187000,0,-100000.0,7.2,15.942455,54.950306,169.1,142.0,0.0,0.0,,1,,,,,,,,,,,,,,,*4A


$WIND,,,T,,,R*12


$OWN,0,261187000,0,-100000.0,7.2,15.942489,54.950275,167.1,140.0,0.0,0.0,,1,,,,,,,,,,,,,,,*42


$WIND,,,T,,,R*12


$OWN,0,261187000,0,-100000.0,7.2,15.942522,54.950245,165.3,138.0,0.0,0.0,,1,,,,,,,,,,,,,,,*4E


$WIND,,,T,,,R*12


$OWN,0,261187000,0,-100000.0,7.2,15.942555,54.950218,163.3,136.0,0.0,0.0,,1,,,,,,,,,,,,,,,*4E


$WIND,,,T,,,R*12


$OWN,0,261187000,0,-100000.0,7.2,15.942555,54.950218,163.3,136.0,0.0,0.0,,1,,,,,,,,,,,,,,,*4E


$WIND,,,T,,,R*12


$OWN,0,261187000,0,-100000.0,7.2,15.942592,54.950188,161.3,134.0,0.0,0.0,,1,,,,,,,,,,,,,,,*4F


$WIND,,,T,,,R*12


$AIS,0,273399760,3,0.0,0.0,15.349142,54.830040,246.2,231.0,-38122.17,-13208.28,,1,,,,,,,,,,,,,,,*52


$OWN,0,261187000,0,-100000.0,7.2,15.942630,54.950161,159.4,132.0,0.0,0.0,,1,,,,,,,,,,,,,,,*49


$WIND,,,T,,,R*12


$AIS,0,273399760,3,0.0,0.0,15.349142,54.830040,246.2,231.0,-38124.62,-13205.29,,1,,,,,,,,,,,,,,,*5A


$AIS,0,246530000,0,-1.1,11.1,15.219650,54.765465,66.1,65.0,-46516.90,-20312.60,,1,,,,,,,,,,,,,,,*40


$OWN,0,261187000,0,-100000.0,7.2,15.942668,54.950134,157.6,128.0,0.0,0.0,,1,,,,,,,,,,,,,,,*43


$WIND,,,T,,,R*12


$AIS,0,273399760,3,0.0,0.0,15.349142,54.830040,246.2,231.0,-38127.07,-13202.30,,1,,,,,,,,,,,,,,,*55


$AIS,0,246530000,0,-1.1,11.1,15.219650,54.765465,66.1,65.0,-46519.36,-20309.61,,1,,,,,,,,,,,,,,,*48


$OWN,0,261187000,0,-100000.0,7.2,15.942708,54.950104,155.7,127.0,0.0,0.0,,1,,,,,,,,,,,,,,,*4B


$WIND,,,T,,,R*12


$AIS,0,273399760,3,0.0,0.0,15.349142,54.830040,246.2,231.0,-38129.64,-13198.88,,1,,,,,,,,,,,,,,,*5D


$AIS,0,246530000,0,-1.1,11.1,15.219650,54.765465,66.1,65.0,-46521.93,-20306.18,,1,,,,,,,,,,,,,,,*4D


$OWN,0,261187000,0,-100000.0,7.2,15.942752,54.950081,153.8,125.0,0.0,0.0,,1,,,,,,,,,,,,,,,*43


$WIND,,,T,,,R*12


$AIS,0,273399760,3,0.0,0.0,15.349142,54.830040,246.2,231.0,-38132.46,-13196.31,,1,,,,,,,,,,,,,,,*5B


$AIS,0,246530000,0,-1.1,11.1,15.219650,54.765465,66.1,65.0,-46524.76,-20303.61,,1,,,,,,,,,,,,,,,*48


$OWN,0,261187000,0,-100000.0,7.2,15.942842,54.950031,149.8,123.0,0.0,0.0,,1,,,,,,,,,,,,,,,*4B


$WIND,,,T,,,R*12


$AIS,0,273399760,3,0.0,0.0,15.349142,54.830040,246.2,231.0,-38138.22,-13190.74,,1,,,,,,,,,,,,,,,*54


$AIS,0,246530000,0,-1.1,11.1,15.219650,54.765465,66.1,65.0,-46530.52,-20298.03,,1,,,,,,,,,,,,,,,*4C


$OWN,0,261187000,0,-100000.0,7.2,15.942888,54.950008,147.9,121.0,0.0,0.0,,1,,,,,,,,,,,,,,,*4A


$WIND,,,T,,,R*12


$AIS,0,273399760,3,0.0,0.0,15.349142,54.830040,246.2,231.0,-38141.22,-13188.17,,1,,,,,,,,,,,,,,,*56


$AIS,0,246530000,0,-1.1,11.1,15.219650,54.765465,66.1,65.0,-46533.53,-20295.45,,1,,,,,,,,,,,,,,,*41


$OWN,0,261187000,0,-100000.0,7.2,15.942935,54.949986,145.9,119.0,0.0,0.0,,1,,,,,,,,,,,,,,,*43


$WIND,,,T,,,R*12


$AIS,0,273399760,3,0.0,0.0,15.349142,54.830040,246.2,231.0,-38144.22,-13185.60,,1,,,,,,,,,,,,,,,*5E


$AIS,0,246530000,0,-1.1,11.1,15.219650,54.765465,66.1,65.0,-46536.54,-20292.87,,1,,,,,,,,,,,,,,,*4A


$OWN,0,261187000,0,-100000.0,7.2,15.942985,54.949966,143.9,117.0,0.0,0.0,,1,,,,,,,,,,,,,,,*4E


$WIND,,,T,,,R*12


$AIS,0,273399760,3,0.0,0.0,15.349142,54.830040,246.2,231.0,-38147.41,-13183.45,,1,,,,,,,,,,,,,,,*59


$AIS,0,246530000,0,-1.1,11.1,15.219650,54.765465,66.1,65.0,-46539.73,-20290.72,,1,,,,,,,,,,,,,,,*48


$OWN,0,261187000,0,-100000.0,7.2,15.942985,54.949966,143.9,117.0,0.0,0.0,,1,,,,,,,,,,,,,,,*4E


$WIND,,,T,,,R*12


$AIS,0,273399760,3,0.0,0.0,15.349142,54.830040,246.2,231.0,-38147.41,-13183.45,,1,,,,,,,,,,,,,,,*59


$AIS,0,246530000,0,-1.1,11.1,15.219650,54.765465,66.1,65.0,-46539.73,-20290.72,,1,,,,,,,,,,,,,,,*48


$OWN,0,261187000,0,-100000.0,7.2,15.943037,54.949947,141.9,115.0,0.0,0.0,,1,,,,,,,,,,,,,,,*4C


$WIND,,,T,,,R*12


$AIS,0,273399760,3,0.0,0.0,15.349142,54.830040,246.2,231.0,-38150.78,-13181.30,,1,,,,,,,,,,,,,,,*55


$AIS,0,246530000,0,-1.1,11.1,15.219650,54.765465,66.1,65.0,-46543.10,-20288.56,,1,,,,,,,,,,,,,,,*4F


$OWN,0,261187000,0,-100000.0,7.2,15.943087,54.949928,139.9,113.0,0.0,0.0,,1,,,,,,,,,,,,,,,*47


$WIND,,,T,,,R*12


$AIS,0,246530000,0,-1.1,11.1,15.219650,54.765465,66.1,65.0,-46549.73,-20284.25,,1,,,,,,,,,,,,,,,*48


$OWN,0,261187000,0,-100000.0,7.2,15.943192,54.949894,136.2,109.0,0.0,0.0,,1,,,,,,,,,,,,,,,*4B


$WIND,,,T,,,R*12


$OWN,0,261187000,0,-100000.0,7.2,15.943247,54.949879,134.2,107.0,0.0,0.0,,1,,,,,,,,,,,,,,,*4F


$WIND,,,T,,,R*12


$OWN,0,261187000,0,-100000.0,7.2,15.943301,54.949863,132.3,105.0,0.0,0.0,,1,,,,,,,,,,,,,,,*42


$WIND,,,T,,,R*12


$OWN,0,261187000,0,-100000.0,7.1,15.943357,54.949848,130.3,103.0,0.0,0.0,,1,,,,,,,,,,,,,,,*4F


$WIND,,,T,,,R*12


$OWN,0,261187000,0,-100000.0,7.1,15.943357,54.949848,130.3,103.0,0.0,0.0,,1,,,,,,,,,,,,,,,*4F


$WIND,,,T,,,R*12


$OWN,0,261187000,0,-100000.0,7.1,15.943414,54.949837,128.2,101.0,0.0,0.0,,1,,,,,,,,,,,,,,,*4D


$WIND,,,T,,,R*12


$OWN,0,261187000,0,-100000.0,7.1,15.943472,54.949829,126.1,99.0,0.0,0.0,,1,,,,,,,,,,,,,,,*7F


$WIND,,,T,,,R*12


$OWN,0,261187000,0,-100000.0,7.1,15.943528,54.949818,124.0,97.0,0.0,0.0,,1,,,,,,,,,,,,,,,*7E


$WIND,,,T,,,R*12


$OWN,0,261187000,0,-100000.0,7.1,15.943586,54.949810,122.0,95.0,0.0,0.0,,1,,,,,,,,,,,,,,,*76


$WIND,,,T,,,R*12


$OWN,0,261187000,0,-100000.0,7.1,15.943646,54.949802,120.0,92.0,0.0,0.0,,1,,,,,,,,,,,,,,,*7F


$WIND,,,T,,,R*12


$AIS,0,273399760,3,-0.4,0.1,15.349136,54.830021,246.2,231.0,-38190.31,-13166.96,,1,,,,,,,,,,,,,,,*7D


$OWN,0,261187000,0,-100000.0,7.1,15.943705,54.949799,118.0,88.0,0.0,0.0,,1,,,,,,,,,,,,,,,*74


$WIND,,,T,,,R*12


$AIS,0,273399760,3,-0.4,0.1,15.349136,54.830021,246.2,231.0,-38194.05,-13166.50,,1,,,,,,,,,,,,,,,*74


$OWN,0,261187000,0,-100000.0,7.1,15.943764,54.949795,116.1,86.0,0.0,0.0,,1,,,,,,,,,,,,,,,*7E


$WIND,,,T,,,R*12


$AIS,0,273399760,3,-0.4,0.1,15.349136,54.830021,246.2,231.0,-38197.84,-13166.04,,1,,,,,,,,,,,,,,,*7F


$OWN,0,261187000,0,-100000.0,7.0,15.943823,54.949791,114.1,84.0,0.0,0.0,,1,,,,,,,,,,,,,,,*77


$WIND,,,T,,,R*12


$AIS,0,273399760,3,-0.4,0.1,15.349136,54.830021,246.2,231.0,-38201.64,-13165.59,,1,,,,,,,,,,,,,,,*76


$OWN,0,261187000,0,-100000.0,7.0,15.943883,54.949787,112.1,82.0,0.0,0.0,,1,,,,,,,,,,,,,,,*7A


$WIND,,,T,,,R*12


$AIS,0,273399760,3,-0.4,0.1,15.349136,54.830021,246.2,231.0,-38205.50,-13165.13,,1,,,,,,,,,,,,,,,*7B


$OWN,0,261187000,0,-100000.0,7.0,15.943942,54.949783,110.1,80.0,0.0,0.0,,1,,,,,,,,,,,,,,,*72


$WIND,,,T,,,R*12


$AIS,0,273399760,3,-0.4,0.1,15.349136,54.830021,246.2,231.0,-38209.30,-13164.67,,1,,,,,,,,,,,,,,,*73


$OWN,0,261187000,0,-100000.0,7.0,15.944001,54.949783,108.1,78.0,0.0,0.0,,1,,,,,,,,,,,,,,,*75


$WIND,,,T,,,R*12


$AIS,0,273399760,3,-0.4,0.1,15.349136,54.830021,246.2,231.0,-38213.10,-13164.64,,1,,,,,,,,,,,,,,,*79


$OWN,0,261187000,0,-100000.0,7.0,15.944060,54.949787,105.8,77.0,0.0,0.0,,1,,,,,,,,,,,,,,,*7D


$WIND,,,T,,,R*12


$AIS,0,273399760,3,-0.4,0.1,15.349136,54.830021,246.2,231.0,-38216.90,-13165.03,,1,,,,,,,,,,,,,,,*74


$OWN,0,261187000,0,-100000.0,7.0,15.944120,54.949791,103.7,77.0,0.0,0.0,,1,,,,,,,,,,,,,,,*76


$WIND,,,T,,,R*12


$AIS,0,273399760,3,-0.4,0.1,15.349136,54.830021,246.2,231.0,-38220.76,-13165.42,,1,,,,,,,,,,,,,,,*7C


$OWN,0,261187000,0,-100000.0,7.0,15.944179,54.949795,101.6,74.0,0.0,0.0,,1,,,,,,,,,,,,,,,*7E


$WIND,,,T,,,R*12


$AIS,0,273399760,3,-0.4,0.1,15.349136,54.830021,246.2,231.0,-38224.49,-13165.82,,1,,,,,,,,,,,,,,,*78


$OWN,0,261187000,0,-100000.0,7.0,15.944235,54.949799,99.6,72.0,0.0,0.0,,1,,,,,,,,,,,,,,,*4F


$WIND,,,T,,,R*12


$OWN,0,261187000,0,-100000.0,7.0,15.944293,54.949806,97.7,70.0,0.0,0.0,,1,,,,,,,,,,,,,,,*47


$WIND,,,T,,,R*12


$OWN,0,261187000,0,-100000.0,7.0,15.944351,54.949814,95.8,69.0,0.0,0.0,,1,,,,,,,,,,,,,,,*4E


$WIND,,,T,,,R*12


$OWN,0,261187000,0,-100000.0,6.9,15.944408,54.949821,93.8,67.0,0.0,0.0,,1,,,,,,,,,,,,,,,*43


$WIND,,,T,,,R*12


$OWN,0,261187000,0,-100000.0,6.9,15.944465,54.949833,91.7,63.0,0.0,0.0,,1,,,,,,,,,,,,,,,*42


$WIND,,,T,,,R*12


$OWN,0,261187000,0,-100000.0,6.9,15.944520,54.949844,89.7,61.0,0.0,0.0,,1,,,,,,,,,,,,,,,*49


$WIND,,,T,,,R*12


$OWN,0,261187000,0,-100000.0,6.9,15.944575,54.949856,87.5,59.0,0.0,0.0,,1,,,,,,,,,,,,,,,*4D


$WIND,,,T,,,R*12


$OWN,0,261187000,0,-100000.0,6.9,15.944629,54.949867,85.5,57.0,0.0,0.0,,1,,,,,,,,,,,,,,,*49


$WIND,,,T,,,R*12


$OWN,0,261187000,0,-100000.0,6.9,15.944682,54.949883,83.4,55.0,0.0,0.0,,1,,,,,,,,,,,,,,,*47


$WIND,,,T,,,R*12


$OWN,0,261187000,0,-100000.0,6.9,15.944732,54.949902,81.2,53.0,0.0,0.0,,1,,,,,,,,,,,,,,,*47


$WIND,,,T,,,R*12


$OWN,0,261187000,0,-100000.0,6.9,15.944783,54.949917,79.2,51.0,0.0,0.0,,1,,,,,,,,,,,,,,,*4C


$WIND,,,T,,,R*12


$OWN,0,261187000,0,-100000.0,6.9,15.944835,54.949932,77.2,49.0,0.0,0.0,,1,,,,,,,,,,,,,,,*4E


$WIND,,,T,,,R*12


$OWN,0,261187000,0,-100000.0,6.9,15.944835,54.949932,77.2,49.0,0.0,0.0,,1,,,,,,,,,,,,,,,*4E


$WIND,,,T,,,R*12


$OWN,0,261187000,0,-100000.0,6.9,15.944883,54.949951,75.2,47.0,0.0,0.0,,1,,,,,,,,,,,,,,,*4A


$WIND,,,T,,,R*12


$OWN,0,261187000,0,-100000.0,6.9,15.944979,54.949989,71.3,45.0,0.0,0.0,,1,,,,,,,,,,,,,,,*4C


$WIND,,,T,,,R*12


$OWN,0,261187000,0,-100000.0,6.9,15.945068,54.950035,67.1,43.0,0.0,0.0,,1,,,,,,,,,,,,,,,*41


$WIND,,,T,,,R*12


$OWN,0,261187000,0,-100000.0,6.9,15.945111,54.950058,65.1,41.0,0.0,0.0,,1,,,,,,,,,,,,,,,*45


$WIND,,,T,,,R*12


$OWN,0,261187000,0,-100000.0,6.9,15.945151,54.950081,63.0,39.0,0.0,0.0,,1,,,,,,,,,,,,,,,*4D


$WIND,,,T,,,R*12


$OWN,0,261187000,0,-100000.0,6.9,15.945190,54.950104,61.0,35.0,0.0,0.0,,1,,,,,,,,,,,,,,,*42


$WIND,,,T,,,R*12


$OWN,0,261187000,0,-100000.0,6.9,15.945190,54.950104,61.0,35.0,0.0,0.0,,1,,,,,,,,,,,,,,,*42


$WIND,,,T,,,R*12


$OWN,0,261187000,0,-100000.0,6.9,15.945229,54.950134,58.8,33.0,0.0,0.0,,1,,,,,,,,,,,,,,,*44


$WIND,,,T,,,R*12


$OWN,0,261187000,0,-100000.0,6.9,15.945265,54.950157,56.8,31.0,0.0,0.0,,1,,,,,,,,,,,,,,,*45


$WIND,,,T,,,R*12


$OWN,0,261187000,0,-100000.0,6.9,15.945300,54.950184,54.9,29.0,0.0,0.0,,1,,,,,,,,,,,,,,,*43


$WIND,,,T,,,R*12


$OWN,0,261187000,0,-100000.0,6.9,15.945333,54.950214,52.8,27.0,0.0,0.0,,1,,,,,,,,,,,,,,,*40


$WIND,,,T,,,R*12


$OWN,0,261187000,0,-100000.0,6.9,15.945367,54.950241,50.9,25.0,0.0,0.0,,1,,,,,,,,,,,,,,,*40


$WIND,,,T,,,R*12


$OWN,0,261187000,0,-100000.0,6.9,15.945396,54.950272,48.9,23.0,0.0,0.0,,1,,,,,,,,,,,,,,,*41


$WIND,,,T,,,R*12


$OWN,0,261187000,0,-100000.0,6.9,15.945425,54.950298,46.9,21.0,0.0,0.0,,1,,,,,,,,,,,,,,,*46


$WIND,,,T,,,R*12


$OWN,0,261187000,0,-100000.0,6.9,15.945450,54.950329,44.8,19.0,0.0,0.0,,1,,,,,,,,,,,,,,,*47


$WIND,,,T,,,R*12


$OWN,0,261187000,0,-100000.0,6.9,15.945497,54.950390,40.8,15.0,0.0,0.0,,1,,,,,,,,,,,,,,,*46


$WIND,,,T,,,R*12


$OWN,0,261187000,0,-100000.0,6.9,15.945518,54.950420,39.0,13.0,0.0,0.0,,1,,,,,,,,,,,,,,,*4C


$WIND,,,T,,,R*12


$OWN,0,261187000,0,-100000.0,6.9,15.945537,54.950455,37.0,12.0,0.0,0.0,,1,,,,,,,,,,,,,,,*4C


$WIND,,,T,,,R*12


$OWN,0,261187000,0,-100000.0,6.9,15.945555,54.950485,34.9,12.0,0.0,0.0,,1,,,,,,,,,,,,,,,*4F


$WIND,,,T,,,R*12


$OWN,0,261187000,0,-100000.0,6.9,15.945568,54.950520,32.9,10.0,0.0,0.0,,1,,,,,,,,,,,,,,,*4B


$WIND,,,T,,,R*12


$OWN,0,261187000,0,-100000.0,6.9,15.945581,54.950550,30.9,8.0,0.0,0.0,,1,,,,,,,,,,,,,,,*70


$WIND,,,T,,,R*12


$OWN,0,261187000,0,-100000.0,6.9,15.945593,54.950584,29.0,6.0,0.0,0.0,,1,,,,,,,,,,,,,,,*75


$WIND,,,T,,,R*12


$OWN,0,261187000,0,-100000.0,6.9,15.945593,54.950584,29.0,4.0,0.0,0.0,,1,,,,,,,,,,,,,,,*77


$WIND,,,T,,,R*12


$OWN,0,261187000,0,-100000.0,6.9,15.945601,54.950619,27.0,2.0,0.0,0.0,,1,,,,,,,,,,,,,,,*70


$WIND,,,T,,,R*12


$OWN,0,261187000,0,-100000.0,6.9,15.945610,54.950653,25.0,1.0,0.0,0.0,,1,,,,,,,,,,,,,,,*7F


$WIND,,,T,,,R*12


$OWN,0,261187000,0,-100000.0,6.9,15.945617,54.950684,23.2,359.0,0.0,0.0,,1,,,,,,,,,,,,,,,*78


$WIND,,,T,,,R*12


$OWN,0,261187000,0,-100000.0,6.9,15.945621,54.950718,21.4,358.0,0.0,0.0,,1,,,,,,,,,,,,,,,*7C


$WIND,,,T,,,R*12


$OWN,0,261187000,0,-100000.0,6.9,15.945626,54.950752,19.6,356.0,0.0,0.0,,1,,,,,,,,,,,,,,,*72


$WIND,,,T,,,R*12


$OWN,0,261187000,0,-100000.0,7.0,15.945628,54.950821,16.0,355.0,0.0,0.0,,1,,,,,,,,,,,,,,,*75


$WIND,,,T,,,R*12


$OWN,0,261187000,0,-100000.0,7.0,15.945625,54.950855,14.1,354.0,0.0,0.0,,1,,,,,,,,,,,,,,,*79


$WIND,,,T,,,R*12


$OWN,0,261187000,0,-100000.0,7.0,15.945621,54.950890,12.3,353.0,0.0,0.0,,1,,,,,,,,,,,,,,,*77


$WIND,,,T,,,R*12


$OWN,0,261187000,0,-100000.0,7.0,15.945615,54.950924,10.5,353.0,0.0,0.0,,1,,,,,,,,,,,,,,,*7A


$WIND,,,T,,,R*12


$OWN,0,261187000,0,-100000.0,7.1,15.945608,54.950958,8.9,352.0,0.0,0.0,,1,,,,,,,,,,,,,,,*48


$WIND,,,T,,,R*12


$OWN,0,261187000,0,-100000.0,7.1,15.945601,54.950996,7.4,352.0,0.0,0.0,,1,,,,,,,,,,,,,,,*41


$WIND,,,T,,,R*12


$OWN,0,261187000,0,-100000.0,7.1,15.945595,54.951031,6.0,351.0,0.0,0.0,,1,,,,,,,,,,,,,,,*4C


$WIND,,,T,,,R*12


$OWN,0,261187000,0,-100000.0,7.1,15.945595,54.951031,6.0,351.0,0.0,0.0,,1,,,,,,,,,,,,,,,*4C


$WIND,,,T,,,R*12


$OWN,0,261187000,0,-100000.0,7.2,15.945586,54.951065,4.5,350.0,0.0,0.0,,1,,,,,,,,,,,,,,,*4A


$WIND,,,T,,,R*12


$OWN,0,261187000,0,-100000.0,7.2,15.945577,54.951103,3.2,350.0,0.0,0.0,,1,,,,,,,,,,,,,,,*45


$WIND,,,T,,,R*12


$OWN,0,261187000,0,0.0,7.3,15.945557,54.951176,0.9,350.0,0.0,0.0,,1,,,,,,,,,,,,,,,*50


$WIND,,,T,,,R*12


$OWN,0,261187000,0,0.0,7.4,15.945547,54.951210,359.8,350.0,0.0,0.0,,1,,,,,,,,,,,,,,,*5B


$WIND,,,T,,,R*12


$OWN,0,261187000,0,0.0,7.5,15.945534,54.951248,358.7,350.0,0.0,0.0,,1,,,,,,,,,,,,,,,*5D


$WIND,,,T,,,R*12


$OWN,0,261187000,0,0.0,7.5,15.945521,54.951286,357.7,350.0,0.0,0.0,,1,,,,,,,,,,,,,,,*54


$WIND,,,T,,,R*12


$OWN,0,261187000,0,100000.0,7.6,15.945508,54.951321,356.9,350.0,0.0,0.0,,1,,,,,,,,,,,,,,,*6E


$WIND,,,T,,,R*12


$OWN,0,261187000,0,0.0,7.6,15.945497,54.951359,356.1,350.0,0.0,0.0,,1,,,,,,,,,,,,,,,*5F


$WIND,,,T,,,R*12


$OWN,0,261187000,0,0.0,7.7,15.945483,54.951397,355.3,350.0,0.0,0.0,,1,,,,,,,,,,,,,,,*58


$WIND,,,T,,,R*12


$OWN,0,261187000,0,0.0,7.7,15.945483,54.951397,355.3,350.0,0.0,0.0,,1,,,,,,,,,,,,,,,*58


$WIND,,,T,,,R*12


$OWN,0,261187000,0,100000.0,7.8,15.945468,54.951435,354.7,350.0,0.0,0.0,,1,,,,,,,,,,,,,,,*69


$WIND,,,T,,,R*12


$OWN,0,261187000,0,100000.0,7.9,15.945457,54.951473,354.1,351.0,0.0,0.0,,1,,,,,,,,,,,,,,,*61


$WIND,,,T,,,R*12


$OWN,0,261187000,0,100000.0,7.9,15.945441,54.951515,353.5,351.0,0.0,0.0,,1,,,,,,,,,,,,,,,*64


$WIND,,,T,,,R*12


$OWN,0,261187000,0,100000.0,8.0,15.945428,54.951553,352.9,352.0,0.0,0.0,,1,,,,,,,,,,,,,,,*61


$WIND,,,T,,,R*12


$OWN,0,261187000,0,100000.0,8.1,15.945414,54.951591,352.5,352.0,0.0,0.0,,1,,,,,,,,,,,,,,,*6D


$WIND,,,T,,,R*12


$OWN,0,261187000,0,100000.0,8.1,15.945400,54.951633,352.3,353.0,0.0,0.0,,1,,,,,,,,,,,,,,,*64


$WIND,,,T,,,R*12


$OWN,0,261187000,0,100000.0,8.2,15.945389,54.951672,352.0,353.0,0.0,0.0,,1,,,,,,,,,,,,,,,*67


$WIND,,,T,,,R*12


$OWN,0,261187000,0,100000.0,8.3,15.945374,54.951714,351.7,354.0,0.0,0.0,,1,,,,,,,,,,,,,,,*66


$WIND,,,T,,,R*12


$OWN,0,261187000,0,100000.0,8.4,15.945350,54.951797,351.5,354.0,0.0,0.0,,1,,,,,,,,,,,,,,,*6E


$WIND,,,T,,,R*12


$OWN,0,261187000,0,100000.0,8.5,15.945338,54.951836,351.4,355.0,0.0,0.0,,1,,,,,,,,,,,,,,,*65


$WIND,,,T,,,R*12


$OWN,0,261187000,0,100000.0,8.5,15.945325,54.951881,351.4,356.0,0.0,0.0,,1,,,,,,,,,,,,,,,*66


$WIND,,,T,,,R*12


$OWN,0,261187000,0,100000.0,8.6,15.945316,54.951923,351.5,356.0,0.0,0.0,,1,,,,,,,,,,,,,,,*6D


$WIND,,,T,,,R*12


$OWN,0,261187000,0,100000.0,8.7,15.945305,54.951965,351.5,357.0,0.0,0.0,,1,,,,,,,,,,,,,,,*6D


$WIND,,,T,,,R*12


$OWN,0,261187000,0,100000.0,8.7,15.945305,54.951965,351.5,357.0,0.0,0.0,,1,,,,,,,,,,,,,,,*6D


$WIND,,,T,,,R*12


$OWN,0,261187000,0,100000.0,8.7,15.945295,54.952007,351.5,357.0,0.0,0.0,,1,,,,,,,,,,,,,,,*6B


$WIND,,,T,,,R*12


$OWN,0,261187000,0,100000.0,8.8,15.945283,54.952049,351.5,358.0,0.0,0.0,,1,,,,,,,,,,,,,,,*66


$WIND,,,T,,,R*12


$OWN,0,261187000,0,100000.0,8.9,15.945273,54.952095,351.7,358.0,0.0,0.0,,1,,,,,,,,,,,,,,,*6B


$WIND,,,T,,,R*12


$OWN,0,261187000,0,100000.0,8.9,15.945267,54.952137,351.9,359.0,0.0,0.0,,1,,,,,,,,,,,,,,,*68


$WIND,,,T,,,R*12


$OWN,0,261187000,0,100000.0,9.0,15.945258,54.952179,352.2,359.0,0.0,0.0,,1,,,,,,,,,,,,,,,*6E


$WIND,,,T,,,R*12


$OWN,0,261187000,0,100000.0,9.0,15.945251,54.952225,352.5,359.0,0.0,0.0,,1,,,,,,,,,,,,,,,*6A


$WIND,,,T,,,R*12


$OWN,0,261187000,0,100000.0,9.1,15.945245,54.952267,352.8,0.0,0.0,0.0,,1,,,,,,,,,,,,,,,*6A


$WIND,,,T,,,R*12


$OWN,0,261187000,0,100000.0,9.1,15.945238,54.952312,353.0,0.0,0.0,0.0,,1,,,,,,,,,,,,,,,*6A


$WIND,,,T,,,R*12


$OWN,0,261187000,0,100000.0,9.2,15.945233,54.952358,353.3,0.0,0.0,0.0,,1,,,,,,,,,,,,,,,*6F


$WIND,,,T,,,R*12


$OWN,0,261187000,0,100000.0,9.2,15.945229,54.952400,353.6,0.0,0.0,0.0,,1,,,,,,,,,,,,,,,*6B


$WIND,,,T,,,R*12


$OWN,0,261187000,0,100000.0,9.3,15.945224,54.952446,353.8,0.0,0.0,0.0,,1,,,,,,,,,,,,,,,*6B


$WIND,,,T,,,R*12


$OWN,0,261187000,0,100000.0,9.3,15.945217,54.952492,354.0,1.0,0.0,0.0,,1,,,,,,,,,,,,,,,*6C


$WIND,,,T,,,R*12


$OWN,0,261187000,0,0.0,9.4,15.945210,54.952538,354.1,1.0,0.0,0.0,,1,,,,,,,,,,,,,,,*5D


$WIND,,,T,,,R*12


$OWN,0,261187000,0,0.0,9.4,15.945205,54.952583,354.3,1.0,0.0,0.0,,1,,,,,,,,,,,,,,,*5B


$WIND,,,T,,,R*12


$OWN,0,261187000,0,0.0,9.5,15.945198,54.952625,354.4,1.0,0.0,0.0,,1,,,,,,,,,,,,,,,*55


$WIND,,,T,,,R*12


$OWN,0,261187000,0,0.0,9.5,15.945193,54.952675,354.7,1.0,0.0,0.0,,1,,,,,,,,,,,,,,,*58


$WIND,,,T,,,R*12


$OWN,0,261187000,0,0.0,9.5,15.945190,54.952721,355.0,1.0,0.0,0.0,,1,,,,,,,,,,,,,,,*5D


$WIND,,,T,,,R*12


$OWN,0,261187000,0,0.0,9.6,15.945187,54.952766,355.2,1.0,0.0,0.0,,1,,,,,,,,,,,,,,,*59


$WIND,,,T,,,R*12


$OWN,0,261187000,0,0.0,9.6,15.945185,54.952812,355.6,1.0,0.0,0.0,,1,,,,,,,,,,,,,,,*53


$WIND,,,T,,,R*12


$OWN,0,261187000,0,0.0,9.7,15.945184,54.952858,355.9,1.0,0.0,0.0,,1,,,,,,,,,,,,,,,*52


$WIND,,,T,,,R*12


$OWN,0,261187000,0,0.0,9.7,15.945182,54.952904,356.1,2.0,0.0,0.0,,1,,,,,,,,,,,,,,,*54


$WIND,,,T,,,R*12


$OWN,0,261187000,0,0.0,9.8,15.945178,54.952950,356.3,2.0,0.0,0.0,,1,,,,,,,,,,,,,,,*5D


$WIND,,,T,,,R*12


$OWN,0,261187000,0,0.0,9.8,15.945175,54.952999,356.4,1.0,0.0,0.0,,1,,,,,,,,,,,,,,,*51


$WIND,,,T,,,R*12


$OWN,0,261187000,0,0.0,9.8,15.945171,54.953045,356.4,1.0,0.0,0.0,,1,,,,,,,,,,,,,,,*5C


$WIND,,,T,,,R*12


$OWN,0,261187000,0,0.0,9.9,15.945167,54.953094,356.5,1.0,0.0,0.0,,1,,,,,,,,,,,,,,,*57


$WIND,,,T,,,R*12


$OWN,0,261187000,0,0.0,9.9,15.945167,54.953094,356.5,1.0,0.0,0.0,,1,,,,,,,,,,,,,,,*57


$WIND,,,T,,,R*12


$OWN,0,261187000,0,0.0,9.9,15.945162,54.953140,356.5,1.0,0.0,0.0,,1,,,,,,,,,,,,,,,*5A


$WIND,,,T,,,R*12


$OWN,0,261187000,0,0.0,10.0,15.945158,54.953186,356.6,1.0,0.0,0.0,,1,,,,,,,,,,,,,,,*6B


$WIND,,,T,,,R*12


$OWN,0,261187000,0,0.0,10.0,15.945155,54.953285,357.0,1.0,0.0,0.0,,1,,,,,,,,,,,,,,,*61


$WIND,,,T,,,R*12


$OWN,0,261187000,0,0.0,10.1,15.945153,54.953331,357.2,1.0,0.0,0.0,,1,,,,,,,,,,,,,,,*6A


$WIND,,,T,,,R*12


$OWN,0,261187000,0,0.0,10.1,15.945151,54.953377,357.3,1.0,0.0,0.0,,1,,,,,,,,,,,,,,,*6B


$WIND,,,T,,,R*12


$OWN,0,261187000,0,-100000.0,10.1,15.945148,54.953430,357.4,1.0,0.0,0.0,,1,,,,,,,,,,,,,,,*7C


$WIND,,,T,,,R*12


$OWN,0,261187000,0,-100000.0,10.2,15.945145,54.953476,357.3,0.0,0.0,0.0,,1,,,,,,,,,,,,,,,*76


$WIND,,,T,,,R*12


$OWN,0,261187000,0,-100000.0,10.2,15.945138,54.953526,357.2,0.0,0.0,0.0,,1,,,,,,,,,,,,,,,*79


$WIND,,,T,,,R*12


$OWN,0,261187000,0,-100000.0,10.3,15.945135,54.953575,357.2,0.0,0.0,0.0,,1,,,,,,,,,,,,,,,*73


$WIND,,,T,,,R*12


$OWN,0,261187000,0,0.0,10.3,15.945130,54.953621,357.2,0.0,0.0,0.0,,1,,,,,,,,,,,,,,,*68


$WIND,,,T,,,R*12


$OWN,0,261187000,0,-100000.0,10.3,15.945125,54.953671,357.1,0.0,0.0,0.0,,1,,,,,,,,,,,,,,,*76


$WIND,,,T,,,R*12


$OWN,0,261187000,0,-100000.0,10.3,15.945120,54.953720,357.1,359.0,0.0,0.0,,1,,,,,,,,,,,,,,,*79


$WIND,,,T,,,R*12


$OWN,0,261187000,0,-100000.0,10.4,15.945117,54.953770,357.2,359.0,0.0,0.0,,1,,,,,,,,,,,,,,,*7C


$WIND,,,T,,,R*12


$OWN,0,261187000,0,-100000.0,10.4,15.945115,54.953819,357.2,359.0,0.0,0.0,,1,,,,,,,,,,,,,,,*7E


$WIND,,,T,,,R*12


$OWN,0,261187000,0,0.0,10.4,15.945108,54.953865,357.1,359.0,0.0,0.0,,1,,,,,,,,,,,,,,,*66


$WIND,,,T,,,R*12


$OWN,0,261187000,0,-100000.0,10.5,15.945104,54.953918,357.0,358.0,0.0,0.0,,1,,,,,,,,,,,,,,,*7C


$WIND,,,T,,,R*12


$OWN,0,261187000,0,0.0,10.5,15.945091,54.954018,356.8,358.0,0.0,0.0,,1,,,,,,,,,,,,,,,*6A


$WIND,,,T,,,R*12


$OWN,0,261187000,0,0.0,10.6,15.945085,54.954067,356.7,358.0,0.0,0.0,,1,,,,,,,,,,,,,,,*6B


$WIND,,,T,,,R*12


$OWN,0,261187000,0,0.0,10.6,15.945078,54.954117,356.6,358.0,0.0,0.0,,1,,,,,,,,,,,,,,,*6E


$WIND,,,T,,,R*12


$OWN,0,261187000,0,0.0,10.6,15.945071,54.954166,356.5,358.0,0.0,0.0,,1,,,,,,,,,,,,,,,*62


$WIND,,,T,,,R*12


$OWN,0,261187000,0,0.0,10.6,15.945065,54.954216,356.4,358.0,0.0,0.0,,1,,,,,,,,,,,,,,,*62


$WIND,,,T,,,R*12


$OWN,0,261187000,0,0.0,10.6,15.945057,54.954266,356.2,359.0,0.0,0.0,,1,,,,,,,,,,,,,,,*63


$WIND,,,T,,,R*12


$OWN,0,261187000,0,100000.0,10.7,15.945048,54.954315,356.0,359.0,0.0,0.0,,1,,,,,,,,,,,,,,,*5A


$WIND,,,T,,,R*12


$OWN,0,261187000,0,100000.0,10.7,15.945040,54.954365,355.9,359.0,0.0,0.0,,1,,,,,,,,,,,,,,,*5F


$WIND,,,T,,,R*12


$OWN,0,261187000,0,0.0,10.7,15.945033,54.954414,355.9,359.0,0.0,0.0,,1,,,,,,,,,,,,,,,*6B


$WIND,,,T,,,R*12


$OWN,0,261187000,0,100000.0,10.7,15.945026,54.954464,355.9,359.0,0.0,0.0,,1,,,,,,,,,,,,,,,*59


$WIND,,,T,,,R*12


$OWN,0,261187000,0,100000.0,10.8,15.945020,54.954514,355.9,0.0,0.0,0.0,,1,,,,,,,,,,,,,,,*59


$WIND,,,T,,,R*12


$OWN,0,261187000,0,100000.0,10.8,15.945013,54.954567,355.9,0.0,0.0,0.0,,1,,,,,,,,,,,,,,,*5D


$WIND,,,T,,,R*12


$OWN,0,261187000,0,0.0,10.8,15.945008,54.954617,355.9,0.0,0.0,0.0,,1,,,,,,,,,,,,,,,*62


$WIND,,,T,,,R*12


$OWN,0,261187000,0,0.0,10.8,15.945002,54.954666,355.9,0.0,0.0,0.0,,1,,,,,,,,,,,,,,,*6E


$WIND,,,T,,,R*12


