


$OWN,0,261187000,0,0.0,8.7,15.946018,54.875763,357.4,0.0,0.0,0.0,,1,,,,,,,,,,,,,,,*59


$WIND,,,T,,,R*12


$OWN,0,261187000,0,0.0,8.7,15.946018,54.875805,357.7,0.0,0.0,0.0,,1,,,,,,,,,,,,,,,*55


$WIND,,,T,,,R*12


$OWN,0,261187000,0,0.0,8.7,15.946018,54.875805,357.7,0.0,0.0,0.0,,1,,,,,,,,,,,,,,,*55


$WIND,,,T,,,R*12


$OWN,0,261187000,0,0.0,8.7,15.946018,54.875843,357.7,0.0,0.0,0.0,,1,,,,,,,,,,,,,,,*57


$WIND,,,T,,,R*12


$OWN,0,261187000,0,0.0,8.7,15.946016,54.875885,357.8,0.0,0.0,0.0,,1,,,,,,,,,,,,,,,*5C


$WIND,,,T,,,R*12


$OWN,0,261187000,0,0.0,8.7,15.946013,54.875923,357.8,0.0,0.0,0.0,,1,,,,,,,,,,,,,,,*54


$WIND,,,T,,,R*12


$AIS,0,273399760,3,0.2,0.0,15.349248,54.830090,236.2,232.0,-38334.88,-4941.67,,1,,,,,,,,,,,,,,,*68


$OWN,0,261187000,0,0.0,8.7,15.946010,54.875965,357.8,0.0,0.0,0.0,,1,,,,,,,,,,,,,,,*55


$WIND,,,T,,,R*12


$AIS,0,273399760,3,0.2,0.0,15.349248,54.830090,236.2,232.0,-38334.70,-4945.91,,1,,,,,,,,,,,,,,,*62


$OWN,0,261187000,0,0.0,8.7,15.946007,54.876003,357.7,0.0,0.0,0.0,,1,,,,,,,,,,,,,,,*56


$WIND,,,T,,,R*12


$AIS,0,273399760,3,0.2,0.0,15.349248,54.830090,236.2,232.0,-38334.58,-4950.58,,1,,,,,,,,,,,,,,,*69


$OWN,0,261187000,0,0.0,8.7,15.946003,54.876083,357.9,0.0,0.0,0.0,,1,,,,,,,,,,,,,,,*54


$WIND,,,T,,,R*12


$AIS,0,273399760,3,0.2,0.0,15.349248,54.830090,236.2,232.0,-38334.45,-4954.83,,1,,,,,,,,,,,,,,,*67


$OWN,0,261187000,0,-100000.0,8.7,15.946002,54.876125,358.0,0.0,0.0,0.0,,1,,,,,,,,,,,,,,,*42


$WIND,,,T,,,R*12


$AIS,0,273399760,3,0.2,0.0,15.349248,54.830090,236.2,232.0,-38334.39,-4959.50,,1,,,,,,,,,,,,,,,*6F


$OWN,0,261187000,0,-100000.0,8.7,15.946000,54.876163,358.0,0.0,0.0,0.0,,1,,,,,,,,,,,,,,,*42


$WIND,,,T,,,R*12


$AIS,0,273399760,3,0.2,0.0,15.349248,54.830090,236.2,232.0,-38334.27,-4963.74,,1,,,,,,,,,,,,,,,*6F


$OWN,0,261187000,0,-100000.0,8.7,15.945996,54.876205,358.0,359.0,0.0,0.0,,1,,,,,,,,,,,,,,,*4B


$WIND,,,T,,,R*12


$AIS,0,273399760,3,0.2,0.0,15.349248,54.830090,236.2,232.0,-38334.03,-4968.42,,1,,,,,,,,,,,,,,,*67


$OWN,0,261187000,0,-100000.0,8.7,15.945995,54.876247,358.0,359.0,0.0,0.0,,1,,,,,,,,,,,,,,,*4E


$WIND,,,T,,,R*12


$AIS,0,273399760,3,0.2,0.0,15.349248,54.830090,236.2,232.0,-38333.96,-4973.09,,1,,,,,,,,,,,,,,,*69


$OWN,0,261187000,0,-100000.0,8.7,15.945992,54.876286,358.0,359.0,0.0,0.0,,1,,,,,,,,,,,,,,,*44


$WIND,,,T,,,R*12


$AIS,0,273399760,3,0.2,0.0,15.349248,54.830090,236.2,232.0,-38333.72,-4977.33,,1,,,,,,,,,,,,,,,*6E


$OWN,0,261187000,0,-100000.0,8.7,15.945989,54.876328,357.8,358.0,0.0,0.0,,1,,,,,,,,,,,,,,,*4D


$WIND,,,T,,,R*12


$AIS,0,273399760,3,0.2,0.0,15.349248,54.830090,236.2,232.0,-38333.53,-4982.00,,1,,,,,,,,,,,,,,,*67


$OWN,0,261187000,0,-100000.0,8.7,15.945983,54.876366,357.6,357.0,0.0,0.0,,1,,,,,,,,,,,,,,,*4C


$WIND,,,T,,,R*12


$AIS,0,273399760,3,0.2,0.0,15.349248,54.830090,236.2,232.0,-38333.17,-4986.25,,1,,,,,,,,,,,,,,,*64


$OWN,0,261187000,0,-100000.0,8.7,15.945978,54.876408,357.4,355.0,0.0,0.0,,1,,,,,,,,,,,,,,,*47


$WIND,,,T,,,R*12


$OWN,0,261187000,0,-100000.0,8.7,15.945971,54.876446,357.2,354.0,0.0,0.0,,1,,,,,,,,,,,,,,,*43


$WIND,,,T,,,R*12


$OWN,0,261187000,0,-100000.0,8.7,15.945971,54.876446,357.2,353.0,0.0,0.0,,1,,,,,,,,,,,,,,,*44


$WIND,,,T,,,R*12


$OWN,0,261187000,0,-100000.0,8.7,15.945960,54.876522,356.7,351.0,0.0,0.0,,1,,,,,,,,,,,,,,,*41


$WIND,,,T,,,R*12


$OWN,0,261187000,0,-100000.0,8.6,15.945951,54.876564,356.5,349.0,0.0,0.0,,1,,,,,,,,,,,,,,,*4B


$WIND,,,T,,,R*12


$OWN,0,261187000,0,-100000.0,8.6,15.945943,54.876602,356.1,347.0,0.0,0.0,,1,,,,,,,,,,,,,,,*41


$WIND,,,T,,,R*12


$OWN,0,261187000,0,-100000.0,8.6,15.945933,54.876640,355.6,344.0,0.0,0.0,,1,,,,,,,,,,,,,,,*47


$WIND,,,T,,,R*12


$OWN,0,261187000,0,-100000.0,8.5,15.945922,54.876678,355.0,342.0,0.0,0.0,,1,,,,,,,,,,,,,,,*4F


$WIND,,,T,,,R*12


$OWN,0,261187000,0,-100000.0,8.5,15.945907,54.876713,354.2,339.0,0.0,0.0,,1,,,,,,,,,,,,,,,*4B


$WIND,,,T,,,R*12


$OWN,0,261187000,0,-100000.0,8.4,15.945890,54.876751,353.3,337.0,0.0,0.0,,1,,,,,,,,,,,,,,,*4B


$WIND,,,T,,,R*12


$OWN,0,261187000,0,-100000.0,8.3,15.945870,54.876781,352.3,334.0,0.0,0.0,,1,,,,,,,,,,,,,,,*4D


$WIND,,,T,,,R*12


$OWN,0,261187000,0,-100000.0,8.3,15.945851,54.876820,351.3,332.0,0.0,0.0,,1,,,,,,,,,,,,,,,*4F


$WIND,,,T,,,R*12


$OWN,0,261187000,0,-100000.0,8.2,15.945828,54.876850,350.1,329.0,0.0,0.0,,1,,,,,,,,,,,,,,,*4E


$WIND,,,T,,,R*12


$OWN,0,261187000,0,-100000.0,8.1,15.945804,54.876884,348.9,326.0,0.0,0.0,,1,,,,,,,,,,,,,,,*44


$WIND,,,T,,,R*12


$OWN,0,261187000,0,-100000.0,7.9,15.945751,54.876942,346.4,324.0,0.0,0.0,,1,,,,,,,,,,,,,,,*46


$WIND,,,T,,,R*12


$OWN,0,261187000,0,-100000.0,7.8,15.945724,54.876972,344.9,321.0,0.0,0.0,,1,,,,,,,,,,,,,,,*4C


$WIND,,,T,,,R*12


$OWN,0,261187000,0,-100000.0,7.7,15.945693,54.876999,343.4,318.0,0.0,0.0,,1,,,,,,,,,,,,,,,*4B


$WIND,,,T,,,R*12


$OWN,0,261187000,0,-100000.0,7.5,15.945662,54.877022,341.8,315.0,0.0,0.0,,1,,,,,,,,,,,,,,,*4C


$WIND,,,T,,,R*12


$OWN,0,261187000,0,-100000.0,7.5,15.945662,54.877022,341.8,313.0,0.0,0.0,,1,,,,,,,,,,,,,,,*4A


$WIND,,,T,,,R*12


$OWN,0,261187000,0,-100000.0,7.4,15.945626,54.877048,340.1,310.0,0.0,0.0,,1,,,,,,,,,,,,,,,*4C


$WIND,,,T,,,R*12


$OWN,0,261187000,0,-100000.0,7.3,15.945593,54.877071,338.4,307.0,0.0,0.0,,1,,,,,,,,,,,,,,,*40


$WIND,,,T,,,R*12


$OWN,0,261187000,0,-100000.0,7.1,15.945559,54.877090,336.6,305.0,0.0,0.0,,1,,,,,,,,,,,,,,,*45


$WIND,,,T,,,R*12


$OWN,0,261187000,0,-100000.0,7.0,15.945523,54.877113,334.8,305.0,0.0,0.0,,1,,,,,,,,,,,,,,,*4F


$WIND,,,T,,,R*12


$OWN,0,261187000,0,-100000.0,6.9,15.945487,54.877129,332.9,302.0,0.0,0.0,,1,,,,,,,,,,,,,,,*41


$WIND,,,T,,,R*12


$OWN,0,261187000,0,-100000.0,6.7,15.945450,54.877148,331.0,299.0,0.0,0.0,,1,,,,,,,,,,,,,,,*4B


$WIND,,,T,,,R*12


$OWN,0,261187000,0,-100000.0,6.6,15.945414,54.877163,329.0,297.0,0.0,0.0,,1,,,,,,,,,,,,,,,*44


$WIND,,,T,,,R*12


$OWN,0,261187000,0,-100000.0,6.5,15.945375,54.877178,327.1,294.0,0.0,0.0,,1,,,,,,,,,,,,,,,*41


$WIND,,,T,,,R*12


$OWN,0,261187000,0,-100000.0,6.3,15.945338,54.877193,325.2,292.0,0.0,0.0,,1,,,,,,,,,,,,,,,*4C


$WIND,,,T,,,R*12


$OWN,0,261187000,0,-100000.0,6.2,15.945300,54.877205,323.1,287.0,0.0,0.0,,1,,,,,,,,,,,,,,,*4B


$WIND,,,T,,,R*12


$OWN,0,261187000,0,-100000.0,6.1,15.945260,54.877216,320.9,284.0,0.0,0.0,,1,,,,,,,,,,,,,,,*45


$WIND,,,T,,,R*12


$AIS,0,273399760,3,-0.4,0.0,15.349287,54.830059,236.2,231.0,-38284.25,-5084.72,,1,,,,,,,,,,,,,,,*4E


$OWN,0,261187000,0,-100000.0,5.9,15.945224,54.877224,318.8,282.0,0.0,0.0,,1,,,,,,,,,,,,,,,*43


$WIND,,,T,,,R*12


$AIS,0,273399760,3,-0.4,0.0,15.349287,54.830059,236.2,231.0,-38281.92,-5085.59,,1,,,,,,,,,,,,,,,*4F


$OWN,0,261187000,0,-100000.0,5.8,15.945185,54.877235,316.8,280.0,0.0,0.0,,1,,,,,,,,,,,,,,,*46


$WIND,,,T,,,R*12


$AIS,0,273399760,3,-0.4,0.0,15.349287,54.830059,236.2,231.0,-38279.41,-5086.89,,1,,,,,,,,,,,,,,,*48


$OWN,0,261187000,0,-100000.0,5.7,15.945147,54.877243,314.6,277.0,0.0,0.0,,1,,,,,,,,,,,,,,,*42


$WIND,,,T,,,R*12


$AIS,0,273399760,3,-0.4,0.0,15.349287,54.830059,236.2,231.0,-38276.96,-5087.76,,1,,,,,,,,,,,,,,,*4C


$OWN,0,261187000,0,-100000.0,5.6,15.945108,54.877251,312.5,275.0,0.0,0.0,,1,,,,,,,,,,,,,,,*4C


$WIND,,,T,,,R*12


$AIS,0,273399760,3,-0.4,0.0,15.349287,54.830059,236.2,231.0,-38274.51,-5088.63,,1,,,,,,,,,,,,,,,*4E


$OWN,0,261187000,0,-100000.0,5.5,15.945070,54.877258,310.3,272.0,0.0,0.0,,1,,,,,,,,,,,,,,,*4B


$WIND,,,T,,,R*12


$AIS,0,273399760,3,-0.4,0.0,15.349287,54.830059,236.2,231.0,-38272.06,-5089.50,,1,,,,,,,,,,,,,,,*4B


$OWN,0,261187000,0,-100000.0,5.3,15.945033,54.877262,308.1,272.0,0.0,0.0,,1,,,,,,,,,,,,,,,*48


$WIND,,,T,,,R*12


$AIS,0,273399760,3,-0.4,0.0,15.349287,54.830059,236.2,231.0,-38267.34,-5090.39,,1,,,,,,,,,,,,,,,*49


$OWN,0,261187000,0,-100000.0,5.2,15.944997,54.877266,306.0,270.0,0.0,0.0,,1,,,,,,,,,,,,,,,*46


$WIND,,,T,,,R*12


$AIS,0,273399760,3,-0.4,0.0,15.349287,54.830059,236.2,231.0,-38264.89,-5090.83,,1,,,,,,,,,,,,,,,*4D


$OWN,0,261187000,0,-100000.0,5.1,15.944959,54.877270,303.8,268.0,0.0,0.0,,1,,,,,,,,,,,,,,,*44


$WIND,,,T,,,R*12


$AIS,0,273399760,3,-0.4,0.0,15.349287,54.830059,236.2,231.0,-38262.50,-5091.28,,1,,,,,,,,,,,,,,,*4F


$OWN,0,261187000,0,-100000.0,5.0,15.944921,54.877274,301.7,264.0,0.0,0.0,,1,,,,,,,,,,,,,,,*4F


$WIND,,,T,,,R*12


$AIS,0,273399760,3,-0.4,0.0,15.349287,54.830059,236.2,231.0,-38262.50,-5091.28,,1,,,,,,,,,,,,,,,*4F


$OWN,0,261187000,0,-100000.0,4.9,15.944886,54.877274,299.4,262.0,0.0,0.0,,1,,,,,,,,,,,,,,,*4E


$WIND,,,T,,,R*12


$AIS,0,273399760,3,-0.4,0.0,15.349287,54.830059,236.2,231.0,-38260.23,-5091.30,,1,,,,,,,,,,,,,,,*40


$OWN,0,261187000,0,-100000.0,4.9,15.944850,54.877274,297.2,259.0,0.0,0.0,,1,,,,,,,,,,,,,,,*45


$WIND,,,T,,,R*12


$OWN,0,261187000,0,-100000.0,4.8,15.944815,54.877274,295.0,257.0,0.0,0.0,,1,,,,,,,,,,,,,,,*4B


$WIND,,,T,,,R*12


$AIS,0,273392360,0,100000.0,1.0,15.390953,54.826626,83.0,67.0,-35579.93,-5495.33,,1,,,,,,,,,,,,,,,*5F


$OWN,0,261187000,0,-100000.0,4.6,15.944745,54.877274,290.5,255.0,0.0,0.0,,1,,,,,,,,,,,,,,,*4D


$WIND,,,T,,,R*12


$AIS,0,273392360,0,100000.0,1.0,15.390953,54.826626,83.0,67.0,-35577.66,-5495.35,,1,,,,,,,,,,,,,,,*5D


$OWN,0,261187000,0,-100000.0,4.5,15.944712,54.877274,288.3,253.0,0.0,0.0,,1,,,,,,,,,,,,,,,*45


$WIND,,,T,,,R*12


$AIS,0,273392360,0,100000.0,1.0,15.390953,54.826626,83.0,67.0,-35575.52,-5495.36,,1,,,,,,,,,,,,,,,*5B


$OWN,0,261187000,0,-100000.0,4.5,15.944678,54.877270,286.0,251.0,0.0,0.0,,1,,,,,,,,,,,,,,,*43


$WIND,,,T,,,R*12


$AIS,0,273392360,0,100000.0,1.0,15.390953,54.826626,83.0,67.0,-35573.37,-5494.95,,1,,,,,,,,,,,,,,,*56


$OWN,0,261187000,0,-100000.0,4.4,15.944645,54.877266,283.8,249.0,0.0,0.0,,1,,,,,,,,,,,,,,,*4F


$WIND,,,T,,,R*12


$AIS,0,273392360,0,100000.0,1.0,15.390953,54.826626,83.0,67.0,-35571.23,-5494.55,,1,,,,,,,,,,,,,,,*5D


$OWN,0,261187000,0,-100000.0,4.3,15.944613,54.877262,281.6,247.0,0.0,0.0,,1,,,,,,,,,,,,,,,*4D


$WIND,,,T,,,R*12


$AIS,0,273392360,0,100000.0,1.0,15.390953,54.826626,83.0,67.0,-35569.21,-5494.14,,1,,,,,,,,,,,,,,,*53


$AIS,0,273370640,3,-5.4,0.3,15.354460,54.832310,52.1,343.0,-37908.32,-4842.54,,1,,,,,,,,,,,,,,,*75


$OWN,0,261187000,0,-100000.0,4.3,15.944582,54.877258,279.4,245.0,0.0,0.0,,1,,,,,,,,,,,,,,,*48


$WIND,,,T,,,R*12


$AIS,0,273392360,0,100000.0,1.0,15.390953,54.826626,83.0,67.0,-35567.19,-5493.73,,1,,,,,,,,,,,,,,,*50


$AIS,0,273370640,3,-5.4,0.3,15.354460,54.832310,52.1,343.0,-37906.30,-4842.13,,1,,,,,,,,,,,,,,,*7A


$OWN,0,261187000,0,-100000.0,4.3,15.944582,54.877258,279.4,245.0,0.0,0.0,,1,,,,,,,,,,,,,,,*48


$WIND,,,T,,,R*12


$AIS,0,273392360,0,100000.0,1.0,15.390953,54.826626,83.0,67.0,-35565.23,-5493.32,,1,,,,,,,,,,,,,,,*5E


$AIS,0,273370640,3,-5.4,0.3,15.354460,54.832310,52.1,343.0,-37904.34,-4841.72,,1,,,,,,,,,,,,,,,*78


$OWN,0,261187000,0,-100000.0,4.2,15.944551,54.877254,277.1,243.0,0.0,0.0,,1,,,,,,,,,,,,,,,*46


$WIND,,,T,,,R*12


$AIS,0,273392360,0,100000.0,1.0,15.390953,54.826626,83.0,67.0,-35563.20,-5492.49,,1,,,,,,,,,,,,,,,*56


$AIS,0,273370640,3,-5.4,0.3,15.354460,54.832310,52.1,343.0,-37902.32,-4840.89,,1,,,,,,,,,,,,,,,*7D


$OWN,0,261187000,0,-100000.0,4.2,15.944520,54.877247,274.9,241.0,0.0,0.0,,1,,,,,,,,,,,,,,,*4B


$WIND,,,T,,,R*12


$AIS,0,273392360,0,100000.0,1.0,15.390953,54.826626,83.0,67.0,-35561.30,-5492.08,,1,,,,,,,,,,,,,,,*50


$AIS,0,273370640,3,-5.4,0.3,15.354460,54.832310,52.1,343.0,-37900.42,-4840.48,,1,,,,,,,,,,,,,,,*75


$OWN,0,261187000,0,-100000.0,4.1,15.944490,54.877243,272.8,239.0,0.0,0.0,,1,,,,,,,,,,,,,,,*4E


$WIND,,,T,,,R*12


$AIS,0,273370640,3,-5.4,0.3,15.354460,54.832310,52.1,343.0,-37898.58,-4839.65,,1,,,,,,,,,,,,,,,*7F


$OWN,0,261187000,0,-100000.0,4.1,15.944462,54.877235,270.6,237.0,0.0,0.0,,1,,,,,,,,,,,,,,,*40


$WIND,,,T,,,R*12


$AIS,0,273370640,3,-5.4,0.3,15.354460,54.832310,52.1,343.0,-37898.58,-4839.65,,1,,,,,,,,,,,,,,,*7F


$OWN,0,261187000,0,-100000.0,4.0,15.944433,54.877228,268.3,235.0,0.0,0.0,,1,,,,,,,,,,,,,,,*47


$WIND,,,T,,,R*12


$AIS,0,273370640,3,-5.4,0.3,15.354460,54.832310,52.1,343.0,-37896.74,-4838.82,,1,,,,,,,,,,,,,,,*77


$OWN,0,261187000,0,-100000.0,3.9,15.944378,54.877209,263.7,231.0,0.0,0.0,,1,,,,,,,,,,,,,,,*49


$WIND,,,T,,,R*12


$AIS,0,273370640,3,-5.4,0.3,15.354460,54.832310,52.1,343.0,-37893.19,-4836.72,,1,,,,,,,,,,,,,,,*78


$OWN,0,261187000,0,-100000.0,3.9,15.944351,54.877201,261.6,229.0,0.0,0.0,,1,,,,,,,,,,,,,,,*40


$WIND,,,T,,,R*12


$AIS,0,273370640,3,-5.4,0.3,15.354460,54.832310,52.1,343.0,-37891.48,-4835.89,,1,,,,,,,,,,,,,,,*79


$OWN,0,261187000,0,-100000.0,3.8,15.944328,54.877193,259.3,227.0,0.0,0.0,,1,,,,,,,,,,,,,,,*47


$WIND,,,T,,,R*12


$OWN,0,261187000,0,-100000.0,3.8,15.944304,54.877182,257.0,225.0,0.0,0.0,,1,,,,,,,,,,,,,,,*46


$WIND,,,T,,,R*12


$OWN,0,261187000,0,-100000.0,3.8,15.944304,54.877182,257.0,225.0,0.0,0.0,,1,,,,,,,,,,,,,,,*46


$WIND,,,T,,,R*12


$OWN,0,261187000,0,-100000.0,3.7,15.944280,54.877171,254.9,223.0,0.0,0.0,,1,,,,,,,,,,,,,,,*44


$WIND,,,T,,,R*12


$OWN,0,261187000,0,-100000.0,3.7,15.944257,54.877159,252.7,221.0,0.0,0.0,,1,,,,,,,,,,,,,,,*4E


$WIND,,,T,,,R*12


$OWN,0,261187000,0,-100000.0,3.7,15.944233,54.877148,250.5,217.0,0.0,0.0,,1,,,,,,,,,,,,,,,*49


$WIND,,,T,,,R*12


$OWN,0,261187000,0,-100000.0,3.7,15.944212,54.877136,248.4,215.0,0.0,0.0,,1,,,,,,,,,,,,,,,*49


$WIND,,,T,,,R*12


$OWN,0,261187000,0,-100000.0,3.6,15.944190,54.877125,246.2,213.0,0.0,0.0,,1,,,,,,,,,,,,,,,*4D


$WIND,,,T,,,R*12


$AIS,0,229630000,0,0.0,11.1,14.990833,55.399834,86.0,85.0,-60375.90,58581.33,,1,,,,,,,,,,,,,,,*47


$OWN,0,261187000,0,-100000.0,3.6,15.944172,54.877113,244.0,211.0,0.0,0.0,,1,,,,,,,,,,,,,,,*46


$WIND,,,T,,,R*12


$AIS,0,229630000,0,0.0,11.1,14.990833,55.399834,86.0,85.0,-60374.76,58582.59,,1,,,,,,,,,,,,,,,*41


$OWN,0,261187000,0,-100000.0,3.6,15.944152,54.877102,241.8,211.0,0.0,0.0,,1,,,,,,,,,,,,,,,*49


$WIND,,,T,,,R*12


$AIS,0,229630000,0,0.0,11.1,14.990833,55.399834,86.0,85.0,-60372.40,58585.53,,1,,,,,,,,,,,,,,,*4F


$AIS,0,273370640,3,-7.5,0.1,15.354528,54.832352,47.7,343.0,-37873.12,-4818.64,,1,,,,,,,,,,,,,,,*7E


$OWN,0,261187000,0,-100000.0,3.5,15.944135,54.877087,239.6,209.0,0.0,0.0,,1,,,,,,,,,,,,,,,*4F


$WIND,,,T,,,R*12


$AIS,0,229630000,0,0.0,11.1,14.990833,55.399834,86.0,85.0,-60371.25,58586.79,,1,,,,,,,,,,,,,,,*44


$AIS,0,273370640,3,-7.5,0.1,15.354528,54.832352,47.7,343.0,-37871.96,-4817.38,,1,,,,,,,,,,,,,,,*76


$OWN,0,261187000,0,-100000.0,3.5,15.944100,54.877060,235.2,205.0,0.0,0.0,,1,,,,,,,,,,,,,,,*44


$WIND,,,T,,,R*12


$AIS,0,229630000,0,0.0,11.1,14.990833,55.399834,86.0,85.0,-60370.23,58588.47,,1,,,,,,,,,,,,,,,*40


$AIS,0,273370640,3,-7.5,0.1,15.354528,54.832352,47.7,343.0,-37870.91,-4815.69,,1,,,,,,,,,,,,,,,*76


$OWN,0,261187000,0,-100000.0,3.5,15.944085,54.877045,233.1,203.0,0.0,0.0,,1,,,,,,,,,,,,,,,*4C


$WIND,,,T,,,R*12


$AIS,0,229630000,0,0.0,11.1,14.990833,55.399834,86.0,85.0,-60369.26,58590.16,,1,,,,,,,,,,,,,,,*40


$AIS,0,273370640,3,-7.5,0.1,15.354528,54.832352,47.7,343.0,-37869.93,-4814.00,,1,,,,,,,,,,,,,,,*72


$OWN,0,261187000,0,-100000.0,3.5,15.944070,54.877033,230.9,201.0,0.0,0.0,,1,,,,,,,,,,,,,,,*4E


$WIND,,,T,,,R*12


$AIS,0,229630000,0,0.0,11.1,14.990833,55.399834,86.0,85.0,-60368.29,58591.42,,1,,,,,,,,,,,,,,,*4E


$AIS,0,273370640,3,-7.5,0.1,15.354528,54.832352,47.7,343.0,-37868.95,-4812.73,,1,,,,,,,,,,,,,,,*77


$OWN,0,261187000,0,-100000.0,3.4,15.944057,54.877018,228.7,199.0,0.0,0.0,,1,,,,,,,,,,,,,,,*46


$WIND,,,T,,,R*12


$AIS,0,229630000,0,0.0,11.1,14.990833,55.399834,86.0,85.0,-60367.45,58593.10,,1,,,,,,,,,,,,,,,*4E


$AIS,0,273370640,3,-7.5,0.1,15.354528,54.832352,47.7,343.0,-37868.10,-4811.04,,1,,,,,,,,,,,,,,,*79


$OWN,0,261187000,0,-100000.0,3.4,15.944057,54.877018,228.7,197.0,0.0,0.0,,1,,,,,,,,,,,,,,,*48


$WIND,,,T,,,R*12


$AIS,0,229630000,0,0.0,11.1,14.990833,55.399834,86.0,85.0,-60367.45,58593.10,,1,,,,,,,,,,,,,,,*4E


$AIS,0,273370640,3,-7.5,0.1,15.354528,54.832352,47.7,343.0,-37868.10,-4811.04,,1,,,,,,,,,,,,,,,*79


$OWN,0,261187000,0,-100000.0,3.4,15.944043,54.877003,226.6,195.0,0.0,0.0,,1,,,,,,,,,,,,,,,*4A


$WIND,,,T,,,R*12


$AIS,0,229630000,0,0.0,11.1,14.990833,55.399834,86.0,85.0,-60366.60,58594.79,,1,,,,,,,,,,,,,,,*40


$AIS,0,273370640,3,-7.5,0.1,15.354528,54.832352,47.7,343.0,-37867.24,-4809.35,,1,,,,,,,,,,,,,,,*7A


$OWN,0,261187000,0,-100000.0,3.4,15.944032,54.876987,224.3,194.0,0.0,0.0,,1,,,,,,,,,,,,,,,*4E


$WIND,,,T,,,R*12


$AIS,0,229630000,0,0.0,11.1,14.990833,55.399834,86.0,85.0,-60365.88,58596.48,,1,,,,,,,,,,,,,,,*45


$AIS,0,273370640,3,-7.5,0.1,15.354528,54.832352,47.7,343.0,-37866.50,-4807.66,,1,,,,,,,,,,,,,,,*70


$OWN,0,261187000,0,-100000.0,3.4,15.944021,54.876972,222.3,191.0,0.0,0.0,,1,,,,,,,,,,,,,,,*45


$WIND,,,T,,,R*12


$AIS,0,273370640,3,-7.5,0.1,15.354528,54.832352,47.7,343.0,-37865.83,-4805.97,,1,,,,,,,,,,,,,,,*71


$OWN,0,261187000,0,-100000.0,3.4,15.944012,54.876957,220.2,190.0,0.0,0.0,,1,,,,,,,,,,,,,,,*40


$WIND,,,T,,,R*12


$AIS,0,273370640,3,-7.5,0.1,15.354528,54.832352,47.7,343.0,-37865.22,-4804.27,,1,,,,,,,,,,,,,,,*70


$OWN,0,261187000,0,-100000.0,3.4,15.944001,54.876942,218.1,188.0,0.0,0.0,,1,,,,,,,,,,,,,,,*47


$WIND,,,T,,,R*12


$OWN,0,261187000,0,-100000.0,3.4,15.943995,54.876926,215.9,186.0,0.0,0.0,,1,,,,,,,,,,,,,,,*4D


$WIND,,,T,,,R*12


$OWN,0,261187000,0,-100000.0,3.4,15.943989,54.876911,213.7,186.0,0.0,0.0,,1,,,,,,,,,,,,,,,*4C


$WIND,,,T,,,R*12


$AIS,0,273418880,0,-100000.0,3.4,15.468382,54.811790,3.6,353.0,-30565.57,-7140.58,,1,,,,,,,,,,,,,,,*72


$OWN,0,261187000,0,-100000.0,3.4,15.943982,54.876892,211.7,184.0,0.0,0.0,,1,,,,,,,,,,,,,,,*4D


$WIND,,,T,,,R*12


$AIS,0,273418880,0,-100000.0,3.4,15.468382,54.811790,3.6,353.0,-30565.21,-7138.88,,1,,,,,,,,,,,,,,,*71


$OWN,0,261187000,0,-100000.0,3.3,15.943976,54.876877,209.5,182.0,0.0,0.0,,1,,,,,,,,,,,,,,,*47


$WIND,,,T,,,R*12


$AIS,0,273418880,0,-100000.0,3.4,15.468382,54.811790,3.6,353.0,-30565.02,-7137.19,,1,,,,,,,,,,,,,,,*77


$AIS,0,273399760,3,0.4,0.1,15.349290,54.830067,236.2,231.0,-38201.42,-5045.10,,1,,,,,,,,,,,,,,,*6C


$OWN,0,261187000,0,-100000.0,3.3,15.943974,54.876862,207.3,180.0,0.0,0.0,,1,,,,,,,,,,,,,,,*4B


$WIND,,,T,,,R*12


$AIS,0,273418880,0,-100000.0,3.4,15.468382,54.811790,3.6,353.0,-30564.78,-7135.49,,1,,,,,,,,,,,,,,,*7C


$AIS,0,273399760,3,0.4,0.1,15.349290,54.830067,236.2,231.0,-38201.17,-5043.41,,1,,,,,,,,,,,,,,,*6E


$AIS,0,273392360,0,0.0,0.8,15.391209,54.826649,76.0,74.0,-35511.41,-5445.78,,1,,,,,,,,,,,,,,,*60


$OWN,0,261187000,0,-100000.0,3.3,15.943970,54.876846,205.3,178.0,0.0,0.0,,1,,,,,,,,,,,,,,,*4C


$WIND,,,T,,,R*12


$AIS,0,273418880,0,-100000.0,3.4,15.468391,54.811855,6.3,349.0,-30563.93,-7126.16,,1,,,,,,,,,,,,,,,*79


$AIS,0,273399760,3,0.4,0.1,15.349290,54.830067,236.2,231.0,-38200.99,-5041.28,,1,,,,,,,,,,,,,,,*64


$AIS,0,273392360,0,0.0,0.8,15.391209,54.826649,76.0,74.0,-35511.23,-5443.66,,1,,,,,,,,,,,,,,,*6D


$OWN,0,261187000,0,-100000.0,3.3,15.943967,54.876827,203.2,176.0,0.0,0.0,,1,,,,,,,,,,,,,,,*44


$WIND,,,T,,,R*12


$AIS,0,273418880,0,-100000.0,3.4,15.468391,54.811855,6.3,349.0,-30563.93,-7124.46,,1,,,,,,,,,,,,,,,*7E


$AIS,0,273399760,3,0.4,0.1,15.349290,54.830067,236.2,231.0,-38200.99,-5039.59,,1,,,,,,,,,,,,,,,*6D


$AIS,0,273392360,0,0.0,0.8,15.391209,54.826649,76.0,74.0,-35511.23,-5441.96,,1,,,,,,,,,,,,,,,*60


$OWN,0,261187000,0,-100000.0,3.3,15.943967,54.876812,201.1,174.0,0.0,0.0,,1,,,,,,,,,,,,,,,*41


$WIND,,,T,,,R*12


$AIS,0,273418880,0,-100000.0,3.4,15.468391,54.811855,6.3,349.0,-30563.93,-7124.46,,1,,,,,,,,,,,,,,,*7E


$AIS,0,273399760,3,0.4,0.1,15.349290,54.830067,236.2,231.0,-38200.99,-5039.59,,1,,,,,,,,,,,,,,,*6D


$AIS,0,273392360,0,0.0,0.8,15.391209,54.826649,76.0,74.0,-35511.23,-5441.96,,1,,,,,,,,,,,,,,,*60


$AIS,0,229630000,0,0.0,11.1,14.992500,55.399834,87.0,85.0,-60256.20,58614.50,,1,,,,,,,,,,,,,,,*48


$OWN,0,261187000,0,-100000.0,3.3,15.943967,54.876797,199.1,172.0,0.0,0.0,,1,,,,,,,,,,,,,,,*47


$WIND,,,T,,,R*12


$AIS,0,273418880,0,-100000.0,3.4,15.468391,54.811855,6.3,349.0,-30563.93,-7122.76,,1,,,,,,,,,,,,,,,*7B


$AIS,0,273399760,3,0.4,0.1,15.349290,54.830067,236.2,231.0,-38200.99,-5037.89,,1,,,,,,,,,,,,,,,*6E


$AIS,0,273392360,0,0.0,0.8,15.391209,54.826649,76.0,74.0,-35511.23,-5440.26,,1,,,,,,,,,,,,,,,*6A


$AIS,0,229630000,0,0.0,11.1,14.992500,55.399834,87.0,85.0,-60256.20,58616.20,,1,,,,,,,,,,,,,,,*4D


$AIS,0,273370640,3,-2.9,0.3,15.354533,54.832352,42.1,343.0,-37862.03,-4786.47,,1,,,,,,,,,,,,,,,*75


$OWN,0,261187000,0,-100000.0,3.3,15.943967,54.876781,197.2,170.0,0.0,0.0,,1,,,,,,,,,,,,,,,*4F


$WIND,,,T,,,R*12


$AIS,0,273418880,0,-100000.0,3.4,15.468391,54.811855,6.3,349.0,-30563.93,-7121.06,,1,,,,,,,,,,,,,,,*7F


$AIS,0,273399760,3,0.4,0.1,15.349290,54.830067,236.2,231.0,-38200.99,-5036.19,,1,,,,,,,,,,,,,,,*66


$AIS,0,273392360,0,0.0,0.8,15.391209,54.826649,76.0,74.0,-35511.23,-5438.56,,1,,,,,,,,,,,,,,,*62


$AIS,0,229630000,0,0.0,11.1,14.992500,55.399834,87.0,85.0,-60256.20,58617.90,,1,,,,,,,,,,,,,,,*47


$AIS,0,273370640,3,-2.9,0.3,15.354533,54.832352,42.1,343.0,-37862.03,-4784.77,,1,,,,,,,,,,,,,,,*74


$OWN,0,261187000,0,-100000.0,3.3,15.943967,54.876762,195.1,168.0,0.0,0.0,,1,,,,,,,,,,,,,,,*4A


$WIND,,,T,,,R*12


$AIS,0,273418880,0,-100000.0,3.4,15.468391,54.811855,6.3,349.0,-30563.93,-7118.94,,1,,,,,,,,,,,,,,,*7E


$AIS,0,273399760,3,0.4,0.1,15.349290,54.830067,236.2,231.0,-38200.99,-5034.07,,1,,,,,,,,,,,,,,,*6B


$AIS,0,273392360,0,0.0,0.8,15.391209,54.826649,76.0,74.0,-35511.23,-5436.44,,1,,,,,,,,,,,,,,,*6F


$AIS,0,229630000,0,0.0,11.1,14.992500,55.399834,87.0,85.0,-60256.20,58620.02,,1,,,,,,,,,,,,,,,*48


$AIS,0,273370640,3,-2.9,0.3,15.354533,54.832352,42.1,343.0,-37862.03,-4782.65,,1,,,,,,,,,,,,,,,*71


$OWN,0,261187000,0,-100000.0,3.3,15.943970,54.876747,192.9,164.0,0.0,0.0,,1,,,,,,,,,,,,,,,*48


$WIND,,,T,,,R*12


$AIS,0,273418880,0,-100000.0,3.4,15.468391,54.811855,6.3,349.0,-30564.12,-7117.24,,1,,,,,,,,,,,,,,,*74


$AIS,0,273399760,3,0.4,0.1,15.349290,54.830067,236.2,231.0,-38201.17,-5032.37,,1,,,,,,,,,,,,,,,*69


$AIS,0,273392360,0,0.0,0.8,15.391209,54.826649,76.0,74.0,-35511.41,-5434.74,,1,,,,,,,,,,,,,,,*6A


$AIS,0,229630000,0,0.0,11.1,14.992500,55.399834,87.0,85.0,-60256.38,58621.72,,1,,,,,,,,,,,,,,,*47


$AIS,0,273370640,3,-2.9,0.3,15.354533,54.832352,42.1,343.0,-37862.22,-4780.95,,1,,,,,,,,,,,,,,,*7F


$OWN,0,261187000,0,-100000.0,3.3,15.943974,54.876732,191.0,162.0,0.0,0.0,,1,,,,,,,,,,,,,,,*42


$WIND,,,T,,,R*12


$AIS,0,273418880,0,-100000.0,3.4,15.468391,54.811855,6.3,349.0,-30564.36,-7115.54,,1,,,,,,,,,,,,,,,*77


$AIS,0,273399760,3,0.2,0.0,15.349280,54.830078,236.2,231.0,-38202.02,-5029.39,,1,,,,,,,,,,,,,,,*62


$AIS,0,273392360,0,0.0,0.8,15.391209,54.826649,76.0,74.0,-35511.66,-5433.04,,1,,,,,,,,,,,,,,,*6F


$AIS,0,229630000,0,0.0,11.1,14.992500,55.399834,87.0,85.0,-60256.63,58623.42,,1,,,,,,,,,,,,,,,*48


$AIS,0,273370640,3,-2.9,0.3,15.354533,54.832352,42.1,343.0,-37862.46,-4779.25,,1,,,,,,,,,,,,,,,*70


$OWN,0,261187000,0,-100000.0,3.3,15.943978,54.876717,189.0,161.0,0.0,0.0,,1,,,,,,,,,,,,,,,*43


$WIND,,,T,,,R*12


$AIS,0,273418880,0,-100000.0,3.4,15.468391,54.811855,6.3,349.0,-30564.67,-7113.84,,1,,,,,,,,,,,,,,,*78


$AIS,0,273399760,3,0.2,0.0,15.349280,54.830078,236.2,231.0,-38202.32,-5027.69,,1,,,,,,,,,,,,,,,*6A


$AIS,0,273392360,0,0.0,0.8,15.391209,54.826649,76.0,74.0,-35511.96,-5431.34,,1,,,,,,,,,,,,,,,*61


$AIS,0,229630000,0,0.0,11.1,14.992500,55.399834,87.0,85.0,-60256.93,58625.12,,1,,,,,,,,,,,,,,,*44


$AIS,0,273370640,3,-2.9,0.3,15.354533,54.832352,42.1,343.0,-37862.77,-4777.55,,1,,,,,,,,,,,,,,,*7B


$OWN,0,261187000,0,-100000.0,3.3,15.943978,54.876717,189.0,161.0,0.0,0.0,,1,,,,,,,,,,,,,,,*43


$WIND,,,T,,,R*12


$AIS,0,273418880,0,-100000.0,3.4,15.468391,54.811855,6.3,349.0,-30565.10,-7112.14,,1,,,,,,,,,,,,,,,*71


$AIS,0,273399760,3,0.2,0.0,15.349280,54.830078,236.2,231.0,-38202.75,-5025.99,,1,,,,,,,,,,,,,,,*64


$AIS,0,229630000,0,0.0,11.1,14.992500,55.399834,87.0,85.0,-60257.35,58626.83,,1,,,,,,,,,,,,,,,*42


$AIS,0,273370640,3,-2.9,0.3,15.354533,54.832352,42.1,343.0,-37863.20,-4775.85,,1,,,,,,,,,,,,,,,*77


$OWN,0,261187000,0,-100000.0,3.3,15.943990,54.876682,185.0,159.0,0.0,0.0,,1,,,,,,,,,,,,,,,*4F


$WIND,,,T,,,R*12


$AIS,0,273418880,0,-100000.0,3.4,15.468391,54.811855,6.3,349.0,-30565.40,-7110.02,,1,,,,,,,,,,,,,,,*71


$AIS,0,273399760,3,0.2,0.0,15.349280,54.830078,236.2,231.0,-38203.06,-5023.86,,1,,,,,,,,,,,,,,,*69


$AIS,0,229630000,0,0.0,11.1,14.992500,55.399834,87.0,85.0,-60257.65,58628.96,,1,,,,,,,,,,,,,,,*4D


$AIS,0,273370640,3,-2.9,0.3,15.354533,54.832352,42.1,343.0,-37863.50,-4773.73,,1,,,,,,,,,,,,,,,*7F


$OWN,0,261187000,0,-100000.0,3.3,15.943996,54.876667,183.2,157.0,0.0,0.0,,1,,,,,,,,,,,,,,,*48


$WIND,,,T,,,R*12


$AIS,0,273399760,3,0.2,0.0,15.349280,54.830078,236.2,231.0,-38203.49,-5022.16,,1,,,,,,,,,,,,,,,*6A


$AIS,0,229630000,0,0.0,11.1,14.992500,55.399834,87.0,85.0,-60258.08,58630.66,,1,,,,,,,,,,,,,,,*4F


$AIS,0,273370640,3,-2.9,0.3,15.354533,54.832352,42.1,343.0,-37863.93,-4772.02,,1,,,,,,,,,,,,,,,*77


$OWN,0,261187000,0,-100000.0,3.3,15.944003,54.876652,181.1,153.0,0.0,0.0,,1,,,,,,,,,,,,,,,*49


$WIND,,,T,,,R*12


$AIS,0,273399760,3,0.2,0.0,15.349280,54.830078,236.2,231.0,-38203.92,-5020.46,,1,,,,,,,,,,,,,,,*6B


$AIS,0,273370640,3,-2.9,0.3,15.354533,54.832352,42.1,343.0,-37864.36,-4770.32,,1,,,,,,,,,,,,,,,*7E


$OWN,0,261187000,0,-100000.0,3.3,15.944014,54.876637,179.3,151.0,0.0,0.0,,1,,,,,,,,,,,,,,,*4B


$WIND,,,T,,,R*12


$AIS,0,273399760,3,0.2,0.0,15.349280,54.830078,236.2,231.0,-38204.59,-5018.76,,1,,,,,,,,,,,,,,,*63


$OWN,0,261187000,0,-100000.0,3.3,15.944023,54.876621,177.4,149.0,0.0,0.0,,1,,,,,,,,,,,,,,,*48


$WIND,,,T,,,R*12


$AIS,0,273399760,3,0.2,0.0,15.349280,54.830078,236.2,231.0,-38205.20,-5017.05,,1,,,,,,,,,,,,,,,*67


$OWN,0,261187000,0,-100000.0,3.3,15.944034,54.876606,175.3,147.0,0.0,0.0,,1,,,,,,,,,,,,,,,*40


$WIND,,,T,,,R*12


$AIS,0,273399760,3,0.2,0.0,15.349280,54.830078,236.2,231.0,-38205.88,-5015.35,,1,,,,,,,,,,,,,,,*64


$OWN,0,261187000,0,-100000.0,3.3,15.944045,54.876591,173.3,146.0,0.0,0.0,,1,,,,,,,,,,,,,,,*4C


$WIND,,,T,,,R*12


$AIS,0,273399760,3,-0.4,0.0,15.349275,54.830082,236.2,231.0,-38206.98,-5013.22,,1,,,,,,,,,,,,,,,*42


$OWN,0,261187000,0,-100000.0,3.3,15.944057,54.876575,171.5,144.0,0.0,0.0,,1,,,,,,,,,,,,,,,*43


$WIND,,,T,,,R*12


$AIS,0,273399760,3,-0.4,0.0,15.349275,54.830082,236.2,231.0,-38207.71,-5011.51,,1,,,,,,,,,,,,,,,*42


$AIS,0,273418880,0,-100000.0,3.2,15.468364,54.812119,348.7,332.0,-30571.27,-7068.80,,1,,,,,,,,,,,,,,,*7E


$OWN,0,261187000,0,-100000.0,3.3,15.944070,54.876560,169.7,141.0,0.0,0.0,,1,,,,,,,,,,,,,,,*4C


$WIND,,,T,,,R*12


$AIS,0,273399760,3,-0.4,0.0,15.349275,54.830082,236.2,231.0,-38208.57,-5009.81,,1,,,,,,,,,,,,,,,*4D


$AIS,0,273418880,0,-100000.0,3.2,15.468364,54.812119,348.7,332.0,-30572.13,-7067.10,,1,,,,,,,,,,,,,,,*7C


$OWN,0,261187000,0,-100000.0,3.3,15.944085,54.876545,167.6,139.0,0.0,0.0,,1,,,,,,,,,,,,,,,*41


$WIND,,,T,,,R*12


$AIS,0,273399760,3,-0.4,0.0,15.349275,54.830082,236.2,231.0,-38209.55,-5008.10,,1,,,,,,,,,,,,,,,*47


$AIS,0,273418880,0,-100000.0,3.2,15.468364,54.812119,348.7,332.0,-30573.11,-7065.39,,1,,,,,,,,,,,,,,,*76


$OWN,0,261187000,0,-100000.0,3.3,15.944100,54.876534,165.8,138.0,0.0,0.0,,1,,,,,,,,,,,,,,,*46


$WIND,,,T,,,R*12


$AIS,0,273399760,3,-0.4,0.0,15.349275,54.830082,236.2,231.0,-38210.53,-5006.82,,1,,,,,,,,,,,,,,,*4C


$AIS,0,273418880,0,-100000.0,3.2,15.468364,54.812119,348.7,332.0,-30574.09,-7064.11,,1,,,,,,,,,,,,,,,*73


$OWN,0,261187000,0,-100000.0,3.3,15.944114,54.876518,164.1,136.0,0.0,0.0,,1,,,,,,,,,,,,,,,*4B


$WIND,,,T,,,R*12


$AIS,0,273399760,3,-0.4,0.0,15.349275,54.830082,236.2,231.0,-38211.39,-5005.11,,1,,,,,,,,,,,,,,,*48


$AIS,0,273418880,0,-100000.0,3.2,15.468364,54.812119,348.7,332.0,-30574.95,-7062.41,,1,,,,,,,,,,,,,,,*75


$OWN,0,261187000,0,-100000.0,3.3,15.944130,54.876507,162.1,136.0,0.0,0.0,,1,,,,,,,,,,,,,,,*45


$WIND,,,T,,,R*12


$AIS,0,273399760,3,-0.4,0.0,15.349275,54.830082,236.2,231.0,-38212.43,-5003.83,,1,,,,,,,,,,,,,,,*4B


$AIS,0,273418880,0,-100000.0,3.2,15.468364,54.812119,348.7,332.0,-30575.99,-7061.13,,1,,,,,,,,,,,,,,,*7C


$OWN,0,261187000,0,-100000.0,3.3,15.944147,54.876492,160.0,134.0,0.0,0.0,,1,,,,,,,,,,,,,,,*49


$WIND,,,T,,,R*12


$AIS,0,273399760,3,-0.4,0.0,15.349275,54.830082,236.2,231.0,-38213.53,-5002.13,,1,,,,,,,,,,,,,,,*43


$AIS,0,273418880,0,-100000.0,3.2,15.468364,54.812119,348.7,332.0,-30577.09,-7059.42,,1,,,,,,,,,,,,,,,*78


$OWN,0,261187000,0,-100000.0,3.3,15.944167,54.876480,158.2,132.0,0.0,0.0,,1,,,,,,,,,,,,,,,*47


$WIND,,,T,,,R*12


$AIS,0,273399760,3,-0.4,0.0,15.349275,54.830082,236.2,231.0,-38214.82,-5000.84,,1,,,,,,,,,,,,,,,*44


$AIS,0,273418880,0,-100000.0,3.2,15.468364,54.812119,348.7,332.0,-30578.38,-7058.14,,1,,,,,,,,,,,,,,,*77


$AIS,0,273370640,3,-3.6,0.3,15.354629,54.832401,28.0,343.0,-37868.72,-4745.67,,1,,,,,,,,,,,,,,,*7E


$OWN,0,261187000,0,-100000.0,3.3,15.944183,54.876465,156.4,130.0,0.0,0.0,,1,,,,,,,,,,,,,,,*4C


$WIND,,,T,,,R*12


$AIS,0,273399760,3,-0.4,0.0,15.349275,54.830082,236.2,231.0,-38215.86,-4999.13,,1,,,,,,,,,,,,,,,*47


$AIS,0,273418880,0,-100000.0,3.2,15.468364,54.812119,348.7,332.0,-30579.42,-7056.44,,1,,,,,,,,,,,,,,,*70


$AIS,0,273370640,3,-3.6,0.3,15.354629,54.832401,28.0,343.0,-37869.77,-4743.96,,1,,,,,,,,,,,,,,,*72


$OWN,0,261187000,0,-100000.0,3.3,15.944183,54.876465,156.4,128.0,0.0,0.0,,1,,,,,,,,,,,,,,,*45


$WIND,,,T,,,R*12


$AIS,0,273399760,3,-0.4,0.0,15.349275,54.830082,236.2,231.0,-38215.86,-4999.13,,1,,,,,,,,,,,,,,,*47


$AIS,0,273418880,0,-100000.0,3.2,15.468364,54.812119,348.7,332.0,-30579.42,-7056.44,,1,,,,,,,,,,,,,,,*70


$AIS,0,273370640,3,-3.6,0.3,15.354629,54.832401,28.0,343.0,-37869.77,-4743.96,,1,,,,,,,,,,,,,,,*72


$OWN,0,261187000,0,-100000.0,3.3,15.944203,54.876453,154.4,127.0,0.0,0.0,,1,,,,,,,,,,,,,,,*46


$WIND,,,T,,,R*12


$AIS,0,273399760,3,-0.4,0.0,15.349272,54.830082,236.2,231.0,-38217.33,-4997.85,,1,,,,,,,,,,,,,,,*4D


$AIS,0,273418880,0,-100000.0,3.2,15.468364,54.812119,348.7,332.0,-30580.71,-7055.15,,1,,,,,,,,,,,,,,,*71


$AIS,0,273370640,3,-3.6,0.3,15.354629,54.832401,28.0,343.0,-37871.05,-4742.67,,1,,,,,,,,,,,,,,,*71


$OWN,0,261187000,0,-100000.0,3.3,15.944223,54.876442,152.5,125.0,0.0,0.0,,1,,,,,,,,,,,,,,,*41


$WIND,,,T,,,R*12


$AIS,0,273399760,3,-0.4,0.0,15.349272,54.830082,236.2,231.0,-38218.62,-4996.56,,1,,,,,,,,,,,,,,,*49


$AIS,0,273370640,3,-3.6,0.3,15.354629,54.832401,28.0,343.0,-37872.34,-4741.39,,1,,,,,,,,,,,,,,,*78


$OWN,0,261187000,0,-100000.0,3.3,15.944243,54.876431,150.9,123.0,0.0,0.0,,1,,,,,,,,,,,,,,,*4B


$WIND,,,T,,,R*12


$AIS,0,273399760,3,-0.4,0.0,15.349272,54.830082,236.2,231.0,-38219.90,-4995.28,,1,,,,,,,,,,,,,,,*4F


$AIS,0,273370640,3,-3.6,0.3,15.354629,54.832401,28.0,343.0,-37873.62,-4740.11,,1,,,,,,,,,,,,,,,*71


$OWN,0,261187000,0,-100000.0,3.3,15.944263,54.876419,149.2,121.0,0.0,0.0,,1,,,,,,,,,,,,,,,*42


$WIND,,,T,,,R*12


$AIS,0,273399760,3,-0.4,0.0,15.349272,54.830082,236.2,231.0,-38221.19,-4993.99,,1,,,,,,,,,,,,,,,*49


$AIS,0,273370640,3,-3.6,0.3,15.354629,54.832401,28.0,343.0,-37874.91,-4738.82,,1,,,,,,,,,,,,,,,*7F


$AIS,0,273418880,0,-100000.0,3.1,15.468265,54.812302,335.9,319.0,-30590.81,-7030.89,,1,,,,,,,,,,,,,,,*7F


$OWN,0,261187000,0,-100000.0,3.3,15.944285,54.876408,147.3,119.0,0.0,0.0,,1,,,,,,,,,,,,,,,*4E


$WIND,,,T,,,R*12


$AIS,0,273399760,3,-0.4,0.0,15.349272,54.830082,236.2,231.0,-38222.60,-4992.71,,1,,,,,,,,,,,,,,,*43


$AIS,0,273370640,3,-3.6,0.3,15.354629,54.832401,28.0,343.0,-37876.32,-4737.54,,1,,,,,,,,,,,,,,,*70


$AIS,0,273418880,0,-100000.0,3.1,15.468265,54.812302,335.9,319.0,-30592.22,-7029.61,,1,,,,,,,,,,,,,,,*7A


$OWN,0,261187000,0,-100000.0,3.3,15.944330,54.876389,143.4,117.0,0.0,0.0,,1,,,,,,,,,,,,,,,*42


$WIND,,,T,,,R*12


$AIS,0,273399760,3,-0.4,0.0,15.349272,54.830082,236.2,231.0,-38225.48,-4990.56,,1,,,,,,,,,,,,,,,*49


$AIS,0,273370640,3,-3.6,0.3,15.354629,54.832401,28.0,343.0,-37879.20,-4735.39,,1,,,,,,,,,,,,,,,*75


$AIS,0,273418880,0,-100000.0,3.1,15.468265,54.812302,335.9,319.0,-30595.10,-7027.46,,1,,,,,,,,,,,,,,,*77


$OWN,0,261187000,0,-100000.0,3.3,15.944377,54.876366,139.7,115.0,0.0,0.0,,1,,,,,,,,,,,,,,,*4C


$WIND,,,T,,,R*12


$AIS,0,273399760,3,-0.4,0.0,15.349272,54.830082,236.2,231.0,-38228.48,-4987.99,,1,,,,,,,,,,,,,,,*41


$AIS,0,273370640,3,-3.6,0.3,15.354629,54.832401,28.0,343.0,-37882.20,-4732.82,,1,,,,,,,,,,,,,,,*76


$AIS,0,273418880,0,-100000.0,3.1,15.468265,54.812302,335.9,319.0,-30598.10,-7024.90,,1,,,,,,,,,,,,,,,*72


$OWN,0,261187000,0,-100000.0,3.3,15.944402,54.876358,137.9,113.0,0.0,0.0,,1,,,,,,,,,,,,,,,*42


$WIND,,,T,,,R*12


$AIS,0,273399760,3,-0.4,0.0,15.349272,54.830082,236.2,231.0,-38230.07,-4987.13,,1,,,,,,,,,,,,,,,*41


$AIS,0,273418880,0,-100000.0,3.1,15.468265,54.812302,335.9,319.0,-30599.69,-7024.04,,1,,,,,,,,,,,,,,,*70


$OWN,0,261187000,0,-100000.0,3.3,15.944427,54.876350,136.1,111.0,0.0,0.0,,1,,,,,,,,,,,,,,,*46


$WIND,,,T,,,R*12


$AIS,0,273399760,3,-0.4,0.0,15.349272,54.830082,236.2,231.0,-38231.66,-4986.27,,1,,,,,,,,,,,,,,,*41


$AIS,0,273418880,0,-100000.0,3.1,15.468265,54.812302,335.9,319.0,-30601.29,-7023.18,,1,,,,,,,,,,,,,,,*7C


$OWN,0,261187000,0,-100000.0,3.3,15.944427,54.876350,136.1,110.0,0.0,0.0,,1,,,,,,,,,,,,,,,*47


$WIND,,,T,,,R*12


$AIS,0,273399760,3,-0.4,0.0,15.349272,54.830082,236.2,231.0,-38233.26,-4985.40,,1,,,,,,,,,,,,,,,*45


$AIS,0,273418880,0,-100000.0,3.1,15.468265,54.812302,335.9,319.0,-30602.88,-7022.32,,1,,,,,,,,,,,,,,,*7D


$OWN,0,261187000,0,-100000.0,3.4,15.944451,54.876343,134.2,108.0,0.0,0.0,,1,,,,,,,,,,,,,,,*4B


$WIND,,,T,,,R*12


$AIS,0,273399760,3,-0.4,0.0,15.349272,54.830082,236.2,231.0,-38234.97,-4984.54,,1,,,,,,,,,,,,,,,*4C


$AIS,0,273418880,0,-100000.0,3.1,15.468265,54.812302,335.9,319.0,-30604.60,-7021.46,,1,,,,,,,,,,,,,,,*7D


$OWN,0,261187000,0,-100000.0,3.3,15.944478,54.876335,132.2,106.0,0.0,0.0,,1,,,,,,,,,,,,,,,*4E


$WIND,,,T,,,R*12


$AIS,0,273418880,0,-100000.0,3.1,15.468265,54.812302,335.9,319.0,-30606.25,-7020.60,,1,,,,,,,,,,,,,,,*7B


$OWN,0,261187000,0,-100000.0,3.3,15.944530,54.876320,128.5,104.0,0.0,0.0,,1,,,,,,,,,,,,,,,*49


$WIND,,,T,,,R*12


$AIS,0,273418880,0,-100000.0,3.1,15.468265,54.812302,335.9,319.0,-30607.91,-7019.74,,1,,,,,,,,,,,,,,,*7A


$OWN,0,261187000,0,-100000.0,3.3,15.944556,54.876316,126.7,102.0,0.0,0.0,,1,,,,,,,,,,,,,,,*46


$WIND,,,T,,,R*12


$AIS,0,273418880,0,-100000.0,3.1,15.468265,54.812302,335.9,319.0,-30609.62,-7019.30,,1,,,,,,,,,,,,,,,*78


$OWN,0,261187000,0,-100000.0,3.3,15.944583,54.876308,125.1,100.0,0.0,0.0,,1,,,,,,,,,,,,,,,*46


$WIND,,,T,,,R*12


$OWN,0,261187000,0,-100000.0,3.3,15.944610,54.876305,123.3,98.0,0.0,0.0,,1,,,,,,,,,,,,,,,*76


$WIND,,,T,,,R*12


$OWN,0,261187000,0,-100000.0,3.3,15.944610,54.876305,123.3,96.0,0.0,0.0,,1,,,,,,,,,,,,,,,*78


$WIND,,,T,,,R*12


$AIS,0,273370640,3,-6.4,0.3,15.354627,54.832413,48.9,343.0,-37898.97,-4724.19,,1,,,,,,,,,,,,,,,*71


$OWN,0,261187000,0,-100000.0,3.3,15.944636,54.876301,121.5,94.0,0.0,0.0,,1,,,,,,,,,,,,,,,*7E


$WIND,,,T,,,R*12


$AIS,0,273370640,3,-6.4,0.3,15.354627,54.832413,48.9,343.0,-37900.81,-4723.32,,1,,,,,,,,,,,,,,,*78


$OWN,0,261187000,0,-100000.0,3.3,15.944665,54.876293,119.6,92.0,0.0,0.0,,1,,,,,,,,,,,,,,,*7C


$WIND,,,T,,,R*12


$AIS,0,273370640,3,-6.4,0.3,15.354627,54.832413,48.9,343.0,-37902.53,-4723.31,,1,,,,,,,,,,,,,,,*76


$OWN,0,261187000,0,-100000.0,3.3,15.944692,54.876293,117.7,90.0,0.0,0.0,,1,,,,,,,,,,,,,,,*79


$WIND,,,T,,,R*12


$AIS,0,273370640,3,-6.4,0.3,15.354627,54.832413,48.9,343.0,-37904.37,-4722.87,,1,,,,,,,,,,,,,,,*7E


$OWN,0,261187000,0,-100000.0,3.3,15.944720,54.876289,115.7,89.0,0.0,0.0,,1,,,,,,,,,,,,,,,*70


$WIND,,,T,,,R*12


$AIS,0,273370640,3,-6.4,0.3,15.354627,54.832413,48.9,343.0,-37906.08,-4722.85,,1,,,,,,,,,,,,,,,*72


$AIS,0,273399760,3,0.4,0.0,15.349277,54.830078,236.2,231.0,-38251.95,-4979.73,,1,,,,,,,,,,,,,,,*67


$OWN,0,261187000,0,-100000.0,3.3,15.944747,54.876289,113.9,87.0,0.0,0.0,,1,,,,,,,,,,,,,,,*77


$WIND,,,T,,,R*12


$AIS,0,273370640,3,-6.4,0.3,15.354627,54.832413,48.9,343.0,-37907.86,-4722.41,,1,,,,,,,,,,,,,,,*7D


$AIS,0,273399760,3,0.4,0.0,15.349277,54.830078,236.2,231.0,-38253.72,-4979.29,,1,,,,,,,,,,,,,,,*63


$OWN,0,261187000,0,-100000.0,3.3,15.944803,54.876286,110.0,85.0,0.0,0.0,,1,,,,,,,,,,,,,,,*7F


$WIND,,,T,,,R*12


$AIS,0,273370640,3,-6.4,0.3,15.354627,54.832413,48.9,343.0,-37909.69,-4722.40,,1,,,,,,,,,,,,,,,*73


$AIS,0,273399760,3,0.4,0.0,15.349277,54.830078,236.2,231.0,-38255.56,-4979.27,,1,,,,,,,,,,,,,,,*6D


$OWN,0,261187000,0,-100000.0,3.3,15.944832,54.876286,108.2,82.0,0.0,0.0,,1,,,,,,,,,,,,,,,*71


$WIND,,,T,,,R*12


$AIS,0,273370640,3,-6.4,0.3,15.354627,54.832413,48.9,343.0,-37911.53,-4722.38,,1,,,,,,,,,,,,,,,*7C


$AIS,0,273399760,3,0.4,0.0,15.349277,54.830078,236.2,231.0,-38257.40,-4979.25,,1,,,,,,,,,,,,,,,*6A


$OWN,0,261187000,0,-100000.0,3.3,15.944860,54.876286,106.4,80.0,0.0,0.0,,1,,,,,,,,,,,,,,,*7C


$WIND,,,T,,,R*12


$AIS,0,273370640,3,-6.4,0.3,15.354627,54.832413,48.9,343.0,-37913.37,-4722.37,,1,,,,,,,,,,,,,,,*73


$AIS,0,273399760,3,0.4,0.0,15.349277,54.830078,236.2,231.0,-38259.24,-4979.24,,1,,,,,,,,,,,,,,,*67


$OWN,0,261187000,0,-100000.0,3.3,15.944886,54.876286,104.5,77.0,0.0,0.0,,1,,,,,,,,,,,,,,,*7F


$WIND,,,T,,,R*12


$AIS,0,273370640,3,-6.4,0.3,15.354627,54.832413,48.9,343.0,-37915.02,-4722.35,,1,,,,,,,,,,,,,,,*71


$AIS,0,273399760,3,0.4,0.0,15.349277,54.830078,236.2,231.0,-38260.89,-4979.23,,1,,,,,,,,,,,,,,,*6D


$OWN,0,261187000,0,-100000.0,3.3,15.944915,54.876286,102.7,74.0,0.0,0.0,,1,,,,,,,,,,,,,,,*73


$WIND,,,T,,,R*12


$AIS,0,273370640,3,-6.4,0.3,15.354627,54.832413,48.9,343.0,-37916.86,-4722.34,,1,,,,,,,,,,,,,,,*7F


$AIS,0,273399760,3,0.4,0.0,15.349277,54.830078,236.2,231.0,-38262.73,-4979.21,,1,,,,,,,,,,,,,,,*68


$OWN,0,261187000,0,-100000.0,3.3,15.944942,54.876286,100.9,73.0,0.0,0.0,,1,,,,,,,,,,,,,,,*7A


$WIND,,,T,,,R*12


$AIS,0,273399760,3,0.4,0.0,15.349277,54.830078,236.2,231.0,-38264.44,-4979.19,,1,,,,,,,,,,,,,,,*61


$OWN,0,261187000,0,-100000.0,3.3,15.944942,54.876286,100.9,73.0,0.0,0.0,,1,,,,,,,,,,,,,,,*7A


$WIND,,,T,,,R*12


$AIS,0,273399760,3,0.4,0.0,15.349277,54.830078,236.2,231.0,-38266.16,-4979.60,,1,,,,,,,,,,,,,,,*6A


$OWN,0,261187000,0,-100000.0,3.3,15.944968,54.876289,99.0,71.0,0.0,0.0,,1,,,,,,,,,,,,,,,*47


$WIND,,,T,,,R*12


$AIS,0,273399760,3,0.4,0.0,15.349277,54.830078,236.2,231.0,-38266.16,-4979.60,,1,,,,,,,,,,,,,,,*6A


$OWN,0,261187000,0,-100000.0,3.3,15.944997,54.876293,97.1,69.0,0.0,0.0,,1,,,,,,,,,,,,,,,*4A


$WIND,,,T,,,R*12


$AIS,0,273399760,3,0.4,0.0,15.349277,54.830078,236.2,231.0,-38268.00,-4980.01,,1,,,,,,,,,,,,,,,*62


$OWN,0,261187000,0,-100000.0,3.3,15.945024,54.876293,95.2,67.0,0.0,0.0,,1,,,,,,,,,,,,,,,*45


$WIND,,,T,,,R*12


$OWN,0,261187000,0,-100000.0,3.3,15.945050,54.876297,93.3,65.0,0.0,0.0,,1,,,,,,,,,,,,,,,*47


$WIND,,,T,,,R*12


$OWN,0,261187000,0,-100000.0,3.3,15.945077,54.876301,91.4,63.0,0.0,0.0,,1,,,,,,,,,,,,,,,*4F


$WIND,,,T,,,R*12


$OWN,0,261187000,0,-100000.0,3.3,15.945102,54.876305,89.6,61.0,0.0,0.0,,1,,,,,,,,,,,,,,,*41


$WIND,,,T,,,R*12


$OWN,0,261187000,0,-100000.0,3.3,15.945128,54.876312,87.7,59.0,0.0,0.0,,1,,,,,,,,,,,,,,,*4B


$WIND,,,T,,,R*12


$OWN,0,261187000,0,-100000.0,3.3,15.945180,54.876320,83.9,57.0,0.0,0.0,,1,,,,,,,,,,,,,,,*4C


$WIND,,,T,,,R*12


$OWN,0,261187000,0,-100000.0,3.2,15.945204,54.876328,82.0,55.0,0.0,0.0,,1,,,,,,,,,,,,,,,*40


$WIND,,,T,,,R*12


$OWN,0,261187000,0,-100000.0,3.2,15.945227,54.876335,80.1,53.0,0.0,0.0,,1,,,,,,,,,,,,,,,*48


$WIND,,,T,,,R*12


$OWN,0,261187000,0,-100000.0,3.2,15.945227,54.876335,80.1,51.0,0.0,0.0,,1,,,,,,,,,,,,,,,*4A


$WIND,,,T,,,R*12


$OWN,0,261187000,0,-100000.0,3.2,15.945251,54.876343,78.2,50.0,0.0,0.0,,1,,,,,,,,,,,,,,,*4F


$WIND,,,T,,,R*12


$OWN,0,261187000,0,-100000.0,3.2,15.945273,54.876350,76.3,48.0,0.0,0.0,,1,,,,,,,,,,,,,,,*4B


$WIND,,,T,,,R*12


$OWN,0,261187000,0,-100000.0,3.2,15.945296,54.876358,74.4,46.0,0.0,0.0,,1,,,,,,,,,,,,,,,*43


$WIND,,,T,,,R*12


$OWN,0,261187000,0,-100000.0,3.2,15.945318,54.876366,72.6,44.0,0.0,0.0,,1,,,,,,,,,,,,,,,*4F


$WIND,,,T,,,R*12


$OWN,0,261187000,0,-100000.0,3.2,15.945340,54.876377,70.7,42.0,0.0,0.0,,1,,,,,,,,,,,,,,,*47


$WIND,,,T,,,R*12


$OWN,0,261187000,0,-100000.0,3.2,15.945362,54.876389,68.9,40.0,0.0,0.0,,1,,,,,,,,,,,,,,,*43


$WIND,,,T,,,R*12


$OWN,0,261187000,0,-100000.0,3.2,15.945382,54.876396,67.0,38.0,0.0,0.0,,1,,,,,,,,,,,,,,,*4A


$WIND,,,T,,,R*12


$OWN,0,261187000,0,-100000.0,3.2,15.945400,54.876404,65.0,36.0,0.0,0.0,,1,,,,,,,,,,,,,,,*47


$WIND,,,T,,,R*12


$OWN,0,261187000,0,-100000.0,3.2,15.945420,54.876415,63.1,34.0,0.0,0.0,,1,,,,,,,,,,,,,,,*40


$WIND,,,T,,,R*12


$OWN,0,261187000,0,-100000.0,3.2,15.945438,54.876427,61.2,32.0,0.0,0.0,,1,,,,,,,,,,,,,,,*4F


$WIND,,,T,,,R*12


$OWN,0,261187000,0,-100000.0,3.2,15.945457,54.876438,59.4,31.0,0.0,0.0,,1,,,,,,,,,,,,,,,*46


$WIND,,,T,,,R*12


$OWN,0,261187000,0,-100000.0,3.2,15.945474,54.876450,57.4,29.0,0.0,0.0,,1,,,,,,,,,,,,,,,*4E


$WIND,,,T,,,R*12


$OWN,0,261187000,0,-100000.0,3.2,15.945490,54.876461,55.5,26.0,0.0,0.0,,1,,,,,,,,,,,,,,,*4A


$WIND,,,T,,,R*12


$OWN,0,261187000,0,-100000.0,3.2,15.945521,54.876484,51.9,25.0,0.0,0.0,,1,,,,,,,,,,,,,,,*41


$WIND,,,T,,,R*12


$OWN,0,261187000,0,-100000.0,3.2,15.945537,54.876499,50.0,23.0,0.0,0.0,,1,,,,,,,,,,,,,,,*44


$WIND,,,T,,,R*12


$OWN,0,261187000,0,-100000.0,3.2,15.945550,54.876511,47.9,21.0,0.0,0.0,,1,,,,,,,,,,,,,,,*49


$WIND,,,T,,,R*12


$OWN,0,261187000,0,-100000.0,3.2,15.945550,54.876511,47.9,21.0,0.0,0.0,,1,,,,,,,,,,,,,,,*49


$WIND,,,T,,,R*12


$OWN,0,261187000,0,-100000.0,3.2,15.945561,54.876526,46.1,19.0,0.0,0.0,,1,,,,,,,,,,,,,,,*4D


$WIND,,,T,,,R*12


$OWN,0,261187000,0,-100000.0,3.2,15.945575,54.876537,44.3,17.0,0.0,0.0,,1,,,,,,,,,,,,,,,*46


$WIND,,,T,,,R*12


$OWN,0,261187000,0,-100000.0,3.2,15.945586,54.876553,42.6,13.0,0.0,0.0,,1,,,,,,,,,,,,,,,*4F


$WIND,,,T,,,R*12


$OWN,0,261187000,0,-100000.0,3.2,15.945599,54.876564,40.6,12.0,0.0,0.0,,1,,,,,,,,,,,,,,,*46


$WIND,,,T,,,R*12


$OWN,0,261187000,0,-100000.0,3.2,15.945608,54.876579,38.8,10.0,0.0,0.0,,1,,,,,,,,,,,,,,,*42


$WIND,,,T,,,R*12


$OWN,0,261187000,0,-100000.0,3.2,15.945617,54.876591,37.1,8.0,0.0,0.0,,1,,,,,,,,,,,,,,,*75


$WIND,,,T,,,R*12


$OWN,0,261187000,0,-100000.0,3.2,15.945625,54.876606,35.2,6.0,0.0,0.0,,1,,,,,,,,,,,,,,,*76


$WIND,,,T,,,R*12


$OWN,0,261187000,0,-100000.0,3.2,15.945633,54.876621,33.4,4.0,0.0,0.0,,1,,,,,,,,,,,,,,,*76


$WIND,,,T,,,R*12


$OWN,0,261187000,0,-100000.0,3.2,15.945640,54.876637,31.7,2.0,0.0,0.0,,1,,,,,,,,,,,,,,,*72


$WIND,,,T,,,R*12


$OWN,0,261187000,0,-100000.0,3.1,15.945646,54.876652,29.9,1.0,0.0,0.0,,1,,,,,,,,,,,,,,,*70


$WIND,,,T,,,R*12


$OWN,0,261187000,0,-100000.0,3.1,15.945652,54.876663,28.1,359.0,0.0,0.0,,1,,,,,,,,,,,,,,,*70


$WIND,,,T,,,R*12


$OWN,0,261187000,0,-100000.0,3.1,15.945655,54.876678,26.1,357.0,0.0,0.0,,1,,,,,,,,,,,,,,,*7D


$WIND,,,T,,,R*12


$OWN,0,261187000,0,-100000.0,3.1,15.945660,54.876694,24.5,357.0,0.0,0.0,,1,,,,,,,,,,,,,,,*7F


$WIND,,,T,,,R*12


$OWN,0,261187000,0,-100000.0,3.2,15.945665,54.876709,23.1,355.0,0.0,0.0,,1,,,,,,,,,,,,,,,*7D


$WIND,,,T,,,R*12


$OWN,0,261187000,0,-100000.0,3.2,15.945668,54.876724,21.4,354.0,0.0,0.0,,1,,,,,,,,,,,,,,,*79


$WIND,,,T,,,R*12


$OWN,0,261187000,0,-100000.0,3.2,15.945670,54.876736,19.8,351.0,0.0,0.0,,1,,,,,,,,,,,,,,,*71


$WIND,,,T,,,R*12


$OWN,0,261187000,0,-100000.0,3.2,15.945670,54.876755,18.0,350.0,0.0,0.0,,1,,,,,,,,,,,,,,,*7C


$WIND,,,T,,,R*12


$OWN,0,261187000,0,-100000.0,3.2,15.945670,54.876770,16.1,348.0,0.0,0.0,,1,,,,,,,,,,,,,,,*7D


$WIND,,,T,,,R*12


$OWN,0,261187000,0,-100000.0,3.2,15.945670,54.876781,14.4,347.0,0.0,0.0,,1,,,,,,,,,,,,,,,*7B


$WIND,,,T,,,R*12


$OWN,0,261187000,0,-100000.0,3.2,15.945670,54.876801,12.9,346.0,0.0,0.0,,1,,,,,,,,,,,,,,,*76


$WIND,,,T,,,R*12


$OWN,0,261187000,0,-100000.0,3.2,15.945668,54.876816,11.3,345.0,0.0,0.0,,1,,,,,,,,,,,,,,,*73


$WIND,,,T,,,R*12


$OWN,0,261187000,0,-100000.0,3.2,15.945666,54.876831,9.6,345.0,0.0,0.0,,1,,,,,,,,,,,,,,,*44


$WIND,,,T,,,R*12


$OWN,0,261187000,0,-100000.0,3.3,15.945663,54.876846,8.0,344.0,0.0,0.0,,1,,,,,,,,,,,,,,,*46


$WIND,,,T,,,R*12


$OWN,0,261187000,0,-100000.0,3.3,15.945660,54.876862,6.5,343.0,0.0,0.0,,1,,,,,,,,,,,,,,,*4F


$WIND,,,T,,,R*12


$OWN,0,261187000,0,-100000.0,3.3,15.945657,54.876881,5.3,342.0,0.0,0.0,,1,,,,,,,,,,,,,,,*42


$WIND,,,T,,,R*12


