


$OWN,0,261187000,0,-100000.0,10.4,15.947846,54.846016,357.7,359.0,0.0,0.0,,5,9161247,SNHA   ,NAWIGATOR XXI       ,99,17,43,4,6,2,5,21,12,0,3.4,SZCZECIN            *61


$WIND,,,T,,,R*12


$OWN,0,261187000,0,0.0,10.4,15.947844,54.846066,357.7,359.0,0.0,0.0,,5,9161247,SNHA   ,NAWIGATOR XXI       ,99,17,43,4,6,2,5,21,12,0,3.4,SZCZECIN            *78


$WIND,,,T,,,R*12


$OWN,0,261187000,0,-100000.0,10.4,15.947839,54.846111,357.5,359.0,0.0,0.0,,5,9161247,SNHA   ,NAWIGATOR XXI       ,99,17,43,4,6,2,5,21,12,0,3.4,SZCZECIN            *6D


$WIND,,,T,,,R*12


$OWN,0,261187000,0,-100000.0,10.4,15.947835,54.846161,357.5,359.0,0.0,0.0,,5,9161247,SNHA   ,NAWIGATOR XXI       ,99,17,43,4,6,2,5,21,12,0,3.4,SZCZECIN            *66


$WIND,,,T,,,R*12


$OWN,0,261187000,0,-100000.0,10.4,15.947830,54.846207,357.5,358.0,0.0,0.0,,5,9161247,SNHA   ,NAWIGATOR XXI       ,99,17,43,4,6,2,5,21,12,0,3.4,SZCZECIN            *61


$WIND,,,T,,,R*12


$OWN,0,261187000,0,-100000.0,10.4,15.947825,54.846256,357.4,358.0,0.0,0.0,,5,9161247,SNHA   ,NAWIGATOR XXI       ,99,17,43,4,6,2,5,21,12,0,3.4,SZCZECIN            *60


$WIND,,,T,,,R*12


$OWN,0,261187000,0,-100000.0,10.4,15.947820,54.846302,357.2,357.0,0.0,0.0,,5,9161247,SNHA   ,NAWIGATOR XXI       ,99,17,43,4,6,2,5,21,12,0,3.4,SZCZECIN            *6C


$WIND,,,T,,,R*12


$OWN,0,261187000,0,-100000.0,10.4,15.947813,54.846352,357.1,356.0,0.0,0.0,,5,9161247,SNHA   ,NAWIGATOR XXI       ,99,17,43,4,6,2,5,21,12,0,3.4,SZCZECIN            *6B


$WIND,,,T,,,R*12


$OWN,0,261187000,0,-100000.0,10.4,15.947806,54.846397,356.8,354.0,0.0,0.0,,5,9161247,SNHA   ,NAWIGATOR XXI       ,99,17,43,4,6,2,5,21,12,0,3.4,SZCZECIN            *6C


$WIND,,,T,,,R*12


$OWN,0,261187000,0,-100000.0,10.4,15.947799,54.846443,356.5,352.0,0.0,0.0,,5,9161247,SNHA   ,NAWIGATOR XXI       ,99,17,43,4,6,2,5,21,12,0,3.4,SZCZECIN            *60


$WIND,,,T,,,R*12


$OWN,0,261187000,0,-100000.0,10.4,15.947788,54.846493,356.2,350.0,0.0,0.0,,5,9161247,SNHA   ,NAWIGATOR XXI       ,99,17,43,4,6,2,5,21,12,0,3.4,SZCZECIN            *68


$WIND,,,T,,,R*12


$OWN,0,261187000,0,-100000.0,10.4,15.947779,54.846539,355.9,348.0,0.0,0.0,,5,9161247,SNHA   ,NAWIGATOR XXI       ,99,17,43,4,6,2,5,21,12,0,3.4,SZCZECIN            *66


$WIND,,,T,,,R*12


$OWN,0,261187000,0,-100000.0,10.3,15.947766,54.846584,355.5,346.0,0.0,0.0,,5,9161247,SNHA   ,NAWIGATOR XXI       ,99,17,43,4,6,2,5,21,12,0,3.4,SZCZECIN            *6B


$WIND,,,T,,,R*12


$OWN,0,261187000,0,-100000.0,10.3,15.947753,54.846630,354.9,343.0,0.0,0.0,,1,,,,,,,,,,,,,,,*7C


$WIND,,,T,,,R*12


$OWN,0,261187000,0,-100000.0,10.2,15.947739,54.846676,354.3,340.0,0.0,0.0,,1,,,,,,,,,,,,,,,*7A


$WIND,,,T,,,R*12


$OWN,0,261187000,0,-100000.0,10.2,15.947720,54.846718,353.5,337.0,0.0,0.0,,1,,,,,,,,,,,,,,,*7A


$WIND,,,T,,,R*12


$OWN,0,261187000,0,-100000.0,10.1,15.947699,54.846760,352.5,334.0,0.0,0.0,,1,,,,,,,,,,,,,,,*77


$WIND,,,T,,,R*12


$OWN,0,261187000,0,-100000.0,10.0,15.947674,54.846802,351.4,331.0,0.0,0.0,,1,,,,,,,,,,,,,,,*79


$WIND,,,T,,,R*12


$OWN,0,261187000,0,-100000.0,9.9,15.947645,54.846840,350.2,327.0,0.0,0.0,,1,,,,,,,,,,,,,,,*4C


$WIND,,,T,,,R*12


$OWN,0,261187000,0,-100000.0,9.8,15.947615,54.846878,348.9,324.0,0.0,0.0,,1,,,,,,,,,,,,,,,*42


$WIND,,,T,,,R*12


$OWN,0,261187000,0,-100000.0,9.6,15.947583,54.846916,347.4,321.0,0.0,0.0,,1,,,,,,,,,,,,,,,*4E


$WIND,,,T,,,R*12


$AIS,0,273418880,0,0.0,0.3,15.462870,54.811932,99.5,92.0,-31148.88,-3788.66,,1,,,,,,,,,,,,,,,*6D


$OWN,0,261187000,0,-100000.0,9.5,15.947548,54.846947,345.9,317.0,0.0,0.0,,1,,,,,,,,,,,,,,,*44


$WIND,,,T,,,R*12


$AIS,0,273418880,0,0.0,0.3,15.462870,54.811932,99.5,92.0,-31148.88,-3788.66,,1,,,,,,,,,,,,,,,*6D


$OWN,0,261187000,0,-100000.0,9.5,15.947548,54.846947,345.9,314.0,0.0,0.0,,1,,,,,,,,,,,,,,,*47


$WIND,,,T,,,R*12


$AIS,0,273418880,0,0.0,0.3,15.462870,54.811932,99.5,92.0,-31146.55,-3792.50,,1,,,,,,,,,,,,,,,*6D


$OWN,0,261187000,0,-100000.0,9.3,15.947512,54.846981,344.2,311.0,0.0,0.0,,1,,,,,,,,,,,,,,,*4B


$WIND,,,T,,,R*12


$AIS,0,273418880,0,0.0,0.3,15.462870,54.811932,99.5,92.0,-31143.98,-3795.91,,1,,,,,,,,,,,,,,,*63


$OWN,0,261187000,0,-100000.0,9.2,15.947472,54.847012,342.3,307.0,0.0,0.0,,1,,,,,,,,,,,,,,,*4F


$WIND,,,T,,,R*12


$AIS,0,273418880,0,0.0,0.3,15.462870,54.811932,99.5,92.0,-31141.28,-3798.90,,1,,,,,,,,,,,,,,,*66


$OWN,0,261187000,0,-100000.0,9.0,15.947430,54.847038,340.4,304.0,0.0,0.0,,1,,,,,,,,,,,,,,,*45


$WIND,,,T,,,R*12


$AIS,0,273418880,0,0.0,0.3,15.462870,54.811932,99.5,92.0,-31138.52,-3801.47,,1,,,,,,,,,,,,,,,*60


$OWN,0,261187000,0,-100000.0,8.8,15.947387,54.847061,338.4,301.0,0.0,0.0,,1,,,,,,,,,,,,,,,*41


$WIND,,,T,,,R*12


$AIS,0,273418880,0,0.0,0.3,15.462870,54.811932,99.5,92.0,-31135.64,-3804.04,,1,,,,,,,,,,,,,,,*6A


$OWN,0,261187000,0,-100000.0,8.6,15.947342,54.847084,336.4,297.0,0.0,0.0,,1,,,,,,,,,,,,,,,*4D


$WIND,,,T,,,R*12


$AIS,0,273418880,0,0.0,0.3,15.462870,54.811932,99.5,92.0,-31132.76,-3806.60,,1,,,,,,,,,,,,,,,*6E


$OWN,0,261187000,0,-100000.0,8.4,15.947297,54.847107,334.3,294.0,0.0,0.0,,1,,,,,,,,,,,,,,,*4A


$WIND,,,T,,,R*12


$AIS,0,273418880,0,0.0,0.3,15.462870,54.811932,99.5,92.0,-31129.82,-3808.74,,1,,,,,,,,,,,,,,,*64


$OWN,0,261187000,0,-100000.0,8.0,15.947206,54.847145,330.0,291.0,0.0,0.0,,1,,,,,,,,,,,,,,,*42


$WIND,,,T,,,R*12


$AIS,0,273418880,0,0.0,0.3,15.462870,54.811932,99.5,92.0,-31126.94,-3810.89,,1,,,,,,,,,,,,,,,*67


$OWN,0,261187000,0,-100000.0,7.8,15.947160,54.847160,327.8,288.0,0.0,0.0,,1,,,,,,,,,,,,,,,*47


$WIND,,,T,,,R*12


$AIS,0,273399760,3,-0.0,0.0,15.349435,54.830139,234.0,231.0,-38396.71,-1730.33,,1,,,,,,,,,,,,,,,*48


$OWN,0,261187000,0,-100000.0,7.6,15.947113,54.847176,325.5,285.0,0.0,0.0,,1,,,,,,,,,,,,,,,*48


$WIND,,,T,,,R*12


$AIS,0,273399760,3,-0.0,0.0,15.349435,54.830139,234.0,231.0,-38393.71,-1732.05,,1,,,,,,,,,,,,,,,*4A


$OWN,0,261187000,0,-100000.0,7.4,15.947066,54.847187,323.1,279.0,0.0,0.0,,1,,,,,,,,,,,,,,,*46


$WIND,,,T,,,R*12


$AIS,0,273399760,3,-0.0,0.0,15.349435,54.830139,234.0,231.0,-38390.71,-1733.35,,1,,,,,,,,,,,,,,,*4B


$OWN,0,261187000,0,-100000.0,7.2,15.947020,54.847198,320.7,276.0,0.0,0.0,,1,,,,,,,,,,,,,,,*46


$WIND,,,T,,,R*12


$AIS,0,273399760,3,-0.0,0.0,15.349435,54.830139,234.0,231.0,-38387.70,-1734.65,,1,,,,,,,,,,,,,,,*4E


$OWN,0,261187000,0,-100000.0,7.0,15.946975,54.847210,318.2,273.0,0.0,0.0,,1,,,,,,,,,,,,,,,*44


$WIND,,,T,,,R*12


$AIS,0,273399760,3,-0.0,0.0,15.349435,54.830139,234.0,231.0,-38384.83,-1735.95,,1,,,,,,,,,,,,,,,*4F


$OWN,0,261187000,0,-100000.0,6.8,15.946930,54.847214,315.7,270.0,0.0,0.0,,1,,,,,,,,,,,,,,,*43


$WIND,,,T,,,R*12


$AIS,0,273399760,3,-0.0,0.0,15.349435,54.830139,234.0,231.0,-38381.95,-1736.39,,1,,,,,,,,,,,,,,,*48


$OWN,0,261187000,0,-100000.0,6.8,15.946930,54.847214,315.7,270.0,0.0,0.0,,1,,,,,,,,,,,,,,,*43


$WIND,,,T,,,R*12


$AIS,0,273399760,3,-0.0,0.0,15.349435,54.830139,234.0,231.0,-38381.95,-1736.39,,1,,,,,,,,,,,,,,,*48


$OWN,0,261187000,0,-100000.0,6.6,15.946883,54.847221,313.2,267.0,0.0,0.0,,1,,,,,,,,,,,,,,,*47


$WIND,,,T,,,R*12


$AIS,0,273399760,3,-0.0,0.0,15.349435,54.830139,234.0,231.0,-38378.94,-1737.27,,1,,,,,,,,,,,,,,,*41


$OWN,0,261187000,0,-100000.0,6.5,15.946840,54.847225,310.6,264.0,0.0,0.0,,1,,,,,,,,,,,,,,,*4B


$WIND,,,T,,,R*12


$AIS,0,273399760,3,-0.0,0.0,15.349435,54.830139,234.0,231.0,-38376.19,-1737.72,,1,,,,,,,,,,,,,,,*4A


$OWN,0,261187000,0,-100000.0,6.1,15.946752,54.847233,305.4,261.0,0.0,0.0,,1,,,,,,,,,,,,,,,*47


$WIND,,,T,,,R*12


$AIS,0,273399760,3,-0.0,0.0,15.349435,54.830139,234.0,231.0,-38370.49,-1738.62,,1,,,,,,,,,,,,,,,*47


$AIS,0,273397740,3,0.0,0.0,15.343384,54.833599,162.2,246.0,-38755.88,-1350.29,,1,,,,,,,,,,,,,,,*65


$OWN,0,261187000,0,-100000.0,6.0,15.946709,54.847233,302.9,258.0,0.0,0.0,,1,,,,,,,,,,,,,,,*48


$WIND,,,T,,,R*12


$AIS,0,273397740,3,0.0,0.0,15.343384,54.833599,162.2,246.0,-38753.12,-1350.31,,1,,,,,,,,,,,,,,,*69


$AIS,0,273418880,0,0.0,0.3,15.462927,54.811920,105.0,93.0,-31091.28,-3822.17,,1,,,,,,,,,,,,,,,*5B


$OWN,0,261187000,0,-100000.0,5.8,15.946667,54.847233,300.2,256.0,0.0,0.0,,1,,,,,,,,,,,,,,,*4D


$WIND,,,T,,,R*12


$AIS,0,273397740,3,0.0,0.0,15.343384,54.833599,162.2,246.0,-38750.43,-1350.33,,1,,,,,,,,,,,,,,,*6C


$AIS,0,273418880,0,0.0,0.3,15.462927,54.811920,105.0,93.0,-31088.58,-3822.19,,1,,,,,,,,,,,,,,,*5A


$OWN,0,261187000,0,-100000.0,5.7,15.946625,54.847233,297.6,253.0,0.0,0.0,,1,,,,,,,,,,,,,,,*4A


$WIND,,,T,,,R*12


$AIS,0,273397740,3,0.0,0.0,15.343384,54.833599,162.2,246.0,-38747.73,-1350.36,,1,,,,,,,,,,,,,,,*6C


$AIS,0,273418880,0,0.0,0.3,15.462927,54.811920,105.0,93.0,-31085.89,-3822.21,,1,,,,,,,,,,,,,,,*50


$OWN,0,261187000,0,-100000.0,5.7,15.946625,54.847233,297.6,250.0,0.0,0.0,,1,,,,,,,,,,,,,,,*49


$WIND,,,T,,,R*12


$AIS,0,273397740,3,0.0,0.0,15.343384,54.833599,162.2,246.0,-38747.73,-1350.36,,1,,,,,,,,,,,,,,,*6C


$AIS,0,273418880,0,0.0,0.3,15.462927,54.811920,105.0,93.0,-31085.89,-3822.21,,1,,,,,,,,,,,,,,,*50


$OWN,0,261187000,0,-100000.0,5.6,15.946585,54.847229,295.0,248.0,0.0,0.0,,1,,,,,,,,,,,,,,,*47


$WIND,,,T,,,R*12


$AIS,0,273397740,3,0.0,0.0,15.343384,54.833599,162.2,246.0,-38745.16,-1349.95,,1,,,,,,,,,,,,,,,*6C


$AIS,0,273418880,0,0.0,0.3,15.462927,54.811920,105.0,93.0,-31083.31,-3821.80,,1,,,,,,,,,,,,,,,*5D


$OWN,0,261187000,0,-100000.0,5.5,15.946545,54.847225,292.2,245.0,0.0,0.0,,1,,,,,,,,,,,,,,,*4C


$WIND,,,T,,,R*12


$AIS,0,273397740,3,0.0,0.0,15.343384,54.833599,162.2,246.0,-38740.14,-1349.15,,1,,,,,,,,,,,,,,,*63


$AIS,0,273418880,0,0.0,0.3,15.462927,54.811920,105.0,93.0,-31078.29,-3820.99,,1,,,,,,,,,,,,,,,*59


$OWN,0,261187000,0,-100000.0,5.3,15.946507,54.847221,289.6,242.0,0.0,0.0,,1,,,,,,,,,,,,,,,*41


$WIND,,,T,,,R*12


$AIS,0,273397740,3,0.0,0.0,15.343384,54.833599,162.2,246.0,-38735.42,-1347.92,,1,,,,,,,,,,,,,,,*63


$AIS,0,273418880,0,0.0,0.3,15.462927,54.811920,105.0,93.0,-31073.57,-3819.75,,1,,,,,,,,,,,,,,,*53


$OWN,0,261187000,0,-100000.0,5.1,15.946433,54.847210,284.1,240.0,0.0,0.0,,1,,,,,,,,,,,,,,,*4F


$WIND,,,T,,,R*12


$AIS,0,273397740,3,0.0,0.0,15.343384,54.833599,162.2,246.0,-38733.09,-1347.09,,1,,,,,,,,,,,,,,,*68


$AIS,0,273418880,0,0.0,0.3,15.462927,54.811920,105.0,93.0,-31071.24,-3818.91,,1,,,,,,,,,,,,,,,*5E


$OWN,0,261187000,0,-100000.0,5.0,15.946397,54.847202,281.3,237.0,0.0,0.0,,1,,,,,,,,,,,,,,,*43


$WIND,,,T,,,R*12


$AIS,0,273397740,3,0.0,0.0,15.343384,54.833599,162.2,246.0,-38730.95,-1346.26,,1,,,,,,,,,,,,,,,*62


$AIS,0,273418880,0,0.0,0.3,15.462927,54.811920,105.0,93.0,-31069.09,-3818.08,,1,,,,,,,,,,,,,,,*58


$OWN,0,261187000,0,-100000.0,4.9,15.946363,54.847195,278.4,235.0,0.0,0.0,,1,,,,,,,,,,,,,,,*4E


$WIND,,,T,,,R*12


$AIS,0,273418880,0,0.0,0.3,15.462927,54.811920,105.0,93.0,-31066.95,-3816.82,,1,,,,,,,,,,,,,,,*5E


$OWN,0,261187000,0,-100000.0,4.8,15.946330,54.847183,275.7,232.0,0.0,0.0,,1,,,,,,,,,,,,,,,*47


$WIND,,,T,,,R*12


$AIS,0,273418880,0,0.0,0.3,15.462927,54.811920,105.0,93.0,-31064.92,-3815.98,,1,,,,,,,,,,,,,,,*53


$AIS,0,273399760,3,0.0,0.0,15.349433,54.830139,234.0,231.0,-38341.51,-1732.49,,1,,,,,,,,,,,,,,,*64


$OWN,0,261187000,0,-100000.0,4.7,15.946299,54.847176,272.9,229.0,0.0,0.0,,1,,,,,,,,,,,,,,,*43


$WIND,,,T,,,R*12


$AIS,0,273399760,3,0.0,0.0,15.349433,54.830139,234.0,231.0,-38339.49,-1731.24,,1,,,,,,,,,,,,,,,*6A


$OWN,0,261187000,0,-100000.0,4.6,15.946267,54.847164,270.1,227.0,0.0,0.0,,1,,,,,,,,,,,,,,,*44


$WIND,,,T,,,R*12


$AIS,0,273399760,3,0.0,0.0,15.349433,54.830139,234.0,231.0,-38339.49,-1731.24,,1,,,,,,,,,,,,,,,*6A


$OWN,0,261187000,0,-100000.0,4.5,15.946237,54.847153,267.5,224.0,0.0,0.0,,1,,,,,,,,,,,,,,,*47


$WIND,,,T,,,R*12


$AIS,0,273399760,3,0.0,0.0,15.349433,54.830139,234.0,231.0,-38337.53,-1729.98,,1,,,,,,,,,,,,,,,*61


$OWN,0,261187000,0,-100000.0,4.4,15.946208,54.847145,264.8,222.0,0.0,0.0,,1,,,,,,,,,,,,,,,*45


$WIND,,,T,,,R*12


$AIS,0,273399760,3,0.0,0.0,15.349433,54.830139,234.0,231.0,-38335.69,-1729.15,,1,,,,,,,,,,,,,,,*6F


$OWN,0,261187000,0,-100000.0,4.3,15.946155,54.847118,259.1,217.0,0.0,0.0,,1,,,,,,,,,,,,,,,*40


$WIND,,,T,,,R*12


$AIS,0,273399760,3,0.0,0.0,15.349433,54.830139,234.0,231.0,-38332.26,-1726.21,,1,,,,,,,,,,,,,,,*6B


$OWN,0,261187000,0,-100000.0,4.2,15.946130,54.847103,256.3,214.0,0.0,0.0,,1,,,,,,,,,,,,,,,*46


$WIND,,,T,,,R*12


$AIS,0,273399760,3,0.0,0.0,15.349433,54.830139,234.0,231.0,-38330.67,-1724.52,,1,,,,,,,,,,,,,,,*6A


$OWN,0,261187000,0,-100000.0,4.2,15.946107,54.847092,253.6,212.0,0.0,0.0,,1,,,,,,,,,,,,,,,*4D


$WIND,,,T,,,R*12


$AIS,0,273399760,3,0.0,0.0,15.349433,54.830139,234.0,231.0,-38329.20,-1723.26,,1,,,,,,,,,,,,,,,*65


$OWN,0,261187000,0,-100000.0,4.1,15.946085,54.847076,250.8,209.0,0.0,0.0,,1,,,,,,,,,,,,,,,*48


$WIND,,,T,,,R*12


$AIS,0,273399760,3,0.0,0.0,15.349433,54.830139,234.0,231.0,-38327.79,-1721.57,,1,,,,,,,,,,,,,,,*63


$OWN,0,261187000,0,-100000.0,4.1,15.946085,54.847076,250.8,209.0,0.0,0.0,,1,,,,,,,,,,,,,,,*48


$WIND,,,T,,,R*12


$AIS,0,273399760,3,0.0,0.0,15.349433,54.830139,234.0,231.0,-38326.38,-1719.89,,1,,,,,,,,,,,,,,,*6F


$OWN,0,261187000,0,-100000.0,4.0,15.946063,54.847061,247.9,207.0,0.0,0.0,,1,,,,,,,,,,,,,,,*4E


$WIND,,,T,,,R*12


$OWN,0,261187000,0,-100000.0,4.0,15.946043,54.847046,245.1,204.0,0.0,0.0,,1,,,,,,,,,,,,,,,*40


$WIND,,,T,,,R*12


$OWN,0,261187000,0,-100000.0,3.9,15.946027,54.847031,242.2,202.0,0.0,0.0,,1,,,,,,,,,,,,,,,*4E


$WIND,,,T,,,R*12


$OWN,0,261187000,0,-100000.0,3.9,15.946010,54.847012,239.5,199.0,0.0,0.0,,1,,,,,,,,,,,,,,,*41


$WIND,,,T,,,R*12


$OWN,0,261187000,0,-100000.0,3.8,15.945995,54.846996,236.6,197.0,0.0,0.0,,1,,,,,,,,,,,,,,,*41


$WIND,,,T,,,R*12


$AIS,0,273418870,0,0.0,0.4,15.285952,54.828602,109.9,53.0,-42401.51,-1847.22,,1,,,,,,,,,,,,,,,*52


$OWN,0,261187000,0,-100000.0,3.8,15.945967,54.846962,231.0,194.0,0.0,0.0,,1,,,,,,,,,,,,,,,*45


$WIND,,,T,,,R*12


$AIS,0,273418870,0,0.0,0.4,15.285952,54.828602,109.9,53.0,-42399.67,-1843.41,,1,,,,,,,,,,,,,,,*50


$AIS,0,273370640,3,-6.4,0.0,15.353113,54.831707,,343.0,-38082.31,-1536.45,,1,,,,,,,,,,,,,,,*66


$OWN,0,261187000,0,-100000.0,3.7,15.945955,54.846947,228.1,192.0,0.0,0.0,,1,,,,,,,,,,,,,,,*43


$WIND,,,T,,,R*12


$AIS,0,273418870,0,0.0,0.4,15.285952,54.828602,109.9,53.0,-42398.93,-1841.72,,1,,,,,,,,,,,,,,,*58


$AIS,0,273370640,3,-6.4,0.0,15.353113,54.831707,,343.0,-38081.58,-1534.76,,1,,,,,,,,,,,,,,,*68


$OWN,0,261187000,0,-100000.0,3.7,15.945947,54.846928,225.3,189.0,0.0,0.0,,1,,,,,,,,,,,,,,,*4C


$WIND,,,T,,,R*12


$AIS,0,273418870,0,0.0,0.4,15.285952,54.828602,109.9,53.0,-42398.38,-1839.61,,1,,,,,,,,,,,,,,,*54


$AIS,0,273370640,3,-6.4,0.0,15.353113,54.831707,,343.0,-38081.02,-1532.64,,1,,,,,,,,,,,,,,,*62


$OWN,0,261187000,0,-100000.0,3.7,15.945938,54.846909,222.5,186.0,0.0,0.0,,1,,,,,,,,,,,,,,,*49


$WIND,,,T,,,R*12


$AIS,0,273418870,0,0.0,0.4,15.285952,54.828602,109.9,53.0,-42397.83,-1837.49,,1,,,,,,,,,,,,,,,*5F


$AIS,0,273370640,3,-6.4,0.0,15.353113,54.831707,,343.0,-38080.47,-1530.52,,1,,,,,,,,,,,,,,,*65


$OWN,0,261187000,0,-100000.0,3.7,15.945938,54.846909,222.5,184.0,0.0,0.0,,1,,,,,,,,,,,,,,,*4B


$WIND,,,T,,,R*12


$AIS,0,273418870,0,0.0,0.4,15.285952,54.828602,109.9,53.0,-42397.28,-1835.80,,1,,,,,,,,,,,,,,,*59


$AIS,0,273370640,3,-6.4,0.0,15.353113,54.831707,,343.0,-38079.92,-1528.83,,1,,,,,,,,,,,,,,,*6E


$OWN,0,261187000,0,-100000.0,3.6,15.945930,54.846893,219.7,181.0,0.0,0.0,,1,,,,,,,,,,,,,,,*4F


$WIND,,,T,,,R*12


$AIS,0,273418870,0,0.0,0.4,15.285952,54.828602,109.9,53.0,-42396.97,-1833.68,,1,,,,,,,,,,,,,,,*5C


$AIS,0,273370640,3,-6.4,0.0,15.353113,54.831707,,343.0,-38079.62,-1526.71,,1,,,,,,,,,,,,,,,*62


$AIS,0,273399760,3,-0.2,0.0,15.349445,54.830151,234.0,231.0,-38316.69,-1697.90,,1,,,,,,,,,,,,,,,*47


$OWN,0,261187000,0,-100000.0,3.6,15.945925,54.846874,216.9,179.0,0.0,0.0,,1,,,,,,,,,,,,,,,*44


$WIND,,,T,,,R*12


$AIS,0,273418870,0,0.0,0.4,15.285952,54.828602,109.9,53.0,-42396.67,-1831.56,,1,,,,,,,,,,,,,,,*5C


$AIS,0,273370640,3,-6.4,0.0,15.353113,54.831707,,343.0,-38079.31,-1524.59,,1,,,,,,,,,,,,,,,*6C


$AIS,0,273399760,3,-0.2,0.0,15.349445,54.830151,234.0,231.0,-38316.39,-1695.78,,1,,,,,,,,,,,,,,,*46


$OWN,0,261187000,0,-100000.0,3.6,15.945920,54.846855,214.2,176.0,0.0,0.0,,1,,,,,,,,,,,,,,,*44


$WIND,,,T,,,R*12


$AIS,0,273418870,0,0.0,0.4,15.285952,54.828602,109.9,53.0,-42396.48,-1829.86,,1,,,,,,,,,,,,,,,*55


$AIS,0,273370640,3,-6.4,0.0,15.353113,54.831707,,343.0,-38079.13,-1522.89,,1,,,,,,,,,,,,,,,*67


$AIS,0,273399760,3,-0.2,0.0,15.349445,54.830151,234.0,231.0,-38316.20,-1694.08,,1,,,,,,,,,,,,,,,*48


$OWN,0,261187000,0,-100000.0,3.6,15.945917,54.846840,211.5,174.0,0.0,0.0,,1,,,,,,,,,,,,,,,*44


$WIND,,,T,,,R*12


$AIS,0,273418870,0,0.0,0.4,15.285952,54.828602,109.9,53.0,-42396.36,-1827.74,,1,,,,,,,,,,,,,,,*5F


$AIS,0,273370640,3,-6.4,0.0,15.353113,54.831707,,343.0,-38079.00,-1520.77,,1,,,,,,,,,,,,,,,*66


$AIS,0,273399760,3,-0.2,0.0,15.349445,54.830151,234.0,231.0,-38316.08,-1691.96,,1,,,,,,,,,,,,,,,*40


$OWN,0,261187000,0,-100000.0,3.6,15.945915,54.846821,208.7,172.0,0.0,0.0,,1,,,,,,,,,,,,,,,*4D


$WIND,,,T,,,R*12


$AIS,0,273418870,0,0.0,0.4,15.285952,54.828602,109.9,53.0,-42396.24,-1825.62,,1,,,,,,,,,,,,,,,*59


$AIS,0,273370640,3,-6.4,0.0,15.353113,54.831707,,343.0,-38078.88,-1518.65,,1,,,,,,,,,,,,,,,*6F


$AIS,0,273399760,3,-0.2,0.0,15.349445,54.830151,234.0,231.0,-38315.96,-1689.84,,1,,,,,,,,,,,,,,,*4E


$OWN,0,261187000,0,-100000.0,3.5,15.945915,54.846783,203.4,169.0,0.0,0.0,,1,,,,,,,,,,,,,,,*4B


$WIND,,,T,,,R*12


$AIS,0,273370640,3,-6.4,0.0,15.353113,54.831707,,343.0,-38079.00,-1516.53,,1,,,,,,,,,,,,,,,*65


$AIS,0,273399760,3,-0.2,0.0,15.349445,54.830151,234.0,231.0,-38316.08,-1687.72,,1,,,,,,,,,,,,,,,*4D


$OWN,0,261187000,0,-100000.0,3.5,15.945917,54.846767,200.6,167.0,0.0,0.0,,1,,,,,,,,,,,,,,,*4C


$WIND,,,T,,,R*12


$AIS,0,273399760,3,-0.2,0.0,15.349445,54.830151,234.0,231.0,-38316.20,-1686.02,,1,,,,,,,,,,,,,,,*41


$OWN,0,261187000,0,-100000.0,3.5,15.945922,54.846748,197.8,164.0,0.0,0.0,,1,,,,,,,,,,,,,,,*47


$WIND,,,T,,,R*12


$AIS,0,273399760,3,-0.2,0.0,15.349445,54.830151,234.0,231.0,-38316.51,-1683.89,,1,,,,,,,,,,,,,,,*41


$AIS,0,273212470,3,0.0,0.0,15.326235,54.826252,184.8,251.0,-39811.32,-2104.77,,1,,,,,,,,,,,,,,,*65


$OWN,0,261187000,0,-100000.0,3.5,15.945925,54.846733,195.2,162.0,0.0,0.0,,1,,,,,,,,,,,,,,,*42


$WIND,,,T,,,R*12


$AIS,0,273399760,3,-0.2,0.0,15.349445,54.830151,234.0,231.0,-38316.69,-1682.19,,1,,,,,,,,,,,,,,,*42


$AIS,0,273212470,3,0.0,0.0,15.326235,54.826252,184.8,251.0,-39811.51,-2103.07,,1,,,,,,,,,,,,,,,*60


$OWN,0,261187000,0,-100000.0,3.5,15.945925,54.846733,195.2,159.0,0.0,0.0,,1,,,,,,,,,,,,,,,*4A


$WIND,,,T,,,R*12


$AIS,0,273399760,3,-0.2,0.0,15.349445,54.830151,234.0,231.0,-38316.69,-1682.19,,1,,,,,,,,,,,,,,,*42


$AIS,0,273212470,3,0.0,0.0,15.326235,54.826252,184.8,251.0,-39811.51,-2103.07,,1,,,,,,,,,,,,,,,*60


$AIS,0,273397740,3,0.0,0.0,15.343384,54.833599,162.2,246.0,-38702.77,-1295.14,,1,,,,,,,,,,,,,,,*61


$OWN,0,261187000,0,-100000.0,3.5,15.945931,54.846714,192.5,157.0,0.0,0.0,,1,,,,,,,,,,,,,,,*44


$WIND,,,T,,,R*12


$AIS,0,273212470,3,0.0,0.0,15.326235,54.826252,184.8,251.0,-39811.94,-2100.94,,1,,,,,,,,,,,,,,,*60


$AIS,0,273397740,3,0.0,0.0,15.343384,54.833599,162.2,246.0,-38703.20,-1293.01,,1,,,,,,,,,,,,,,,*60


$AIS,0,273418880,0,0.0,0.4,15.463035,54.811909,91.7,93.0,-31034.41,-3766.11,,1,,,,,,,,,,,,,,,*6E


$OWN,0,261187000,0,-100000.0,3.5,15.945940,54.846695,189.8,155.0,0.0,0.0,,1,,,,,,,,,,,,,,,*4F


$WIND,,,T,,,R*12


$AIS,0,273212470,3,0.0,0.0,15.326235,54.826252,184.8,251.0,-39813.04,-2097.11,,1,,,,,,,,,,,,,,,*69


$AIS,0,273397740,3,0.0,0.0,15.343384,54.833599,162.2,246.0,-38704.30,-1289.18,,1,,,,,,,,,,,,,,,*65


$AIS,0,273418880,0,0.0,0.4,15.463035,54.811909,91.7,93.0,-31035.51,-3762.28,,1,,,,,,,,,,,,,,,*60


$OWN,0,261187000,0,-100000.0,3.5,15.945949,54.846680,187.1,155.0,0.0,0.0,,1,,,,,,,,,,,,,,,*45


$WIND,,,T,,,R*12


$AIS,0,273212470,3,0.0,0.0,15.326235,54.826252,184.8,251.0,-39813.65,-2094.99,,1,,,,,,,,,,,,,,,*6D


$AIS,0,273397740,3,0.0,0.0,15.343384,54.833599,162.2,246.0,-38704.91,-1287.05,,1,,,,,,,,,,,,,,,*6C


$AIS,0,273418880,0,0.0,0.4,15.463035,54.811909,91.7,93.0,-31036.13,-3760.15,,1,,,,,,,,,,,,,,,*69


$OWN,0,261187000,0,-100000.0,3.5,15.945958,54.846661,184.6,152.0,0.0,0.0,,1,,,,,,,,,,,,,,,*49


$WIND,,,T,,,R*12


$AIS,0,273212470,3,0.0,0.0,15.326235,54.826252,184.8,251.0,-39814.33,-2092.86,,1,,,,,,,,,,,,,,,*61


$AIS,0,273397740,3,0.0,0.0,15.343384,54.833599,162.2,246.0,-38705.59,-1284.92,,1,,,,,,,,,,,,,,,*64


$AIS,0,273418880,0,0.0,0.4,15.463035,54.811909,91.7,93.0,-31036.80,-3758.02,,1,,,,,,,,,,,,,,,*6E


$AIS,0,273418870,0,0.0,0.3,15.286043,54.828575,109.3,54.0,-42393.94,-1810.78,,1,,,,,,,,,,,,,,,*59


$OWN,0,261187000,0,-100000.0,3.5,15.945969,54.846642,182.1,150.0,0.0,0.0,,1,,,,,,,,,,,,,,,*49


$WIND,,,T,,,R*12


$AIS,0,273212470,3,0.0,0.0,15.326235,54.826252,184.8,251.0,-39815.06,-2091.58,,1,,,,,,,,,,,,,,,*66


$AIS,0,273397740,3,0.0,0.0,15.343384,54.833599,162.2,246.0,-38706.32,-1283.64,,1,,,,,,,,,,,,,,,*64


$AIS,0,273418880,0,0.0,0.4,15.463035,54.811909,91.7,93.0,-31037.54,-3756.75,,1,,,,,,,,,,,,,,,*68


$AIS,0,273418870,0,0.0,0.3,15.286043,54.828575,109.3,54.0,-42394.67,-1809.50,,1,,,,,,,,,,,,,,,*50


$OWN,0,261187000,0,-100000.0,3.5,15.945995,54.846611,176.9,145.0,0.0,0.0,,1,,,,,,,,,,,,,,,*4B


$WIND,,,T,,,R*12


$AIS,0,273212470,3,0.0,0.0,15.326235,54.826252,184.8,251.0,-39816.04,-2089.45,,1,,,,,,,,,,,,,,,*62


$AIS,0,273397740,3,0.0,0.0,15.343384,54.833599,162.2,246.0,-38707.30,-1281.51,,1,,,,,,,,,,,,,,,*63


$AIS,0,273418880,0,0.0,0.4,15.463035,54.811909,91.7,93.0,-31038.52,-3754.62,,1,,,,,,,,,,,,,,,*65


$AIS,0,273418870,0,0.0,0.3,15.286043,54.828575,109.3,54.0,-42395.65,-1807.37,,1,,,,,,,,,,,,,,,*5C


$OWN,0,261187000,0,-100000.0,3.5,15.946009,54.846596,174.4,143.0,0.0,0.0,,1,,,,,,,,,,,,,,,*41


$WIND,,,T,,,R*12


$AIS,0,273212470,3,0.0,0.0,15.326235,54.826252,184.8,251.0,-39816.90,-2087.74,,1,,,,,,,,,,,,,,,*63


$AIS,0,273397740,3,0.0,0.0,15.343384,54.833599,162.2,246.0,-38708.16,-1279.81,,1,,,,,,,,,,,,,,,*62


$AIS,0,273418880,0,0.0,0.4,15.463035,54.811909,91.7,93.0,-31039.38,-3752.91,,1,,,,,,,,,,,,,,,*62


$AIS,0,273418870,0,0.0,0.3,15.286043,54.828575,109.3,54.0,-42396.51,-1805.66,,1,,,,,,,,,,,,,,,*5E


$OWN,0,261187000,0,-100000.0,3.5,15.946025,54.846577,171.7,140.0,0.0,0.0,,1,,,,,,,,,,,,,,,*45


$WIND,,,T,,,R*12


$AIS,0,273212470,3,0.0,0.0,15.326235,54.826252,184.8,251.0,-39817.94,-2085.61,,1,,,,,,,,,,,,,,,*60


$AIS,0,273397740,3,0.0,0.0,15.343384,54.833599,162.2,246.0,-38709.20,-1277.68,,1,,,,,,,,,,,,,,,*6F


$AIS,0,273418880,0,0.0,0.4,15.463035,54.811909,91.7,93.0,-31040.42,-3750.78,,1,,,,,,,,,,,,,,,*64


$AIS,0,273418870,0,0.0,0.3,15.286043,54.828575,109.3,54.0,-42397.55,-1803.53,,1,,,,,,,,,,,,,,,*5B


$OWN,0,261187000,0,-100000.0,3.5,15.946042,54.846565,169.0,138.0,0.0,0.0,,1,,,,,,,,,,,,,,,*46


$WIND,,,T,,,R*12


$AIS,0,273397740,3,0.0,0.0,15.343384,54.833599,162.2,246.0,-38710.30,-1276.39,,1,,,,,,,,,,,,,,,*63


$AIS,0,273418880,0,0.0,0.4,15.463035,54.811909,91.7,93.0,-31041.52,-3749.50,,1,,,,,,,,,,,,,,,*66


$AIS,0,273418870,0,0.0,0.3,15.286043,54.828575,109.3,54.0,-42398.65,-1802.25,,1,,,,,,,,,,,,,,,*57


$OWN,0,261187000,0,-100000.0,3.5,15.946042,54.846565,169.0,136.0,0.0,0.0,,1,,,,,,,,,,,,,,,*48


$WIND,,,T,,,R*12


$AIS,0,273418880,0,0.0,0.4,15.463035,54.811909,91.7,93.0,-31041.52,-3749.50,,1,,,,,,,,,,,,,,,*66


$AIS,0,273418870,0,0.0,0.3,15.286043,54.828575,109.3,54.0,-42398.65,-1802.25,,1,,,,,,,,,,,,,,,*57


$OWN,0,261187000,0,-100000.0,3.5,15.946060,54.846550,166.4,134.0,0.0,0.0,,1,,,,,,,,,,,,,,,*47


$WIND,,,T,,,R*12


$AIS,0,273418870,0,0.0,0.3,15.286043,54.828575,109.3,54.0,-42399.82,-1800.54,,1,,,,,,,,,,,,,,,*5B


$AIS,0,273399760,3,-0.0,0.0,15.349473,54.830120,234.0,231.0,-38323.64,-1665.15,,1,,,,,,,,,,,,,,,*4D


$OWN,0,261187000,0,-100000.0,3.5,15.946080,54.846535,164.0,131.0,0.0,0.0,,1,,,,,,,,,,,,,,,*49


$WIND,,,T,,,R*12


$AIS,0,273418870,0,0.0,0.3,15.286043,54.828575,109.3,54.0,-42401.10,-1798.83,,1,,,,,,,,,,,,,,,*52


$AIS,0,273399760,3,-0.0,0.0,15.349473,54.830120,234.0,231.0,-38324.93,-1663.44,,1,,,,,,,,,,,,,,,*40


$OWN,0,261187000,0,-100000.0,3.5,15.946100,54.846519,161.5,129.0,0.0,0.0,,1,,,,,,,,,,,,,,,*47


$WIND,,,T,,,R*12


$AIS,0,273418870,0,0.0,0.3,15.286043,54.828575,109.3,54.0,-42402.39,-1797.12,,1,,,,,,,,,,,,,,,*5D


$AIS,0,273399760,3,-0.0,0.0,15.349473,54.830120,234.0,231.0,-38326.22,-1661.74,,1,,,,,,,,,,,,,,,*49


$OWN,0,261187000,0,-100000.0,3.5,15.946120,54.846508,159.1,127.0,0.0,0.0,,1,,,,,,,,,,,,,,,*44


$WIND,,,T,,,R*12


$AIS,0,273418870,0,0.0,0.3,15.286043,54.828575,109.3,54.0,-42403.68,-1795.83,,1,,,,,,,,,,,,,,,*52


$AIS,0,273399760,3,-0.0,0.0,15.349473,54.830120,234.0,231.0,-38327.50,-1660.45,,1,,,,,,,,,,,,,,,*4E


$OWN,0,261187000,0,-100000.0,3.5,15.946143,54.846497,156.6,124.0,0.0,0.0,,1,,,,,,,,,,,,,,,*4D


$WIND,,,T,,,R*12


$AIS,0,273399760,3,-0.0,0.0,15.349473,54.830120,234.0,231.0,-38328.97,-1659.17,,1,,,,,,,,,,,,,,,*47


$OWN,0,261187000,0,-100000.0,3.5,15.946165,54.846481,154.2,122.0,0.0,0.0,,1,,,,,,,,,,,,,,,*4E


$WIND,,,T,,,R*12


$AIS,0,273399760,3,-0.0,0.0,15.349473,54.830120,234.0,231.0,-38331.97,-1656.17,,1,,,,,,,,,,,,,,,*40


$OWN,0,261187000,0,-100000.0,3.5,15.946215,54.846458,149.4,119.0,0.0,0.0,,1,,,,,,,,,,,,,,,*4C


$WIND,,,T,,,R*12


$AIS,0,273399760,3,-0.0,0.0,15.349473,54.830120,234.0,231.0,-38333.57,-1654.88,,1,,,,,,,,,,,,,,,*4A


$OWN,0,261187000,0,-100000.0,3.5,15.946215,54.846458,149.4,119.0,0.0,0.0,,1,,,,,,,,,,,,,,,*4C


$WIND,,,T,,,R*12


$AIS,0,273399760,3,-0.0,0.0,15.349473,54.830120,234.0,231.0,-38335.22,-1653.59,,1,,,,,,,,,,,,,,,*45


$OWN,0,261187000,0,-100000.0,3.5,15.946240,54.846447,146.9,117.0,0.0,0.0,,1,,,,,,,,,,,,,,,*4E


$WIND,,,T,,,R*12


$AIS,0,273399760,3,-0.0,0.0,15.349473,54.830120,234.0,231.0,-38336.81,-1652.31,,1,,,,,,,,,,,,,,,*40


$OWN,0,261187000,0,-100000.0,3.5,15.946265,54.846436,144.5,112.0,0.0,0.0,,1,,,,,,,,,,,,,,,*44


$WIND,,,T,,,R*12


$AIS,0,273399760,3,-0.0,0.0,15.349473,54.830120,234.0,231.0,-38336.81,-1652.31,,1,,,,,,,,,,,,,,,*40


$OWN,0,261187000,0,-100000.0,3.6,15.946293,54.846428,142.1,110.0,0.0,0.0,,1,,,,,,,,,,,,,,,*41


$WIND,,,T,,,R*12


$AIS,0,273418880,0,0.0,0.2,15.463095,54.811905,94.6,94.0,-31053.78,-3734.56,,1,,,,,,,,,,,,,,,*62


$OWN,0,261187000,0,-100000.0,3.6,15.946320,54.846416,139.8,108.0,0.0,0.0,,1,,,,,,,,,,,,,,,*49


$WIND,,,T,,,R*12


$AIS,0,273418880,0,0.0,0.2,15.463095,54.811905,94.6,94.0,-31055.50,-3733.27,,1,,,,,,,,,,,,,,,*6F


$OWN,0,261187000,0,-100000.0,3.6,15.946348,54.846409,137.5,106.0,0.0,0.0,,1,,,,,,,,,,,,,,,*44


$WIND,,,T,,,R*12


$AIS,0,273418880,0,0.0,0.2,15.463095,54.811905,94.6,94.0,-31057.34,-3732.41,,1,,,,,,,,,,,,,,,*6E


$OWN,0,261187000,0,-100000.0,3.6,15.946377,54.846401,135.3,103.0,0.0,0.0,,1,,,,,,,,,,,,,,,*41


$WIND,,,T,,,R*12


$AIS,0,273418880,0,0.0,0.2,15.463095,54.811905,94.6,94.0,-31059.18,-3731.55,,1,,,,,,,,,,,,,,,*68


$OWN,0,261187000,0,-100000.0,3.6,15.946406,54.846390,133.0,101.0,0.0,0.0,,1,,,,,,,,,,,,,,,*48


$WIND,,,T,,,R*12


$AIS,0,273418880,0,0.0,0.2,15.463095,54.811905,94.6,94.0,-31061.08,-3730.26,,1,,,,,,,,,,,,,,,*67


$AIS,0,273418870,0,0.0,0.4,15.286150,54.828552,109.8,54.0,-42415.22,-1785.11,,1,,,,,,,,,,,,,,,*5B


$OWN,0,261187000,0,-100000.0,3.6,15.946437,54.846386,130.7,99.0,0.0,0.0,,1,,,,,,,,,,,,,,,*79


$WIND,,,T,,,R*12


$AIS,0,273418880,0,0.0,0.2,15.463095,54.811905,94.6,94.0,-31063.04,-3729.83,,1,,,,,,,,,,,,,,,*6E


$AIS,0,273418870,0,0.0,0.4,15.286150,54.828552,109.8,54.0,-42417.18,-1784.67,,1,,,,,,,,,,,,,,,*50


$OWN,0,261187000,0,-100000.0,3.6,15.946466,54.846378,128.4,96.0,0.0,0.0,,1,,,,,,,,,,,,,,,*79


$WIND,,,T,,,R*12


$AIS,0,273418880,0,0.0,0.2,15.463095,54.811905,94.6,94.0,-31064.94,-3728.96,,1,,,,,,,,,,,,,,,*65


$AIS,0,273418870,0,0.0,0.4,15.286150,54.828552,109.8,54.0,-42419.08,-1783.80,,1,,,,,,,,,,,,,,,*51


$OWN,0,261187000,0,-100000.0,3.6,15.946498,54.846375,126.1,94.0,0.0,0.0,,1,,,,,,,,,,,,,,,*7C


$WIND,,,T,,,R*12


$AIS,0,273418880,0,0.0,0.2,15.463095,54.811905,94.6,94.0,-31066.96,-3728.53,,1,,,,,,,,,,,,,,,*6C


$AIS,0,273418870,0,0.0,0.4,15.286150,54.828552,109.8,54.0,-42421.10,-1783.36,,1,,,,,,,,,,,,,,,*5E


$AIS,0,273370640,3,3.6,0.1,15.353124,54.831715,185.0,343.0,-38115.75,-1469.95,,1,,,,,,,,,,,,,,,*61


$OWN,0,261187000,0,-100000.0,3.7,15.946528,54.846367,123.9,92.0,0.0,0.0,,1,,,,,,,,,,,,,,,*7F


$WIND,,,T,,,R*12


$AIS,0,273418880,0,0.0,0.2,15.463095,54.811905,94.6,94.0,-31068.92,-3727.66,,1,,,,,,,,,,,,,,,*6F


$AIS,0,273418870,0,0.0,0.4,15.286150,54.828552,109.8,54.0,-42423.06,-1782.49,,1,,,,,,,,,,,,,,,*52


$AIS,0,273370640,3,3.6,0.1,15.353124,54.831715,185.0,343.0,-38117.71,-1469.08,,1,,,,,,,,,,,,,,,*63


$OWN,0,261187000,0,-100000.0,3.7,15.946562,54.846367,121.6,89.0,0.0,0.0,,1,,,,,,,,,,,,,,,*76


$WIND,,,T,,,R*12


$AIS,0,273418880,0,0.0,0.2,15.463095,54.811905,94.6,94.0,-31071.07,-3727.65,,1,,,,,,,,,,,,,,,*68


$AIS,0,273418870,0,0.0,0.4,15.286150,54.828552,109.8,54.0,-42425.20,-1782.47,,1,,,,,,,,,,,,,,,*5E


$AIS,0,273370640,3,3.6,0.1,15.353124,54.831715,185.0,343.0,-38119.86,-1469.06,,1,,,,,,,,,,,,,,,*6B


$OWN,0,261187000,0,-100000.0,3.7,15.946593,54.846363,119.3,87.0,0.0,0.0,,1,,,,,,,,,,,,,,,*7C


$WIND,,,T,,,R*12


$AIS,0,273418880,0,0.0,0.2,15.463095,54.811905,94.6,94.0,-31073.09,-3727.21,,1,,,,,,,,,,,,,,,*64


$AIS,0,273418870,0,0.0,0.4,15.286150,54.828552,109.8,54.0,-42427.23,-1782.03,,1,,,,,,,,,,,,,,,*5F


$AIS,0,273370640,3,3.6,0.1,15.353124,54.831715,185.0,343.0,-38121.88,-1468.62,,1,,,,,,,,,,,,,,,*6D


$AIS,0,273399760,3,0.0,0.0,15.349460,54.830132,234.0,231.0,-38358.73,-1642.78,,1,,,,,,,,,,,,,,,*65


$OWN,0,261187000,0,-100000.0,3.7,15.946625,54.846359,117.0,85.0,0.0,0.0,,1,,,,,,,,,,,,,,,*74


$WIND,,,T,,,R*12


$AIS,0,273418870,0,0.0,0.4,15.286150,54.828552,109.8,54.0,-42429.25,-1781.59,,1,,,,,,,,,,,,,,,*5B


$AIS,0,273370640,3,3.6,0.1,15.353124,54.831715,185.0,343.0,-38123.90,-1468.18,,1,,,,,,,,,,,,,,,*6B


$AIS,0,273399760,3,0.0,0.0,15.349460,54.830132,234.0,231.0,-38360.76,-1642.34,,1,,,,,,,,,,,,,,,*63


$OWN,0,261187000,0,-100000.0,3.7,15.946656,54.846355,114.7,82.0,0.0,0.0,,1,,,,,,,,,,,,,,,*7F


$WIND,,,T,,,R*12


$AIS,0,273418870,0,0.0,0.4,15.286150,54.828552,109.8,54.0,-42431.27,-1781.14,,1,,,,,,,,,,,,,,,*59


$AIS,0,273370640,3,3.6,0.1,15.353124,54.831715,185.0,343.0,-38125.92,-1467.74,,1,,,,,,,,,,,,,,,*6A


$AIS,0,273399760,3,0.0,0.0,15.349460,54.830132,234.0,231.0,-38362.78,-1641.90,,1,,,,,,,,,,,,,,,*62


$OWN,0,261187000,0,-100000.0,3.7,15.946690,54.846355,112.5,80.0,0.0,0.0,,1,,,,,,,,,,,,,,,*73


$WIND,,,T,,,R*12


$AIS,0,273418870,0,0.0,0.4,15.286150,54.828552,109.8,54.0,-42433.41,-1781.12,,1,,,,,,,,,,,,,,,*5D


$AIS,0,273370640,3,3.6,0.1,15.353124,54.831715,185.0,343.0,-38128.06,-1467.72,,1,,,,,,,,,,,,,,,*6C


$AIS,0,273399760,3,0.0,0.0,15.349460,54.830132,234.0,231.0,-38364.92,-1641.88,,1,,,,,,,,,,,,,,,*69


$OWN,0,261187000,0,-100000.0,3.7,15.946723,54.846355,110.3,78.0,0.0,0.0,,1,,,,,,,,,,,,,,,*79


$WIND,,,T,,,R*12


$AIS,0,273370640,3,3.6,0.1,15.353124,54.831715,185.0,343.0,-38130.21,-1467.70,,1,,,,,,,,,,,,,,,*62


$AIS,0,273399760,3,0.0,0.0,15.349460,54.830132,234.0,231.0,-38367.07,-1641.86,,1,,,,,,,,,,,,,,,*68


$OWN,0,261187000,0,-100000.0,3.7,15.946755,54.846355,108.0,76.0,0.0,0.0,,1,,,,,,,,,,,,,,,*7C


$WIND,,,T,,,R*12


$AIS,0,273370640,3,3.6,0.1,15.353124,54.831715,185.0,343.0,-38132.29,-1467.69,,1,,,,,,,,,,,,,,,*60


$AIS,0,273399760,3,0.0,0.0,15.349460,54.830132,234.0,231.0,-38369.15,-1641.84,,1,,,,,,,,,,,,,,,*67


$OWN,0,261187000,0,-100000.0,3.7,15.946787,54.846355,105.7,73.0,0.0,0.0,,1,,,,,,,,,,,,,,,*7C


$WIND,,,T,,,R*12


$AIS,0,273370640,3,3.6,0.1,15.353124,54.831715,185.0,343.0,-38134.31,-1467.67,,1,,,,,,,,,,,,,,,*61


$AIS,0,273399760,3,0.0,0.0,15.349460,54.830132,234.0,231.0,-38371.17,-1641.83,,1,,,,,,,,,,,,,,,*6B


$OWN,0,261187000,0,-100000.0,3.7,15.946820,54.846359,103.5,71.0,0.0,0.0,,1,,,,,,,,,,,,,,,*74


$WIND,,,T,,,R*12


$AIS,0,273399760,3,0.0,0.0,15.349460,54.830132,234.0,231.0,-38373.32,-1642.23,,1,,,,,,,,,,,,,,,*67


$OWN,0,261187000,0,-100000.0,3.7,15.946852,54.846363,101.2,69.0,0.0,0.0,,1,,,,,,,,,,,,,,,*74


$WIND,,,T,,,R*12


$AIS,0,273399760,3,0.0,0.0,15.349460,54.830132,234.0,231.0,-38375.34,-1642.64,,1,,,,,,,,,,,,,,,*64


$OWN,0,261187000,0,-100000.0,3.7,15.946883,54.846367,98.9,66.0,0.0,0.0,,1,,,,,,,,,,,,,,,*49


$WIND,,,T,,,R*12


$AIS,0,273399760,3,0.0,0.0,15.349460,54.830132,234.0,231.0,-38377.36,-1643.05,,1,,,,,,,,,,,,,,,*62


$OWN,0,261187000,0,-100000.0,3.7,15.946915,54.846367,96.8,64.0,0.0,0.0,,1,,,,,,,,,,,,,,,*4A


$WIND,,,T,,,R*12


$OWN,0,261187000,0,-100000.0,3.7,15.946947,54.846375,94.5,62.0,0.0,0.0,,1,,,,,,,,,,,,,,,*47


$WIND,,,T,,,R*12


$OWN,0,261187000,0,-100000.0,3.7,15.946979,54.846378,92.2,60.0,0.0,0.0,,1,,,,,,,,,,,,,,,*44


$WIND,,,T,,,R*12


$OWN,0,261187000,0,-100000.0,3.7,15.947008,54.846386,89.9,60.0,0.0,0.0,,1,,,,,,,,,,,,,,,*4A


$WIND,,,T,,,R*12


$OWN,0,261187000,0,-100000.0,3.7,15.947039,54.846390,87.6,57.0,0.0,0.0,,1,,,,,,,,,,,,,,,*4A


$WIND,,,T,,,R*12


$OWN,0,261187000,0,-100000.0,3.7,15.947068,54.846397,85.3,55.0,0.0,0.0,,1,,,,,,,,,,,,,,,*4C


$WIND,,,T,,,R*12


$OWN,0,261187000,0,-100000.0,3.7,15.947068,54.846397,85.3,52.0,0.0,0.0,,1,,,,,,,,,,,,,,,*4B


$WIND,,,T,,,R*12


$OWN,0,261187000,0,-100000.0,3.7,15.947099,54.846409,83.2,50.0,0.0,0.0,,1,,,,,,,,,,,,,,,*40


$WIND,,,T,,,R*12


$OWN,0,261187000,0,-100000.0,3.7,15.947126,54.846416,81.0,48.0,0.0,0.0,,1,,,,,,,,,,,,,,,*42


$WIND,,,T,,,R*12


$OWN,0,261187000,0,-100000.0,3.8,15.947182,54.846436,76.5,43.0,0.0,0.0,,1,,,,,,,,,,,,,,,*47


$WIND,,,T,,,R*12


$OWN,0,261187000,0,-100000.0,3.8,15.947208,54.846443,74.3,41.0,0.0,0.0,,1,,,,,,,,,,,,,,,*42


$WIND,,,T,,,R*12


$OWN,0,261187000,0,-100000.0,3.8,15.947233,54.846458,72.0,39.0,0.0,0.0,,1,,,,,,,,,,,,,,,*4A


$WIND,,,T,,,R*12


$OWN,0,261187000,0,-100000.0,3.8,15.947233,54.846458,72.0,39.0,0.0,0.0,,1,,,,,,,,,,,,,,,*4A


$WIND,,,T,,,R*12


$OWN,0,261187000,0,-100000.0,3.8,15.947258,54.846470,69.8,36.0,0.0,0.0,,1,,,,,,,,,,,,,,,*40


$WIND,,,T,,,R*12


$OWN,0,261187000,0,-100000.0,3.8,15.947282,54.846481,67.5,34.0,0.0,0.0,,1,,,,,,,,,,,,,,,*48


$WIND,,,T,,,R*12


$OWN,0,261187000,0,-100000.0,3.8,15.947329,54.846508,63.0,29.0,0.0,0.0,,1,,,,,,,,,,,,,,,*45


$WIND,,,T,,,R*12


$OWN,0,261187000,0,-100000.0,3.8,15.947349,54.846523,60.9,27.0,0.0,0.0,,1,,,,,,,,,,,,,,,*4E


$WIND,,,T,,,R*12


$OWN,0,261187000,0,-100000.0,3.8,15.947369,54.846535,58.6,25.0,0.0,0.0,,1,,,,,,,,,,,,,,,*4D


$WIND,,,T,,,R*12


$OWN,0,261187000,0,-100000.0,3.8,15.947389,54.846550,56.4,23.0,0.0,0.0,,1,,,,,,,,,,,,,,,*4A


$WIND,,,T,,,R*12


$OWN,0,261187000,0,-100000.0,3.8,15.947407,54.846565,54.3,23.0,0.0,0.0,,1,,,,,,,,,,,,,,,*48


$WIND,,,T,,,R*12


$OWN,0,261187000,0,-100000.0,3.8,15.947425,54.846581,52.0,20.0,0.0,0.0,,1,,,,,,,,,,,,,,,*44


$WIND,,,T,,,R*12


$OWN,0,261187000,0,-100000.0,3.8,15.947440,54.846596,49.7,18.0,0.0,0.0,,1,,,,,,,,,,,,,,,*47


$WIND,,,T,,,R*12


$OWN,0,261187000,0,-100000.0,3.8,15.947440,54.846596,49.7,16.0,0.0,0.0,,1,,,,,,,,,,,,,,,*49


$WIND,,,T,,,R*12


$OWN,0,261187000,0,-100000.0,3.8,15.947455,54.846615,47.5,13.0,0.0,0.0,,1,,,,,,,,,,,,,,,*4C


$WIND,,,T,,,R*12


$OWN,0,261187000,0,-100000.0,3.8,15.947469,54.846630,45.4,11.0,0.0,0.0,,1,,,,,,,,,,,,,,,*45


$WIND,,,T,,,R*12


$OWN,0,261187000,0,-100000.0,3.8,15.947494,54.846664,40.9,7.0,0.0,0.0,,1,,,,,,,,,,,,,,,*79


$WIND,,,T,,,R*12


$OWN,0,261187000,0,-100000.0,3.8,15.947505,54.846680,38.8,4.0,0.0,0.0,,1,,,,,,,,,,,,,,,*77


$WIND,,,T,,,R*12


$OWN,0,261187000,0,-100000.0,3.8,15.947521,54.846714,34.3,2.0,0.0,0.0,,1,,,,,,,,,,,,,,,*7C


$WIND,,,T,,,R*12


$OWN,0,261187000,0,-100000.0,3.8,15.947528,54.846733,32.1,0.0,0.0,0.0,,1,,,,,,,,,,,,,,,*76


$WIND,,,T,,,R*12


