


$OWN,0,261187000,0,0.0,11.3,15.944573,54.958286,356.0,1.0,0.0,0.0,,1,,,,,,,,,,,,,,,*6B


$WIND,,,T,,,R*12


$OWN,0,261187000,0,0.0,11.4,15.944562,54.958393,356.1,1.0,0.0,0.0,,1,,,,,,,,,,,,,,,*68


$WIND,,,T,,,R*12


$OWN,0,261187000,0,0.0,11.4,15.944556,54.958447,356.1,1.0,0.0,0.0,,1,,,,,,,,,,,,,,,*61


$WIND,,,T,,,R*12


$OWN,0,261187000,0,0.0,11.4,15.944551,54.958496,356.2,1.0,0.0,0.0,,1,,,,,,,,,,,,,,,*69


$WIND,,,T,,,R*12


$OWN,0,261187000,0,100000.0,11.4,15.944547,54.958549,356.2,1.0,0.0,0.0,,1,,,,,,,,,,,,,,,*5C


$WIND,,,T,,,R*12


$OWN,0,261187000,0,100000.0,11.4,15.944542,54.958603,356.3,1.0,0.0,0.0,,1,,,,,,,,,,,,,,,*55


$WIND,,,T,,,R*12


$OWN,0,261187000,0,100000.0,11.4,15.944536,54.958652,356.4,2.0,0.0,0.0,,1,,,,,,,,,,,,,,,*56


$WIND,,,T,,,R*12


$OWN,0,261187000,0,100000.0,11.4,15.944533,54.958706,356.5,2.0,0.0,0.0,,1,,,,,,,,,,,,,,,*52


$WIND,,,T,,,R*12


$OWN,0,261187000,0,100000.0,11.4,15.944530,54.958759,356.7,3.0,0.0,0.0,,1,,,,,,,,,,,,,,,*58


$WIND,,,T,,,R*12


$OWN,0,261187000,0,100000.0,11.4,15.944529,54.958813,356.9,3.0,0.0,0.0,,1,,,,,,,,,,,,,,,*5F


$WIND,,,T,,,R*12


$OWN,0,261187000,0,100000.0,11.4,15.944527,54.958862,357.1,4.0,0.0,0.0,,1,,,,,,,,,,,,,,,*59


$WIND,,,T,,,R*12


$OWN,0,261187000,0,100000.0,11.4,15.944523,54.958916,357.2,5.0,0.0,0.0,,1,,,,,,,,,,,,,,,*5D


$WIND,,,T,,,R*12


$OWN,0,261187000,0,100000.0,11.3,15.944522,54.958969,357.3,6.0,0.0,0.0,,1,,,,,,,,,,,,,,,*51


$WIND,,,T,,,R*12


$OWN,0,261187000,0,100000.0,11.3,15.944520,54.959019,357.4,8.0,0.0,0.0,,1,,,,,,,,,,,,,,,*55


$WIND,,,T,,,R*12


$OWN,0,261187000,0,100000.0,11.3,15.944518,54.959072,357.6,9.0,0.0,0.0,,1,,,,,,,,,,,,,,,*50


$WIND,,,T,,,R*12


$OWN,0,261187000,0,100000.0,11.3,15.944518,54.959122,357.9,10.0,0.0,0.0,,1,,,,,,,,,,,,,,,*63


$WIND,,,T,,,R*12


$OWN,0,261187000,0,100000.0,11.3,15.944529,54.959229,358.9,11.0,0.0,0.0,,1,,,,,,,,,,,,,,,*67


$WIND,,,T,,,R*12


$OWN,0,261187000,0,100000.0,11.3,15.944536,54.959278,359.6,12.0,0.0,0.0,,1,,,,,,,,,,,,,,,*60


$WIND,,,T,,,R*12


$OWN,0,261187000,0,100000.0,11.2,15.944547,54.959328,0.2,14.0,0.0,0.0,,1,,,,,,,,,,,,,,,*6E


$WIND,,,T,,,R*12


$OWN,0,261187000,0,100000.0,11.2,15.944558,54.959381,0.9,15.0,0.0,0.0,,1,,,,,,,,,,,,,,,*69


$WIND,,,T,,,R*12


$OWN,0,261187000,0,100000.0,11.2,15.944571,54.959431,1.6,17.0,0.0,0.0,,1,,,,,,,,,,,,,,,*62


$WIND,,,T,,,R*12


$OWN,0,261187000,0,100000.0,11.1,15.944585,54.959480,2.3,18.0,0.0,0.0,,1,,,,,,,,,,,,,,,*69


$WIND,,,T,,,R*12


$OWN,0,261187000,0,100000.0,11.1,15.944602,54.959530,3.1,20.0,0.0,0.0,,1,,,,,,,,,,,,,,,*67


$WIND,,,T,,,R*12


$OWN,0,261187000,0,100000.0,11.1,15.944618,54.959579,3.9,21.0,0.0,0.0,,1,,,,,,,,,,,,,,,*68


$WIND,,,T,,,R*12


$OWN,0,261187000,0,100000.0,11.0,15.944636,54.959625,4.7,23.0,0.0,0.0,,1,,,,,,,,,,,,,,,*64


$WIND,,,T,,,R*12


$OWN,0,261187000,0,100000.0,11.0,15.944656,54.959675,5.6,24.0,0.0,0.0,,1,,,,,,,,,,,,,,,*60


$WIND,,,T,,,R*12


$OWN,0,261187000,0,100000.0,10.9,15.944682,54.959721,6.6,26.0,0.0,0.0,,1,,,,,,,,,,,,,,,*60


$WIND,,,T,,,R*12


$OWN,0,261187000,0,100000.0,10.9,15.944708,54.959770,7.7,28.0,0.0,0.0,,1,,,,,,,,,,,,,,,*69


$WIND,,,T,,,R*12


$OWN,0,261187000,0,100000.0,10.8,15.944736,54.959816,8.8,30.0,0.0,0.0,,1,,,,,,,,,,,,,,,*63


$WIND,,,T,,,R*12


$OWN,0,261187000,0,100000.0,10.8,15.944767,54.959862,10.0,32.0,0.0,0.0,,1,,,,,,,,,,,,,,,*57


$WIND,,,T,,,R*12


$OWN,0,261187000,0,100000.0,10.8,15.944767,54.959862,10.0,33.0,0.0,0.0,,1,,,,,,,,,,,,,,,*56


$WIND,,,T,,,R*12


$OWN,0,261187000,0,100000.0,10.7,15.944834,54.959946,12.4,35.0,0.0,0.0,,1,,,,,,,,,,,,,,,*57


$WIND,,,T,,,R*12


$OWN,0,261187000,0,100000.0,10.6,15.944870,54.959991,13.6,37.0,0.0,0.0,,1,,,,,,,,,,,,,,,*5D


$WIND,,,T,,,R*12


$OWN,0,261187000,0,100000.0,10.5,15.944908,54.960033,15.0,39.0,0.0,0.0,,1,,,,,,,,,,,,,,,*55


$WIND,,,T,,,R*12


$OWN,0,261187000,0,100000.0,10.5,15.944950,54.960072,16.4,41.0,0.0,0.0,,1,,,,,,,,,,,,,,,*55


$WIND,,,T,,,R*12


$OWN,0,261187000,0,100000.0,10.4,15.944992,54.960114,17.7,43.0,0.0,0.0,,1,,,,,,,,,,,,,,,*5B


$WIND,,,T,,,R*12


$OWN,0,261187000,0,100000.0,10.3,15.945035,54.960152,19.1,45.0,0.0,0.0,,1,,,,,,,,,,,,,,,*55


$WIND,,,T,,,R*12


$OWN,0,261187000,0,100000.0,10.3,15.945080,54.960190,20.5,47.0,0.0,0.0,,1,,,,,,,,,,,,,,,*59


$WIND,,,T,,,R*12


$OWN,0,261187000,0,100000.0,10.3,15.945080,54.960190,20.5,47.0,0.0,0.0,,1,,,,,,,,,,,,,,,*59


$WIND,,,T,,,R*12


$OWN,0,261187000,0,100000.0,10.2,15.945128,54.960224,22.0,49.0,0.0,0.0,,1,,,,,,,,,,,,,,,*5E


$WIND,,,T,,,R*12


$OWN,0,261187000,0,100000.0,10.0,15.945230,54.960297,25.2,53.0,0.0,0.0,,1,,,,,,,,,,,,,,,*50


$WIND,,,T,,,R*12


$OWN,0,261187000,0,100000.0,10.0,15.945282,54.960327,26.9,55.0,0.0,0.0,,1,,,,,,,,,,,,,,,*5D


$WIND,,,T,,,R*12


$OWN,0,261187000,0,100000.0,9.9,15.945336,54.960358,28.5,56.0,0.0,0.0,,1,,,,,,,,,,,,,,,*6B


$WIND,,,T,,,R*12


$OWN,0,261187000,0,100000.0,9.8,15.945394,54.960388,30.1,58.0,0.0,0.0,,1,,,,,,,,,,,,,,,*6C


$WIND,,,T,,,R*12


$OWN,0,261187000,0,100000.0,9.7,15.945450,54.960415,31.9,61.0,0.0,0.0,,1,,,,,,,,,,,,,,,*6C


$WIND,,,T,,,R*12


$OWN,0,261187000,0,100000.0,9.7,15.945450,54.960415,31.9,61.0,0.0,0.0,,1,,,,,,,,,,,,,,,*6C


$WIND,,,T,,,R*12


$OWN,0,261187000,0,100000.0,9.6,15.945508,54.960442,33.6,62.0,0.0,0.0,,1,,,,,,,,,,,,,,,*6D


$WIND,,,T,,,R*12


$OWN,0,261187000,0,100000.0,9.5,15.945630,54.960495,37.1,66.0,0.0,0.0,,1,,,,,,,,,,,,,,,*6B


$WIND,,,T,,,R*12


$OWN,0,261187000,0,100000.0,9.4,15.945692,54.960518,38.9,68.0,0.0,0.0,,1,,,,,,,,,,,,,,,*6F


$WIND,,,T,,,R*12


$OWN,0,261187000,0,100000.0,9.3,15.945753,54.960541,40.6,70.0,0.0,0.0,,1,,,,,,,,,,,,,,,*61


$WIND,,,T,,,R*12


$AIS,0,273399760,3,0.0,0.0,15.349154,54.830032,246.2,231.0,-38324.52,-14359.49,,1,,,,,,,,,,,,,,,*50


$AIS,0,246530000,0,1.1,11.0,15.242100,54.771267,65.6,65.0,-45266.99,-20834.67,,1,,,,,,,,,,,,,,,*67


$OWN,0,261187000,0,100000.0,9.3,15.945817,54.960560,42.5,72.0,0.0,0.0,,1,,,,,,,,,,,,,,,*6E


$WIND,,,T,,,R*12


$AIS,0,273399760,3,0.0,0.0,15.349154,54.830032,246.2,231.0,-38328.63,-14361.58,,1,,,,,,,,,,,,,,,*55


$AIS,0,246530000,0,1.1,11.0,15.242100,54.771267,65.6,65.0,-45271.10,-20836.76,,1,,,,,,,,,,,,,,,*62


$OWN,0,261187000,0,100000.0,9.2,15.945882,54.960579,44.3,74.0,0.0,0.0,,5,9161247,SNHA   ,NAWIGATOR XXI       ,99,17,43,4,6,2,5,21,12,0,3.4,SZCZECIN            *78


$WIND,,,T,,,R*12


$AIS,0,273399760,3,0.0,0.0,15.349154,54.830032,246.2,231.0,-38332.79,-14363.66,,1,,,,,,,,,,,,,,,*5A


$AIS,0,246530000,0,1.1,11.0,15.242100,54.771267,65.6,65.0,-45275.27,-20838.84,,1,,,,,,,,,,,,,,,*61


$OWN,0,261187000,0,100000.0,9.2,15.945882,54.960579,44.3,74.0,0.0,0.0,,5,9161247,SNHA   ,NAWIGATOR XXI       ,99,17,43,4,6,2,5,21,12,0,3.4,SZCZECIN            *78


$WIND,,,T,,,R*12


$AIS,0,273399760,3,0.0,0.0,15.349154,54.830032,246.2,231.0,-38336.96,-14365.75,,1,,,,,,,,,,,,,,,*5B


$AIS,0,246530000,0,1.1,11.0,15.242100,54.771267,65.6,65.0,-45279.44,-20840.92,,1,,,,,,,,,,,,,,,*60


$OWN,0,261187000,0,100000.0,9.1,15.945947,54.960598,46.2,76.0,0.0,0.0,,5,9161247,SNHA   ,NAWIGATOR XXI       ,99,17,43,4,6,2,5,21,12,0,3.4,SZCZECIN            *7D


$WIND,,,T,,,R*12


$AIS,0,273399760,3,0.0,0.0,15.349154,54.830032,246.2,231.0,-38341.25,-14367.41,,1,,,,,,,,,,,,,,,*56


$AIS,0,246530000,0,1.1,11.0,15.242100,54.771267,65.6,65.0,-45283.74,-20842.57,,1,,,,,,,,,,,,,,,*6D


$OWN,0,261187000,0,100000.0,9.0,15.946013,54.960613,48.1,78.0,0.0,0.0,,5,9161247,SNHA   ,NAWIGATOR XXI       ,99,17,43,4,6,2,5,21,12,0,3.4,SZCZECIN            *74


$WIND,,,T,,,R*12


$AIS,0,273399760,3,0.0,0.0,15.349154,54.830032,246.2,231.0,-38345.41,-14369.07,,1,,,,,,,,,,,,,,,*5C


$AIS,0,246530000,0,1.1,11.0,15.242100,54.771267,65.6,65.0,-45287.91,-20844.23,,1,,,,,,,,,,,,,,,*67


$OWN,0,261187000,0,100000.0,8.9,15.946143,54.960644,51.7,82.0,0.0,0.0,,5,9161247,SNHA   ,NAWIGATOR XXI       ,99,17,43,4,6,2,5,21,12,0,3.4,SZCZECIN            *71


$WIND,,,T,,,R*12


$AIS,0,273399760,3,0.0,0.0,15.349154,54.830032,246.2,231.0,-38349.58,-14370.74,,1,,,,,,,,,,,,,,,*54


$AIS,0,246530000,0,1.1,11.0,15.242100,54.771267,65.6,65.0,-45292.08,-20845.88,,1,,,,,,,,,,,,,,,*63


$AIS,0,273370640,3,-2.2,0.0,15.355204,54.832470,,49.0,-37958.65,-14102.79,,1,,,,,,,,,,,,,,,*66


$OWN,0,261187000,0,100000.0,8.8,15.946212,54.960655,53.7,85.0,0.0,0.0,,5,9161247,SNHA   ,NAWIGATOR XXI       ,99,17,43,4,6,2,5,21,12,0,3.4,SZCZECIN            *72


$WIND,,,T,,,R*12


$AIS,0,273399760,3,0.0,0.0,15.349154,54.830032,246.2,231.0,-38353.99,-14371.97,,1,,,,,,,,,,,,,,,*5E


$AIS,0,246530000,0,1.1,11.0,15.242100,54.771267,65.6,65.0,-45296.50,-20847.11,,1,,,,,,,,,,,,,,,*68


$AIS,0,273370640,3,-2.2,0.0,15.355204,54.832470,,49.0,-37963.06,-14104.03,,1,,,,,,,,,,,,,,,*60


$OWN,0,261187000,0,100000.0,8.8,15.946279,54.960667,55.6,87.0,0.0,0.0,,5,9161247,SNHA   ,NAWIGATOR XXI       ,99,17,43,4,6,2,5,21,12,0,3.4,SZCZECIN            *7B


$WIND,,,T,,,R*12


$AIS,0,273399760,3,0.0,0.0,15.349154,54.830032,246.2,231.0,-38358.28,-14373.21,,1,,,,,,,,,,,,,,,*50


$AIS,0,246530000,0,1.1,11.0,15.242100,54.771267,65.6,65.0,-45300.79,-20848.34,,1,,,,,,,,,,,,,,,*65


$AIS,0,273370640,3,-2.2,0.0,15.355204,54.832470,,49.0,-37967.35,-14105.26,,1,,,,,,,,,,,,,,,*62


$OWN,0,261187000,0,100000.0,8.8,15.946279,54.960667,55.6,87.0,0.0,0.0,,5,9161247,SNHA   ,NAWIGATOR XXI       ,99,17,43,4,6,2,5,21,12,0,3.4,SZCZECIN            *7B


$WIND,,,T,,,R*12


$AIS,0,273399760,3,0.4,0.0,15.349167,54.830029,246.2,231.0,-38357.42,-14373.64,,1,,,,,,,,,,,,,,,*5C


$AIS,0,246530000,0,1.1,11.0,15.242100,54.771267,65.6,65.0,-45300.79,-20848.34,,1,,,,,,,,,,,,,,,*65


$AIS,0,273370640,3,-2.2,0.0,15.355204,54.832470,,49.0,-37967.35,-14105.26,,1,,,,,,,,,,,,,,,*62


$AIS,0,273418880,0,100000.0,9.3,15.448887,54.815289,233.4,244.0,-31963.28,-16063.84,,1,,,,,,,,,,,,,,,*61


$OWN,0,261187000,0,100000.0,8.7,15.946345,54.960674,57.6,89.0,0.0,0.0,,5,9161247,SNHA   ,NAWIGATOR XXI       ,99,17,43,4,6,2,5,21,12,0,3.4,SZCZECIN            *74


$WIND,,,T,,,R*12


$AIS,0,273399760,3,0.4,0.0,15.349167,54.830029,246.2,231.0,-38361.71,-14374.45,,1,,,,,,,,,,,,,,,*5D


$AIS,0,246530000,0,1.1,11.0,15.242100,54.771267,65.6,65.0,-45305.09,-20849.15,,1,,,,,,,,,,,,,,,*65


$AIS,0,273370640,3,-2.2,0.0,15.355204,54.832470,,49.0,-37971.63,-14106.08,,1,,,,,,,,,,,,,,,*69


$AIS,0,273418880,0,100000.0,9.3,15.448887,54.815289,233.4,244.0,-31967.57,-16064.66,,1,,,,,,,,,,,,,,,*66


$OWN,0,261187000,0,100000.0,8.6,15.946413,54.960682,59.6,90.0,0.0,0.0,,5,9161247,SNHA   ,NAWIGATOR XXI       ,99,17,43,4,6,2,5,21,12,0,3.4,SZCZECIN            *7E


$WIND,,,T,,,R*12


$AIS,0,273399760,3,0.4,0.0,15.349167,54.830029,246.2,231.0,-38366.06,-14375.26,,1,,,,,,,,,,,,,,,*5E


$AIS,0,273370640,3,-2.2,0.0,15.355204,54.832470,,49.0,-37975.98,-14106.89,,1,,,,,,,,,,,,,,,*60


$AIS,0,273418880,0,100000.0,9.3,15.448887,54.815289,233.4,244.0,-31971.92,-16065.48,,1,,,,,,,,,,,,,,,*65


$OWN,0,261187000,0,100000.0,8.6,15.946480,54.960690,61.5,94.0,0.0,0.0,,5,9161247,SNHA   ,NAWIGATOR XXI       ,99,17,43,4,6,2,5,21,12,0,3.4,SZCZECIN            *7B


$WIND,,,T,,,R*12


$AIS,0,273399760,3,0.4,0.0,15.349167,54.830029,246.2,231.0,-38370.35,-14376.08,,1,,,,,,,,,,,,,,,*56


$AIS,0,273370640,3,-2.2,0.0,15.355204,54.832470,,49.0,-37980.27,-14107.70,,1,,,,,,,,,,,,,,,*69


$AIS,0,273418880,0,100000.0,9.3,15.448887,54.815289,233.4,244.0,-31976.21,-16066.29,,1,,,,,,,,,,,,,,,*6E


$OWN,0,261187000,0,100000.0,8.5,15.946548,54.960693,63.5,96.0,0.0,0.0,,5,9161247,SNHA   ,NAWIGATOR XXI       ,99,17,43,4,6,2,5,21,12,0,3.4,SZCZECIN            *7E


$WIND,,,T,,,R*12


$AIS,0,273399760,3,0.4,0.0,15.349167,54.830029,246.2,231.0,-38374.76,-14376.46,,1,,,,,,,,,,,,,,,*5F


$AIS,0,273370640,3,-2.2,0.0,15.355204,54.832470,,49.0,-37984.68,-14108.09,,1,,,,,,,,,,,,,,,*67


$AIS,0,273418880,0,100000.0,9.3,15.448887,54.815289,233.4,244.0,-31980.62,-16066.69,,1,,,,,,,,,,,,,,,*64


$OWN,0,261187000,0,100000.0,8.4,15.946615,54.960693,65.5,98.0,0.0,0.0,,5,9161247,SNHA   ,NAWIGATOR XXI       ,99,17,43,4,6,2,5,21,12,0,3.4,SZCZECIN            *7C


$WIND,,,T,,,R*12


$AIS,0,273399760,3,0.4,0.0,15.349167,54.830029,246.2,231.0,-38379.05,-14376.43,,1,,,,,,,,,,,,,,,*53


$AIS,0,273370640,3,-2.2,0.0,15.355204,54.832470,,49.0,-37988.97,-14108.05,,1,,,,,,,,,,,,,,,*67


$AIS,0,273418880,0,100000.0,9.3,15.448887,54.815289,233.4,244.0,-31984.91,-16066.66,,1,,,,,,,,,,,,,,,*63


$OWN,0,261187000,0,100000.0,8.4,15.946682,54.960697,67.4,100.0,0.0,0.0,,5,9161247,SNHA   ,NAWIGATOR XXI       ,99,17,43,4,6,2,5,21,12,0,3.4,SZCZECIN            *45


$WIND,,,T,,,R*12


$AIS,0,273399760,3,0.4,0.0,15.349167,54.830029,246.2,231.0,-38387.69,-14377.20,,1,,,,,,,,,,,,,,,*5C


$AIS,0,273370640,3,-2.2,0.0,15.355204,54.832470,,49.0,-37997.61,-14108.83,,1,,,,,,,,,,,,,,,*6E


$AIS,0,273418880,0,100000.0,9.3,15.448887,54.815289,233.4,244.0,-31993.56,-16067.44,,1,,,,,,,,,,,,,,,*6F


$OWN,0,261187000,0,100000.0,8.3,15.946750,54.960701,69.3,100.0,0.0,0.0,,5,9161247,SNHA   ,NAWIGATOR XXI       ,99,17,43,4,6,2,5,21,12,0,3.4,SZCZECIN            *4B


$WIND,,,T,,,R*12


$AIS,0,273399760,3,0.4,0.0,15.349167,54.830029,246.2,231.0,-38391.85,-14377.17,,1,,,,,,,,,,,,,,,*5D


$AIS,0,273370640,3,-2.2,0.0,15.355204,54.832470,,49.0,-38001.77,-14108.79,,1,,,,,,,,,,,,,,,*65


$AIS,0,273418880,0,100000.0,9.3,15.448887,54.815289,233.4,244.0,-31997.72,-16067.41,,1,,,,,,,,,,,,,,,*68


$OWN,0,261187000,0,100000.0,8.3,15.946815,54.960701,71.2,102.0,0.0,0.0,,5,9161247,SNHA   ,NAWIGATOR XXI       ,99,17,43,4,6,2,5,21,12,0,3.4,SZCZECIN            *4F


$WIND,,,T,,,R*12


$AIS,0,273399760,3,0.4,0.0,15.349167,54.830029,246.2,231.0,-38396.14,-14376.71,,1,,,,,,,,,,,,,,,*53


$AIS,0,273418880,0,100000.0,9.3,15.448887,54.815289,233.4,244.0,-32002.01,-16066.96,,1,,,,,,,,,,,,,,,*61


$OWN,0,261187000,0,100000.0,8.2,15.946881,54.960697,73.2,104.0,0.0,0.0,,5,9161247,SNHA   ,NAWIGATOR XXI       ,99,17,43,4,6,2,5,21,12,0,3.4,SZCZECIN            *49


$WIND,,,T,,,R*12


$AIS,0,273399760,3,0.4,0.0,15.349167,54.830029,246.2,231.0,-38400.37,-14376.25,,1,,,,,,,,,,,,,,,*5B


$AIS,0,273418880,0,100000.0,9.3,15.448887,54.815289,233.4,244.0,-32006.24,-16066.51,,1,,,,,,,,,,,,,,,*69


$OWN,0,261187000,0,100000.0,8.2,15.946947,54.960693,75.2,106.0,0.0,0.0,,5,9161247,SNHA   ,NAWIGATOR XXI       ,99,17,43,4,6,2,5,21,12,0,3.4,SZCZECIN            *42


$WIND,,,T,,,R*12


$AIS,0,273399760,3,0.4,0.0,15.349167,54.830029,246.2,231.0,-38400.37,-14376.25,,1,,,,,,,,,,,,,,,*5B


$AIS,0,273418880,0,100000.0,9.3,15.448887,54.815289,233.4,244.0,-32006.24,-16066.51,,1,,,,,,,,,,,,,,,*69


$OWN,0,261187000,0,100000.0,8.1,15.947012,54.960690,77.2,108.0,0.0,0.0,,5,9161247,SNHA   ,NAWIGATOR XXI       ,99,17,43,4,6,2,5,21,12,0,3.4,SZCZECIN            *46


$WIND,,,T,,,R*12


$AIS,0,273399760,3,1.6,0.0,15.349178,54.830029,246.2,231.0,-38403.80,-14375.79,,1,,,,,,,,,,,,,,,*53


$OWN,0,261187000,0,100000.0,8.0,15.947077,54.960686,79.3,110.0,0.0,0.0,,5,9161247,SNHA   ,NAWIGATOR XXI       ,99,17,43,4,6,2,5,21,12,0,3.4,SZCZECIN            *45


$WIND,,,T,,,R*12


$AIS,0,273399760,3,1.6,0.0,15.349178,54.830029,246.2,231.0,-38407.96,-14375.33,,1,,,,,,,,,,,,,,,*5E


$OWN,0,261187000,0,100000.0,8.0,15.947139,54.960678,81.3,114.0,0.0,0.0,,5,9161247,SNHA   ,NAWIGATOR XXI       ,99,17,43,4,6,2,5,21,12,0,3.4,SZCZECIN            *4C


$WIND,,,T,,,R*12


$AIS,0,273399760,3,1.6,0.0,15.349178,54.830029,246.2,231.0,-38411.95,-14374.45,,1,,,,,,,,,,,,,,,*5A


$OWN,0,261187000,0,100000.0,7.9,15.947200,54.960667,83.4,116.0,0.0,0.0,,5,9161247,SNHA   ,NAWIGATOR XXI       ,99,17,43,4,6,2,5,21,12,0,3.4,SZCZECIN            *4A


$WIND,,,T,,,R*12


$AIS,0,273399760,3,1.6,0.0,15.349178,54.830029,246.2,231.0,-38415.87,-14373.14,,1,,,,,,,,,,,,,,,*5E


$OWN,0,261187000,0,100000.0,7.9,15.947264,54.960659,85.4,118.0,0.0,0.0,,5,9161247,SNHA   ,NAWIGATOR XXI       ,99,17,43,4,6,2,5,21,12,0,3.4,SZCZECIN            *4D


$WIND,,,T,,,R*12


$AIS,0,273399760,3,1.6,0.0,15.349178,54.830029,246.2,231.0,-38419.97,-14372.26,,1,,,,,,,,,,,,,,,*53


$OWN,0,261187000,0,100000.0,7.8,15.947325,54.960648,87.3,120.0,0.0,0.0,,5,9161247,SNHA   ,NAWIGATOR XXI       ,99,17,43,4,6,2,5,21,12,0,3.4,SZCZECIN            *46


$WIND,,,T,,,R*12


$AIS,0,273399760,3,1.6,0.0,15.349178,54.830029,246.2,231.0,-38423.89,-14370.95,,1,,,,,,,,,,,,,,,*5F


$AIS,0,273392360,0,0.0,0.0,15.393785,54.826626,205.4,83.0,-35561.43,-14773.13,,1,,,,,,,,,,,,,,,*66


$OWN,0,261187000,0,100000.0,7.8,15.947383,54.960636,89.3,122.0,0.0,0.0,,5,9161247,SNHA   ,NAWIGATOR XXI       ,99,17,43,4,6,2,5,21,12,0,3.4,SZCZECIN            *4F


$WIND,,,T,,,R*12


$AIS,0,273399760,3,1.6,0.0,15.349178,54.830029,246.2,231.0,-38427.63,-14369.65,,1,,,,,,,,,,,,,,,*58


$AIS,0,273392360,0,0.0,0.0,15.393785,54.826626,205.4,83.0,-35565.16,-14771.82,,1,,,,,,,,,,,,,,,*68


$OWN,0,261187000,0,100000.0,7.7,15.947443,54.960625,91.2,124.0,0.0,0.0,,5,9161247,SNHA   ,NAWIGATOR XXI       ,99,17,43,4,6,2,5,21,12,0,3.4,SZCZECIN            *47


$WIND,,,T,,,R*12


$AIS,0,273399760,3,1.6,0.0,15.349178,54.830029,246.2,231.0,-38431.49,-14368.34,,1,,,,,,,,,,,,,,,*52


$AIS,0,273392360,0,0.0,0.0,15.393785,54.826626,205.4,83.0,-35569.02,-14770.52,,1,,,,,,,,,,,,,,,*6D


$OWN,0,261187000,0,100000.0,7.7,15.947502,54.960613,93.3,126.0,0.0,0.0,,5,9161247,SNHA   ,NAWIGATOR XXI       ,99,17,43,4,6,2,5,21,12,0,3.4,SZCZECIN            *47


$WIND,,,T,,,R*12


$AIS,0,273399760,3,1.6,0.0,15.349178,54.830029,246.2,231.0,-38435.29,-14367.03,,1,,,,,,,,,,,,,,,*5B


$AIS,0,273392360,0,0.0,0.0,15.393785,54.826626,205.4,83.0,-35572.82,-14769.22,,1,,,,,,,,,,,,,,,*60


$OWN,0,261187000,0,100000.0,7.6,15.947615,54.960579,97.4,128.0,0.0,0.0,,5,9161247,SNHA   ,NAWIGATOR XXI       ,99,17,43,4,6,2,5,21,12,0,3.4,SZCZECIN            *41


$WIND,,,T,,,R*12


$AIS,0,273399760,3,1.6,0.0,15.349178,54.830029,246.2,231.0,-38442.52,-14363.15,,1,,,,,,,,,,,,,,,*54


$AIS,0,273392360,0,0.0,0.0,15.393785,54.826626,205.4,83.0,-35580.05,-14765.34,,1,,,,,,,,,,,,,,,*69


$OWN,0,261187000,0,100000.0,7.6,15.947668,54.960560,99.5,130.0,0.0,0.0,,5,9161247,SNHA   ,NAWIGATOR XXI       ,99,17,43,4,6,2,5,21,12,0,3.4,SZCZECIN            *45


$WIND,,,T,,,R*12


$AIS,0,273399760,3,1.6,0.0,15.349182,54.830025,246.2,231.0,-38445.71,-14361.43,,1,,,,,,,,,,,,,,,*5A


$AIS,0,273392360,0,0.0,0.0,15.393785,54.826626,205.4,83.0,-35583.48,-14763.19,,1,,,,,,,,,,,,,,,*6A


$OWN,0,261187000,0,100000.0,7.5,15.947721,54.960545,101.5,131.0,0.0,0.0,,5,9161247,SNHA   ,NAWIGATOR XXI       ,99,17,43,4,6,2,5,21,12,0,3.4,SZCZECIN            *7C


$WIND,,,T,,,R*12


$AIS,0,273399760,3,1.6,0.0,15.349182,54.830025,246.2,231.0,-38449.14,-14359.70,,1,,,,,,,,,,,,,,,*5E


$AIS,0,273392360,0,0.0,0.0,15.393785,54.826626,205.4,83.0,-35586.91,-14761.46,,1,,,,,,,,,,,,,,,*63


$OWN,0,261187000,0,100000.0,7.5,15.947773,54.960522,103.6,133.0,0.0,0.0,,5,9161247,SNHA   ,NAWIGATOR XXI       ,99,17,43,4,6,2,5,21,12,0,3.4,SZCZECIN            *79


$WIND,,,T,,,R*12


$AIS,0,273399760,3,1.6,0.0,15.349182,54.830025,246.2,231.0,-38452.44,-14357.12,,1,,,,,,,,,,,,,,,*5B


$AIS,0,273392360,0,0.0,0.0,15.393785,54.826626,205.4,83.0,-35590.22,-14758.89,,1,,,,,,,,,,,,,,,*65


$OWN,0,261187000,0,100000.0,7.5,15.947825,54.960503,105.5,135.0,0.0,0.0,,5,9161247,SNHA   ,NAWIGATOR XXI       ,99,17,43,4,6,2,5,21,12,0,3.4,SZCZECIN            *75


$WIND,,,T,,,R*12


$AIS,0,273399760,3,1.6,0.0,15.349182,54.830025,246.2,231.0,-38455.81,-14354.97,,1,,,,,,,,,,,,,,,*5B


$AIS,0,273392360,0,0.0,0.0,15.393785,54.826626,205.4,83.0,-35593.59,-14756.74,,1,,,,,,,,,,,,,,,*66


$OWN,0,261187000,0,100000.0,7.5,15.947873,54.960484,107.6,137.0,0.0,0.0,,5,9161247,SNHA   ,NAWIGATOR XXI       ,99,17,43,4,6,2,5,21,12,0,3.4,SZCZECIN            *7B


$WIND,,,T,,,R*12


$AIS,0,273399760,3,1.6,0.0,15.349182,54.830025,246.2,231.0,-38458.88,-14352.82,,1,,,,,,,,,,,,,,,*5D


$AIS,0,273392360,0,0.0,0.0,15.393785,54.826626,205.4,83.0,-35596.66,-14754.60,,1,,,,,,,,,,,,,,,*68


$OWN,0,261187000,0,100000.0,7.5,15.947873,54.960484,107.6,139.0,0.0,0.0,,5,9161247,SNHA   ,NAWIGATOR XXI       ,99,17,43,4,6,2,5,21,12,0,3.4,SZCZECIN            *75


$WIND,,,T,,,R*12


$AIS,0,273399760,3,1.6,0.0,15.349182,54.830025,246.2,231.0,-38458.88,-14352.82,,1,,,,,,,,,,,,,,,*5D


$OWN,0,261187000,0,100000.0,7.4,15.947922,54.960461,109.6,141.0,0.0,0.0,,5,9161247,SNHA   ,NAWIGATOR XXI       ,99,17,43,4,6,2,5,21,12,0,3.4,SZCZECIN            *7B


$WIND,,,T,,,R*12


$AIS,0,273399760,3,1.6,0.0,15.349182,54.830025,246.2,231.0,-38462.00,-14350.25,,1,,,,,,,,,,,,,,,*5B


$OWN,0,261187000,0,100000.0,7.4,15.947968,54.960438,111.6,143.0,0.0,0.0,,5,9161247,SNHA   ,NAWIGATOR XXI       ,99,17,43,4,6,2,5,21,12,0,3.4,SZCZECIN            *72


$WIND,,,T,,,R*12


$AIS,0,273399760,3,1.6,0.0,15.349182,54.830025,246.2,231.0,-38465.00,-14347.68,,1,,,,,,,,,,,,,,,*53


$OWN,0,261187000,0,100000.0,7.4,15.948011,54.960415,113.5,146.0,0.0,0.0,,5,9161247,SNHA   ,NAWIGATOR XXI       ,99,17,43,4,6,2,5,21,12,0,3.4,SZCZECIN            *71


$WIND,,,T,,,R*12


$AIS,0,273399760,3,1.6,0.0,15.349182,54.830025,246.2,231.0,-38467.76,-14345.11,,1,,,,,,,,,,,,,,,*5C


$OWN,0,261187000,0,100000.0,7.3,15.948055,54.960388,115.6,146.0,0.0,0.0,,5,9161247,SNHA   ,NAWIGATOR XXI       ,99,17,43,4,6,2,5,21,12,0,3.4,SZCZECIN            *70


$WIND,,,T,,,R*12


$AIS,0,273399760,3,-0.4,0.0,15.349182,54.830025,246.2,231.0,-38470.58,-14342.11,,1,,,,,,,,,,,,,,,*7F


$OWN,0,261187000,0,100000.0,7.3,15.948096,54.960361,117.8,148.0,0.0,0.0,,5,9161247,SNHA   ,NAWIGATOR XXI       ,99,17,43,4,6,2,5,21,12,0,3.4,SZCZECIN            *7A


$WIND,,,T,,,R*12


$AIS,0,273399760,3,-0.4,0.0,15.349182,54.830025,246.2,231.0,-38473.21,-14339.12,,1,,,,,,,,,,,,,,,*7D


$OWN,0,261187000,0,100000.0,7.3,15.948135,54.960335,120.0,149.0,0.0,0.0,,5,9161247,SNHA   ,NAWIGATOR XXI       ,99,17,43,4,6,2,5,21,12,0,3.4,SZCZECIN            *7E


$WIND,,,T,,,R*12


$AIS,0,273399760,3,-0.4,0.0,15.349182,54.830025,246.2,231.0,-38475.72,-14336.12,,1,,,,,,,,,,,,,,,*72


$AIS,0,246530000,0,0.0,11.0,15.245400,54.772133,65.6,65.0,-45206.94,-20715.99,,1,,,,,,,,,,,,,,,*62


$OWN,0,261187000,0,100000.0,7.2,15.948172,54.960312,122.0,153.0,0.0,0.0,,5,9161247,SNHA   ,NAWIGATOR XXI       ,99,17,43,4,6,2,5,21,12,0,3.4,SZCZECIN            *70


$WIND,,,T,,,R*12


$AIS,0,273399760,3,-0.4,0.0,15.349182,54.830025,246.2,231.0,-38478.05,-14333.56,,1,,,,,,,,,,,,,,,*7A


$AIS,0,246530000,0,0.0,11.0,15.245400,54.772133,65.6,65.0,-45209.27,-20713.42,,1,,,,,,,,,,,,,,,*65


$OWN,0,261187000,0,100000.0,7.2,15.948209,54.960281,123.8,155.0,0.0,0.0,,5,9161247,SNHA   ,NAWIGATOR XXI       ,99,17,43,4,6,2,5,21,12,0,3.4,SZCZECIN            *7B


$WIND,,,T,,,R*12


$AIS,0,273399760,3,-0.4,0.0,15.349182,54.830025,246.2,231.0,-38480.44,-14330.14,,1,,,,,,,,,,,,,,,*7D


$AIS,0,246530000,0,0.0,11.0,15.245400,54.772133,65.6,65.0,-45211.67,-20710.00,,1,,,,,,,,,,,,,,,*6D


$OWN,0,261187000,0,100000.0,7.2,15.948243,54.960255,125.8,157.0,0.0,0.0,,5,9161247,SNHA   ,NAWIGATOR XXI       ,99,17,43,4,6,2,5,21,12,0,3.4,SZCZECIN            *78


$WIND,,,T,,,R*12


$AIS,0,273399760,3,-0.4,0.0,15.349182,54.830025,246.2,231.0,-38482.65,-14327.15,,1,,,,,,,,,,,,,,,*7B


$AIS,0,246530000,0,0.0,11.0,15.245400,54.772133,65.6,65.0,-45213.87,-20707.01,,1,,,,,,,,,,,,,,,*66


$OWN,0,261187000,0,100000.0,7.2,15.948277,54.960224,127.8,159.0,0.0,0.0,,5,9161247,SNHA   ,NAWIGATOR XXI       ,99,17,43,4,6,2,5,21,12,0,3.4,SZCZECIN            *75


$WIND,,,T,,,R*12


$AIS,0,273399760,3,-0.4,0.0,15.349182,54.830025,246.2,231.0,-38484.79,-14323.74,,1,,,,,,,,,,,,,,,*73


$AIS,0,246530000,0,0.0,11.0,15.245400,54.772133,65.6,65.0,-45216.02,-20703.59,,1,,,,,,,,,,,,,,,*67


$AIS,0,273392360,0,0.0,0.0,15.393779,54.826622,205.4,82.0,-35623.00,-14725.95,,1,,,,,,,,,,,,,,,*6F


$OWN,0,261187000,0,100000.0,7.2,15.948308,54.960194,129.8,161.0,0.0,0.0,,5,9161247,SNHA   ,NAWIGATOR XXI       ,99,17,43,4,6,2,5,21,12,0,3.4,SZCZECIN            *71


$WIND,,,T,,,R*12


$AIS,0,273399760,3,-0.4,0.0,15.349182,54.830025,246.2,231.0,-38486.81,-14320.32,,1,,,,,,,,,,,,,,,*77


$AIS,0,246530000,0,0.0,11.0,15.245400,54.772133,65.6,65.0,-45218.05,-20700.17,,1,,,,,,,,,,,,,,,*67


$AIS,0,273392360,0,0.0,0.0,15.393779,54.826622,205.4,82.0,-35625.03,-14722.53,,1,,,,,,,,,,,,,,,*67


$OWN,0,261187000,0,100000.0,7.1,15.948339,54.960167,131.8,163.0,0.0,0.0,,5,9161247,SNHA   ,NAWIGATOR XXI       ,99,17,43,4,6,2,5,21,12,0,3.4,SZCZECIN            *77


$WIND,,,T,,,R*12


$AIS,0,273399760,3,-0.4,0.0,15.349182,54.830025,246.2,231.0,-38488.77,-14317.34,,1,,,,,,,,,,,,,,,*72


$AIS,0,246530000,0,0.0,11.0,15.245400,54.772133,65.6,65.0,-45220.01,-20697.18,,1,,,,,,,,,,,,,,,*68


$AIS,0,273392360,0,0.0,0.0,15.393779,54.826622,205.4,82.0,-35626.99,-14719.55,,1,,,,,,,,,,,,,,,*69


$OWN,0,261187000,0,100000.0,7.1,15.948365,54.960136,133.9,165.0,0.0,0.0,,5,9161247,SNHA   ,NAWIGATOR XXI       ,99,17,43,4,6,2,5,21,12,0,3.4,SZCZECIN            *7F


$WIND,,,T,,,R*12


$AIS,0,273399760,3,-0.4,0.0,15.349182,54.830025,246.2,231.0,-38490.49,-14313.92,,1,,,,,,,,,,,,,,,*7E


$AIS,0,246530000,0,0.0,11.0,15.245400,54.772133,65.6,65.0,-45221.73,-20693.77,,1,,,,,,,,,,,,,,,*61


$AIS,0,273392360,0,0.0,0.0,15.393779,54.826622,205.4,82.0,-35628.70,-14716.14,,1,,,,,,,,,,,,,,,*6A


$OWN,0,261187000,0,100000.0,7.1,15.948390,54.960106,136.0,165.0,0.0,0.0,,5,9161247,SNHA   ,NAWIGATOR XXI       ,99,17,43,4,6,2,5,21,12,0,3.4,SZCZECIN            *7A


$WIND,,,T,,,R*12


$AIS,0,273399760,3,-0.4,0.0,15.349182,54.830025,246.2,231.0,-38492.08,-14310.52,,1,,,,,,,,,,,,,,,*76


$AIS,0,246530000,0,0.0,11.0,15.245400,54.772133,65.6,65.0,-45223.32,-20690.36,,1,,,,,,,,,,,,,,,*60


$AIS,0,273392360,0,0.0,0.0,15.393779,54.826622,205.4,82.0,-35630.29,-14712.73,,1,,,,,,,,,,,,,,,*6A


$OWN,0,261187000,0,100000.0,7.1,15.948413,54.960072,138.0,167.0,0.0,0.0,,5,9161247,SNHA   ,NAWIGATOR XXI       ,99,17,43,4,6,2,5,21,12,0,3.4,SZCZECIN            *78


$WIND,,,T,,,R*12


$AIS,0,246530000,0,0.0,11.0,15.245400,54.772133,65.6,65.0,-45224.79,-20686.52,,1,,,,,,,,,,,,,,,*6D


$AIS,0,273392360,0,0.0,0.0,15.393779,54.826622,205.4,82.0,-35631.76,-14708.90,,1,,,,,,,,,,,,,,,*67


$OWN,0,261187000,0,100000.0,7.1,15.948435,54.960041,139.9,169.0,0.0,0.0,,5,9161247,SNHA   ,NAWIGATOR XXI       ,99,17,43,4,6,2,5,21,12,0,3.4,SZCZECIN            *7A


$WIND,,,T,,,R*12


$AIS,0,246530000,0,0.0,11.0,15.245400,54.772133,65.6,65.0,-45226.21,-20683.11,,1,,,,,,,,,,,,,,,*60


$AIS,0,273392360,0,0.0,0.0,15.393779,54.826622,205.4,82.0,-35633.17,-14705.49,,1,,,,,,,,,,,,,,,*6B


$OWN,0,261187000,0,100000.0,7.1,15.948453,54.960007,142.0,171.0,0.0,0.0,,5,9161247,SNHA   ,NAWIGATOR XXI       ,99,17,43,4,6,2,5,21,12,0,3.4,SZCZECIN            *74


$WIND,,,T,,,R*12


$AIS,0,273392360,0,0.0,0.0,15.393779,54.826622,205.4,82.0,-35634.34,-14701.66,,1,,,,,,,,,,,,,,,*64


$OWN,0,261187000,0,100000.0,7.0,15.948472,54.959976,144.0,172.0,0.0,0.0,,5,9161247,SNHA   ,NAWIGATOR XXI       ,99,17,43,4,6,2,5,21,12,0,3.4,SZCZECIN            *76


$WIND,,,T,,,R*12


$AIS,0,273392360,0,0.0,0.0,15.393779,54.826622,205.4,82.0,-35635.56,-14698.25,,1,,,,,,,,,,,,,,,*67


$AIS,0,229630000,0,0.0,10.9,15.237667,55.410999,85.0,83.0,-45002.78,50420.75,,1,,,,,,,,,,,,,,,*41


$OWN,0,261187000,0,100000.0,7.0,15.948488,54.959942,145.9,174.0,0.0,0.0,,5,9161247,SNHA   ,NAWIGATOR XXI       ,99,17,43,4,6,2,5,21,12,0,3.4,SZCZECIN            *7A


$WIND,,,T,,,R*12


$AIS,0,273392360,0,0.0,0.0,15.393779,54.826622,205.4,82.0,-35636.60,-14694.43,,1,,,,,,,,,,,,,,,*6D


$AIS,0,229630000,0,0.0,10.9,15.237667,55.410999,85.0,83.0,-45003.81,50424.58,,1,,,,,,,,,,,,,,,*4D


$AIS,0,273418870,0,0.0,0.5,15.298567,54.826321,110.2,68.0,-41753.61,-14675.40,,1,,,,,,,,,,,,,,,*6F


$OWN,0,261187000,0,100000.0,7.0,15.948502,54.959911,147.8,178.0,0.0,0.0,,5,9161247,SNHA   ,NAWIGATOR XXI       ,99,17,43,4,6,2,5,21,12,0,3.4,SZCZECIN            *70


$WIND,,,T,,,R*12


$AIS,0,229630000,0,0.0,10.9,15.237667,55.410999,85.0,83.0,-45004.65,50427.99,,1,,,,,,,,,,,,,,,*4E


$AIS,0,273418870,0,0.0,0.5,15.298567,54.826321,110.2,68.0,-41754.47,-14671.99,,1,,,,,,,,,,,,,,,*6C


$AIS,0,273397740,3,-100000.0,0.6,15.337300,54.836300,8.3,303.0,-39256.42,-13583.95,,1,,,,,,,,,,,,,,,*42


$OWN,0,261187000,0,100000.0,7.0,15.948515,54.959877,149.8,180.0,0.0,0.0,,5,9161247,SNHA   ,NAWIGATOR XXI       ,99,17,43,4,6,2,5,21,12,0,3.4,SZCZECIN            *7E


$WIND,,,T,,,R*12


$AIS,0,229630000,0,0.0,10.9,15.237667,55.410999,85.0,83.0,-45005.50,50431.82,,1,,,,,,,,,,,,,,,*44


$AIS,0,273418870,0,0.0,0.5,15.298567,54.826321,110.2,68.0,-41755.32,-14668.16,,1,,,,,,,,,,,,,,,*60


$AIS,0,273397740,3,-100000.0,0.6,15.337300,54.836300,8.3,303.0,-39257.27,-13580.12,,1,,,,,,,,,,,,,,,*4C


$OWN,0,261187000,0,100000.0,7.0,15.948525,54.959843,151.7,182.0,0.0,0.0,,5,9161247,SNHA   ,NAWIGATOR XXI       ,99,17,43,4,6,2,5,21,12,0,3.4,SZCZECIN            *7E


$WIND,,,T,,,R*12


$AIS,0,229630000,0,0.0,10.9,15.237667,55.410999,85.0,83.0,-45006.16,50435.64,,1,,,,,,,,,,,,,,,*49


$AIS,0,273418870,0,0.0,0.5,15.298567,54.826321,110.2,68.0,-41756.00,-14664.34,,1,,,,,,,,,,,,,,,*6E


$AIS,0,273397740,3,-100000.0,0.6,15.337300,54.836300,8.3,303.0,-39257.95,-13576.30,,1,,,,,,,,,,,,,,,*4C


$OWN,0,261187000,0,100000.0,7.0,15.948535,54.959808,153.7,184.0,0.0,0.0,,5,9161247,SNHA   ,NAWIGATOR XXI       ,99,17,43,4,6,2,5,21,12,0,3.4,SZCZECIN            *74


$WIND,,,T,,,R*12


$AIS,0,229630000,0,0.0,10.9,15.237667,55.410999,85.0,83.0,-45006.77,50439.47,,1,,,,,,,,,,,,,,,*43


$AIS,0,273418870,0,0.0,0.5,15.298567,54.826321,110.2,68.0,-41756.61,-14660.51,,1,,,,,,,,,,,,,,,*6E


$AIS,0,273397740,3,-100000.0,0.6,15.337300,54.836300,8.3,303.0,-39258.56,-13572.47,,1,,,,,,,,,,,,,,,*48


$OWN,0,261187000,0,100000.0,7.0,15.948540,54.959774,155.7,184.0,0.0,0.0,,5,9161247,SNHA   ,NAWIGATOR XXI       ,99,17,43,4,6,2,5,21,12,0,3.4,SZCZECIN            *74


$WIND,,,T,,,R*12


$AIS,0,229630000,0,0.0,10.9,15.237667,55.410999,85.0,83.0,-45007.07,50443.29,,1,,,,,,,,,,,,,,,*40


$AIS,0,273418870,0,0.0,0.5,15.298567,54.826321,110.2,68.0,-41756.92,-14656.69,,1,,,,,,,,,,,,,,,*6C


$AIS,0,273397740,3,-100000.0,0.6,15.337300,54.836300,8.3,303.0,-39258.87,-13568.65,,1,,,,,,,,,,,,,,,*4F


$OWN,0,261187000,0,100000.0,7.0,15.948544,54.959743,157.8,186.0,0.0,0.0,,5,9161247,SNHA   ,NAWIGATOR XXI       ,99,17,43,4,6,2,5,21,12,0,3.4,SZCZECIN            *7B


$WIND,,,T,,,R*12


$AIS,0,229630000,0,0.0,10.9,15.237667,55.410999,85.0,83.0,-45007.31,50446.69,,1,,,,,,,,,,,,,,,*44


$AIS,0,273418870,0,0.0,0.5,15.298567,54.826321,110.2,68.0,-41757.16,-14653.29,,1,,,,,,,,,,,,,,,*60


$AIS,0,273397740,3,-100000.0,0.6,15.337300,54.836300,8.3,303.0,-39259.11,-13565.25,,1,,,,,,,,,,,,,,,*48


$AIS,0,273399760,3,0.4,0.0,15.349167,54.830029,246.2,231.0,-38502.92,-14269.67,,1,,,,,,,,,,,,,,,*5E


$AIS,0,246530000,0,0.0,11.0,15.246917,54.772533,65.6,65.0,-45135.21,-20606.34,,1,,,,,,,,,,,,,,,*67


$OWN,0,261187000,0,100000.0,6.9,15.948545,54.959709,159.8,188.0,0.0,0.0,,5,9161247,SNHA   ,NAWIGATOR XXI       ,99,17,43,4,6,2,5,21,12,0,3.4,SZCZECIN            *7C


$WIND,,,T,,,R*12


$AIS,0,229630000,0,0.0,10.9,15.237667,55.410999,85.0,83.0,-45007.43,50450.51,,1,,,,,,,,,,,,,,,*4D


$AIS,0,273418870,0,0.0,0.5,15.298567,54.826321,110.2,68.0,-41757.28,-14649.47,,1,,,,,,,,,,,,,,,*6E


$AIS,0,273397740,3,-100000.0,0.6,15.337300,54.836300,8.3,303.0,-39259.23,-13561.43,,1,,,,,,,,,,,,,,,*4D


$AIS,0,273399760,3,0.4,0.0,15.349167,54.830029,246.2,231.0,-38503.04,-14265.85,,1,,,,,,,,,,,,,,,*50


$AIS,0,246530000,0,0.0,11.0,15.246917,54.772533,65.6,65.0,-45135.33,-20602.52,,1,,,,,,,,,,,,,,,*60


$OWN,0,261187000,0,100000.0,6.9,15.948545,54.959675,161.7,190.0,0.0,0.0,,5,9161247,SNHA   ,NAWIGATOR XXI       ,99,17,43,4,6,2,5,21,12,0,3.4,SZCZECIN            *7B


$WIND,,,T,,,R*12


$AIS,0,229630000,0,0.0,10.9,15.237667,55.410999,85.0,83.0,-45007.43,50454.33,,1,,,,,,,,,,,,,,,*4D


$AIS,0,273418870,0,0.0,0.5,15.298567,54.826321,110.2,68.0,-41757.28,-14645.65,,1,,,,,,,,,,,,,,,*62


$AIS,0,273397740,3,-100000.0,0.6,15.337300,54.836300,8.3,303.0,-39259.23,-13557.61,,1,,,,,,,,,,,,,,,*48


$AIS,0,273399760,3,0.4,0.0,15.349167,54.830029,246.2,231.0,-38503.04,-14262.03,,1,,,,,,,,,,,,,,,*59


$AIS,0,246530000,0,0.0,11.0,15.246917,54.772533,65.6,65.0,-45135.33,-20598.70,,1,,,,,,,,,,,,,,,*60


$OWN,0,261187000,0,100000.0,6.9,15.948545,54.959675,161.7,191.0,0.0,0.0,,1,,,,,,,,,,,,,,,*6F


$WIND,,,T,,,R*12


$AIS,0,229630000,0,0.0,10.9,15.237667,55.410999,85.0,83.0,-45007.31,50458.15,,1,,,,,,,,,,,,,,,*40


$AIS,0,273418870,0,0.0,0.5,15.298567,54.826321,110.2,68.0,-41757.16,-14641.83,,1,,,,,,,,,,,,,,,*63


$AIS,0,273397740,3,-100000.0,0.6,15.337300,54.836300,8.3,303.0,-39259.11,-13553.79,,1,,,,,,,,,,,,,,,*44


$AIS,0,273399760,3,0.4,0.0,15.349167,54.830029,246.2,231.0,-38502.92,-14258.21,,1,,,,,,,,,,,,,,,*5E


$AIS,0,246530000,0,0.0,11.0,15.246917,54.772533,65.6,65.0,-45135.21,-20594.88,,1,,,,,,,,,,,,,,,*68


$OWN,0,261187000,0,100000.0,6.9,15.948544,54.959641,163.5,193.0,0.0,0.0,,1,,,,,,,,,,,,,,,*6B


$WIND,,,T,,,R*12


$AIS,0,273397740,3,-100000.0,0.6,15.337300,54.836300,8.3,303.0,-39258.99,-13549.97,,1,,,,,,,,,,,,,,,*4E


$AIS,0,273399760,3,0.4,0.0,15.349167,54.830029,246.2,231.0,-38502.80,-14254.39,,1,,,,,,,,,,,,,,,*58


$AIS,0,246530000,0,0.0,11.0,15.246917,54.772533,65.6,65.0,-45135.09,-20591.06,,1,,,,,,,,,,,,,,,*61


$OWN,0,261187000,0,100000.0,6.9,15.948542,54.959606,165.4,195.0,0.0,0.0,,1,,,,,,,,,,,,,,,*6F


$WIND,,,T,,,R*12


$AIS,0,273399760,3,0.4,0.0,15.349167,54.830029,246.2,231.0,-38502.49,-14250.57,,1,,,,,,,,,,,,,,,*51


$AIS,0,246530000,0,0.0,11.0,15.246917,54.772533,65.6,65.0,-45134.78,-20587.24,,1,,,,,,,,,,,,,,,*61


$OWN,0,261187000,0,100000.0,6.9,15.948537,54.959572,167.4,197.0,0.0,0.0,,1,,,,,,,,,,,,,,,*6D


$WIND,,,T,,,R*12


$AIS,0,273399760,3,0.4,0.0,15.349167,54.830029,246.2,231.0,-38502.06,-14246.76,,1,,,,,,,,,,,,,,,*5E


$AIS,0,246530000,0,0.0,11.0,15.246917,54.772533,65.6,65.0,-45134.35,-20583.42,,1,,,,,,,,,,,,,,,*6C


$OWN,0,261187000,0,100000.0,6.9,15.948530,54.959538,169.3,199.0,0.0,0.0,,1,,,,,,,,,,,,,,,*63


$WIND,,,T,,,R*12


$AIS,0,273399760,3,0.4,0.0,15.349167,54.830029,246.2,231.0,-38500.78,-14239.55,,1,,,,,,,,,,,,,,,*5C


$AIS,0,246530000,0,0.0,11.0,15.246917,54.772533,65.6,65.0,-45133.06,-20576.22,,1,,,,,,,,,,,,,,,*67


$OWN,0,261187000,0,100000.0,6.9,15.948510,54.959473,173.1,201.0,0.0,0.0,,1,,,,,,,,,,,,,,,*64


$WIND,,,T,,,R*12


$AIS,0,273399760,3,0.4,0.0,15.349167,54.830029,246.2,231.0,-38499.92,-14235.74,,1,,,,,,,,,,,,,,,*56


$AIS,0,246530000,0,0.0,11.0,15.246917,54.772533,65.6,65.0,-45132.20,-20572.41,,1,,,,,,,,,,,,,,,*63


$OWN,0,261187000,0,100000.0,6.9,15.948483,54.959408,176.9,202.0,0.0,0.0,,1,,,,,,,,,,,,,,,*6D


$WIND,,,T,,,R*12


$AIS,0,273399760,3,0.4,0.0,15.349167,54.830029,246.2,231.0,-38499.06,-14232.35,,1,,,,,,,,,,,,,,,*59


$AIS,0,246530000,0,0.0,11.0,15.246917,54.772533,65.6,65.0,-45131.34,-20569.02,,1,,,,,,,,,,,,,,,*68


$OWN,0,261187000,0,100000.0,6.9,15.948466,54.959373,178.7,204.0,0.0,0.0,,1,,,,,,,,,,,,,,,*6B


$WIND,,,T,,,R*12


$AIS,0,246530000,0,0.0,11.0,15.246917,54.772533,65.6,65.0,-45130.24,-20565.21,,1,,,,,,,,,,,,,,,*65


$OWN,0,261187000,0,100000.0,6.9,15.948466,54.959373,178.7,206.0,0.0,0.0,,1,,,,,,,,,,,,,,,*69


$WIND,,,T,,,R*12


$OWN,0,261187000,0,100000.0,6.9,15.948432,54.959309,182.3,208.0,0.0,0.0,,1,,,,,,,,,,,,,,,*6A


$WIND,,,T,,,R*12


$OWN,0,261187000,0,100000.0,6.9,15.948410,54.959278,184.1,209.0,0.0,0.0,,1,,,,,,,,,,,,,,,*68


$WIND,,,T,,,R*12


$OWN,0,261187000,0,100000.0,6.9,15.948386,54.959248,186.0,211.0,0.0,0.0,,1,,,,,,,,,,,,,,,*69


$WIND,,,T,,,R*12


$OWN,0,261187000,0,100000.0,6.9,15.948361,54.959213,187.8,213.0,0.0,0.0,,1,,,,,,,,,,,,,,,*65


$WIND,,,T,,,R*12


$OWN,0,261187000,0,100000.0,6.9,15.948361,54.959213,187.8,214.0,0.0,0.0,,1,,,,,,,,,,,,,,,*62


$WIND,,,T,,,R*12


$OWN,0,261187000,0,100000.0,6.9,15.948335,54.959187,189.6,216.0,0.0,0.0,,1,,,,,,,,,,,,,,,*6F


$WIND,,,T,,,R*12


$OWN,0,261187000,0,100000.0,7.0,15.948310,54.959152,191.3,218.0,0.0,0.0,,1,,,,,,,,,,,,,,,*6A


$WIND,,,T,,,R*12


$OWN,0,261187000,0,100000.0,7.0,15.948280,54.959122,193.1,220.0,0.0,0.0,,1,,,,,,,,,,,,,,,*6E


$WIND,,,T,,,R*12


$OWN,0,261187000,0,100000.0,7.0,15.948250,54.959095,194.9,221.0,0.0,0.0,,1,,,,,,,,,,,,,,,*60


$WIND,,,T,,,R*12


$OWN,0,261187000,0,100000.0,7.0,15.948216,54.959068,196.6,223.0,0.0,0.0,,1,,,,,,,,,,,,,,,*6F


$WIND,,,T,,,R*12


$OWN,0,261187000,0,100000.0,7.0,15.948149,54.959011,200.2,225.0,0.0,0.0,,1,,,,,,,,,,,,,,,*66


$WIND,,,T,,,R*12


$OWN,0,261187000,0,100000.0,7.0,15.948112,54.958984,201.9,227.0,0.0,0.0,,1,,,,,,,,,,,,,,,*64


$WIND,,,T,,,R*12


$OWN,0,261187000,0,100000.0,7.0,15.948075,54.958958,203.7,229.0,0.0,0.0,,1,,,,,,,,,,,,,,,*67


$WIND,,,T,,,R*12


$OWN,0,261187000,0,100000.0,7.0,15.948036,54.958931,205.4,230.0,0.0,0.0,,1,,,,,,,,,,,,,,,*62


$WIND,,,T,,,R*12


$AIS,0,273392360,0,0.0,0.0,15.393773,54.826611,205.4,82.0,-35607.94,-14583.44,,1,,,,,,,,,,,,,,,*6C


$OWN,0,261187000,0,100000.0,7.0,15.947997,54.958908,207.1,232.0,0.0,0.0,,1,,,,,,,,,,,,,,,*60


$WIND,,,T,,,R*12


$AIS,0,273392360,0,0.0,0.0,15.393773,54.826611,205.4,82.0,-35605.43,-14580.91,,1,,,,,,,,,,,,,,,*6F


$OWN,0,261187000,0,100000.0,7.0,15.947953,54.958881,208.8,234.0,0.0,0.0,,1,,,,,,,,,,,,,,,*68


$WIND,,,T,,,R*12


$AIS,0,273392360,0,0.0,0.0,15.393773,54.826611,205.4,82.0,-35602.61,-14577.96,,1,,,,,,,,,,,,,,,*67


$OWN,0,261187000,0,100000.0,7.0,15.947911,54.958858,210.6,236.0,0.0,0.0,,1,,,,,,,,,,,,,,,*6F


$WIND,,,T,,,R*12


$AIS,0,273392360,0,0.0,0.0,15.393773,54.826611,205.4,82.0,-35599.92,-14575.43,,1,,,,,,,,,,,,,,,*60


$OWN,0,261187000,0,100000.0,7.0,15.947911,54.958858,210.6,238.0,0.0,0.0,,1,,,,,,,,,,,,,,,*61


$WIND,,,T,,,R*12


$AIS,0,273392360,0,0.0,0.0,15.393773,54.826611,205.4,82.0,-35597.04,-14572.91,,1,,,,,,,,,,,,,,,*69


$OWN,0,261187000,0,100000.0,7.0,15.947866,54.958836,212.4,240.0,0.0,0.0,,1,,,,,,,,,,,,,,,*67


$WIND,,,T,,,R*12


$AIS,0,273392360,0,0.0,0.0,15.393773,54.826611,205.4,82.0,-35594.03,-14570.81,,1,,,,,,,,,,,,,,,*6E


$OWN,0,261187000,0,100000.0,7.0,15.947820,54.958817,214.2,241.0,0.0,0.0,,1,,,,,,,,,,,,,,,*67


$WIND,,,T,,,R*12


$AIS,0,273392360,0,0.0,0.0,15.393773,54.826611,205.4,82.0,-35591.03,-14568.29,,1,,,,,,,,,,,,,,,*60


$OWN,0,261187000,0,100000.0,7.0,15.947726,54.958775,217.7,243.0,0.0,0.0,,1,,,,,,,,,,,,,,,*61


$WIND,,,T,,,R*12


$AIS,0,273392360,0,0.0,0.0,15.393773,54.826611,205.4,82.0,-35588.03,-14566.19,,1,,,,,,,,,,,,,,,*65


$OWN,0,261187000,0,100000.0,7.0,15.947677,54.958752,219.4,245.0,0.0,0.0,,1,,,,,,,,,,,,,,,*6A


$WIND,,,T,,,R*12


$AIS,0,273392360,0,0.0,0.0,15.393773,54.826611,205.4,82.0,-35584.84,-14563.67,,1,,,,,,,,,,,,,,,*6A


$OWN,0,261187000,0,100000.0,7.0,15.947628,54.958733,221.0,247.0,0.0,0.0,,1,,,,,,,,,,,,,,,*6A


$WIND,,,T,,,R*12


$AIS,0,273392360,0,0.0,0.0,15.393773,54.826611,205.4,82.0,-35581.72,-14561.57,,1,,,,,,,,,,,,,,,*67


$OWN,0,261187000,0,100000.0,7.0,15.947578,54.958714,222.7,249.0,0.0,0.0,,1,,,,,,,,,,,,,,,*63


$WIND,,,T,,,R*12


$OWN,0,261187000,0,100000.0,7.0,15.947527,54.958698,224.4,251.0,0.0,0.0,,1,,,,,,,,,,,,,,,*60


$WIND,,,T,,,R*12


$OWN,0,261187000,0,100000.0,7.0,15.947475,54.958683,226.1,253.0,0.0,0.0,,1,,,,,,,,,,,,,,,*69


$WIND,,,T,,,R*12


$OWN,0,261187000,0,100000.0,7.0,15.947422,54.958668,228.0,254.0,0.0,0.0,,1,,,,,,,,,,,,,,,*66


$WIND,,,T,,,R*12


$OWN,0,261187000,0,100000.0,7.0,15.947369,54.958652,229.7,256.0,0.0,0.0,,1,,,,,,,,,,,,,,,*63


$WIND,,,T,,,R*12


$OWN,0,261187000,0,100000.0,7.0,15.947313,54.958641,231.5,258.0,0.0,0.0,,1,,,,,,,,,,,,,,,*69


$WIND,,,T,,,R*12


$OWN,0,261187000,0,100000.0,7.0,15.947257,54.958630,233.2,260.0,0.0,0.0,,1,,,,,,,,,,,,,,,*60


$WIND,,,T,,,R*12


$OWN,0,261187000,0,100000.0,7.0,15.947202,54.958618,234.9,262.0,0.0,0.0,,1,,,,,,,,,,,,,,,*64


$WIND,,,T,,,R*12


$OWN,0,261187000,0,100000.0,7.0,15.947146,54.958607,236.6,263.0,0.0,0.0,,1,,,,,,,,,,,,,,,*65


$WIND,,,T,,,R*12


$OWN,0,261187000,0,100000.0,7.0,15.947090,54.958595,238.3,265.0,0.0,0.0,,1,,,,,,,,,,,,,,,*6A


$WIND,,,T,,,R*12


$OWN,0,261187000,0,100000.0,7.0,15.947033,54.958591,240.0,267.0,0.0,0.0,,1,,,,,,,,,,,,,,,*69


$WIND,,,T,,,R*12


$OWN,0,261187000,0,100000.0,7.0,15.946975,54.958580,241.8,269.0,0.0,0.0,,1,,,,,,,,,,,,,,,*64


$WIND,,,T,,,R*12


$OWN,0,261187000,0,100000.0,7.0,15.946918,54.958576,243.6,271.0,0.0,0.0,,1,,,,,,,,,,,,,,,*63


$WIND,,,T,,,R*12


$OWN,0,261187000,0,100000.0,7.0,15.946858,54.958572,245.3,273.0,0.0,0.0,,1,,,,,,,,,,,,,,,*63


$WIND,,,T,,,R*12


$OWN,0,261187000,0,100000.0,7.0,15.946858,54.958572,245.3,274.0,0.0,0.0,,1,,,,,,,,,,,,,,,*64


$WIND,,,T,,,R*12


$OWN,0,261187000,0,100000.0,7.0,15.946800,54.958569,247.0,276.0,0.0,0.0,,1,,,,,,,,,,,,,,,*60


$WIND,,,T,,,R*12


$OWN,0,261187000,0,100000.0,7.0,15.946742,54.958565,248.7,278.0,0.0,0.0,,1,,,,,,,,,,,,,,,*63


$WIND,,,T,,,R*12


$OWN,0,261187000,0,100000.0,7.0,15.946682,54.958561,250.4,280.0,0.0,0.0,,1,,,,,,,,,,,,,,,*67


$WIND,,,T,,,R*12


$OWN,0,261187000,0,100000.0,7.0,15.946624,54.958561,252.2,282.0,0.0,0.0,,1,,,,,,,,,,,,,,,*6D


$WIND,,,T,,,R*12


$OWN,0,261187000,0,100000.0,7.0,15.946565,54.958561,254.0,283.0,0.0,0.0,,1,,,,,,,,,,,,,,,*6E


$WIND,,,T,,,R*12


$OWN,0,261187000,0,100000.0,7.0,15.946507,54.958561,255.8,285.0,0.0,0.0,,1,,,,,,,,,,,,,,,*65


$WIND,,,T,,,R*12


$OWN,0,261187000,0,100000.0,7.0,15.946388,54.958565,259.3,287.0,0.0,0.0,,1,,,,,,,,,,,,,,,*65


$WIND,,,T,,,R*12


$OWN,0,261187000,0,100000.0,7.0,15.946330,54.958569,261.0,289.0,0.0,0.0,,1,,,,,,,,,,,,,,,*6C


$WIND,,,T,,,R*12


$OWN,0,261187000,0,100000.0,7.0,15.946272,54.958576,262.7,291.0,0.0,0.0,,1,,,,,,,,,,,,,,,*68


$WIND,,,T,,,R*12


$OWN,0,261187000,0,100000.0,7.0,15.946272,54.958576,262.7,292.0,0.0,0.0,,1,,,,,,,,,,,,,,,*6B


$WIND,,,T,,,R*12


$OWN,0,261187000,0,100000.0,7.0,15.946214,54.958580,264.4,294.0,0.0,0.0,,1,,,,,,,,,,,,,,,*61


$WIND,,,T,,,R*12


$OWN,0,261187000,0,100000.0,7.0,15.946157,54.958588,266.2,296.0,0.0,0.0,,1,,,,,,,,,,,,,,,*6B


$WIND,,,T,,,R*12


$OWN,0,261187000,0,100000.0,7.0,15.946098,54.958595,268.0,298.0,0.0,0.0,,1,,,,,,,,,,,,,,,*67


$WIND,,,T,,,R*12


$OWN,0,261187000,0,100000.0,7.0,15.946042,54.958607,269.7,298.0,0.0,0.0,,1,,,,,,,,,,,,,,,*6E


$WIND,,,T,,,R*12


$OWN,0,261187000,0,100000.0,7.0,15.945987,54.958614,271.5,300.0,0.0,0.0,,1,,,,,,,,,,,,,,,*64


$WIND,,,T,,,R*12


$OWN,0,261187000,0,100000.0,7.0,15.945930,54.958626,273.2,302.0,0.0,0.0,,1,,,,,,,,,,,,,,,*6E


$WIND,,,T,,,R*12


$OWN,0,261187000,0,100000.0,7.0,15.945877,54.958637,274.9,304.0,0.0,0.0,,1,,,,,,,,,,,,,,,*66


$WIND,,,T,,,R*12


$OWN,0,261187000,0,100000.0,7.0,15.945820,54.958649,276.6,305.0,0.0,0.0,,1,,,,,,,,,,,,,,,*61


$WIND,,,T,,,R*12


$OWN,0,261187000,0,100000.0,7.0,15.945766,54.958664,278.4,307.0,0.0,0.0,,1,,,,,,,,,,,,,,,*6D


$WIND,,,T,,,R*12


$OWN,0,261187000,0,100000.0,7.0,15.945715,54.958679,280.1,311.0,0.0,0.0,,1,,,,,,,,,,,,,,,*60


$WIND,,,T,,,R*12


$OWN,0,261187000,0,100000.0,7.0,15.945663,54.958698,282.0,313.0,0.0,0.0,,1,,,,,,,,,,,,,,,*6E


$WIND,,,T,,,R*12


$OWN,0,261187000,0,100000.0,7.0,15.945612,54.958714,283.8,315.0,0.0,0.0,,1,,,,,,,,,,,,,,,*62


$WIND,,,T,,,R*12


$OWN,0,261187000,0,100000.0,7.0,15.945563,54.958729,285.6,316.0,0.0,0.0,,1,,,,,,,,,,,,,,,*62


$WIND,,,T,,,R*12


$OWN,0,261187000,0,100000.0,7.0,15.945514,54.958752,287.3,318.0,0.0,0.0,,1,,,,,,,,,,,,,,,*67


$WIND,,,T,,,R*12


$OWN,0,261187000,0,100000.0,7.0,15.945465,54.958767,289.0,320.0,0.0,0.0,,1,,,,,,,,,,,,,,,*60


$WIND,,,T,,,R*12


$OWN,0,261187000,0,100000.0,7.0,15.945418,54.958786,290.7,322.0,0.0,0.0,,1,,,,,,,,,,,,,,,*68


$WIND,,,T,,,R*12


$OWN,0,261187000,0,100000.0,7.0,15.945372,54.958809,292.4,324.0,0.0,0.0,,1,,,,,,,,,,,,,,,*6C


$WIND,,,T,,,R*12


$OWN,0,261187000,0,100000.0,7.0,15.945329,54.958832,294.2,326.0,0.0,0.0,,1,,,,,,,,,,,,,,,*68


$WIND,,,T,,,R*12


$OWN,0,261187000,0,100000.0,7.0,15.945285,54.958851,296.0,327.0,0.0,0.0,,1,,,,,,,,,,,,,,,*6B


$WIND,,,T,,,R*12


$OWN,0,261187000,0,100000.0,7.0,15.945245,54.958878,297.8,327.0,0.0,0.0,,1,,,,,,,,,,,,,,,*65


$WIND,,,T,,,R*12


$OWN,0,261187000,0,100000.0,6.9,15.945205,54.958900,299.6,329.0,0.0,0.0,,1,,,,,,,,,,,,,,,*69


$WIND,,,T,,,R*12


$OWN,0,261187000,0,100000.0,7.0,15.945165,54.958923,301.5,331.0,0.0,0.0,,1,,,,,,,,,,,,,,,*6F


$WIND,,,T,,,R*12


$OWN,0,261187000,0,100000.0,6.9,15.945127,54.958950,303.2,335.0,0.0,0.0,,1,,,,,,,,,,,,,,,*64


$WIND,,,T,,,R*12


$OWN,0,261187000,0,100000.0,6.9,15.945091,54.958977,305.0,336.0,0.0,0.0,,1,,,,,,,,,,,,,,,*6A


$WIND,,,T,,,R*12


$OWN,0,261187000,0,100000.0,6.9,15.945058,54.959007,306.8,338.0,0.0,0.0,,1,,,,,,,,,,,,,,,*65


$WIND,,,T,,,R*12


$OWN,0,261187000,0,100000.0,6.9,15.945025,54.959034,308.6,340.0,0.0,0.0,,1,,,,,,,,,,,,,,,*60


$WIND,,,T,,,R*12


$OWN,0,261187000,0,100000.0,6.9,15.944995,54.959064,310.4,342.0,0.0,0.0,,1,,,,,,,,,,,,,,,*6F


$WIND,,,T,,,R*12


$OWN,0,261187000,0,100000.0,6.9,15.944995,54.959064,310.4,342.0,0.0,0.0,,1,,,,,,,,,,,,,,,*6F


$WIND,,,T,,,R*12


$OWN,0,261187000,0,100000.0,6.9,15.944965,54.959095,312.2,344.0,0.0,0.0,,1,,,,,,,,,,,,,,,*6C


$WIND,,,T,,,R*12


$OWN,0,261187000,0,100000.0,6.9,15.944908,54.959152,315.6,346.0,0.0,0.0,,1,,,,,,,,,,,,,,,*6C


$WIND,,,T,,,R*12


$OWN,0,261187000,0,100000.0,6.9,15.944881,54.959183,317.4,347.0,0.0,0.0,,1,,,,,,,,,,,,,,,*61


$WIND,,,T,,,R*12


$OWN,0,261187000,0,100000.0,6.9,15.944859,54.959213,319.2,349.0,0.0,0.0,,1,,,,,,,,,,,,,,,*68


$WIND,,,T,,,R*12


$OWN,0,261187000,0,100000.0,6.9,15.944835,54.959244,321.0,353.0,0.0,0.0,,1,,,,,,,,,,,,,,,*62


$WIND,,,T,,,R*12


$OWN,0,261187000,0,100000.0,6.9,15.944815,54.959278,322.9,355.0,0.0,0.0,,1,,,,,,,,,,,,,,,*63


$WIND,,,T,,,R*12


$OWN,0,261187000,0,100000.0,6.9,15.944797,54.959309,324.8,357.0,0.0,0.0,,1,,,,,,,,,,,,,,,*64


$WIND,,,T,,,R*12


$OWN,0,261187000,0,100000.0,6.9,15.944781,54.959339,326.6,358.0,0.0,0.0,,1,,,,,,,,,,,,,,,*63


$WIND,,,T,,,R*12


$OWN,0,261187000,0,100000.0,6.9,15.944781,54.959339,326.6,358.0,0.0,0.0,,1,,,,,,,,,,,,,,,*63


$WIND,,,T,,,R*12


$OWN,0,261187000,0,100000.0,6.9,15.944767,54.959373,328.5,0.0,0.0,0.0,,1,,,,,,,,,,,,,,,*66


$WIND,,,T,,,R*12


$OWN,0,261187000,0,100000.0,6.9,15.944754,54.959404,330.1,2.0,0.0,0.0,,1,,,,,,,,,,,,,,,*6E


$WIND,,,T,,,R*12


$OWN,0,261187000,0,100000.0,6.9,15.944741,54.959438,331.9,4.0,0.0,0.0,,1,,,,,,,,,,,,,,,*6A


$WIND,,,T,,,R*12


$OWN,0,261187000,0,100000.0,6.9,15.944723,54.959503,335.6,6.0,0.0,0.0,,1,,,,,,,,,,,,,,,*6E


$WIND,,,T,,,R*12


$OWN,0,261187000,0,100000.0,6.9,15.944718,54.959538,337.4,7.0,0.0,0.0,,1,,,,,,,,,,,,,,,*6F


$WIND,,,T,,,R*12


$OWN,0,261187000,0,100000.0,6.9,15.944714,54.959572,339.2,10.0,0.0,0.0,,1,,,,,,,,,,,,,,,*53


$WIND,,,T,,,R*12


$OWN,0,261187000,0,100000.0,6.9,15.944710,54.959606,341.0,12.0,0.0,0.0,,1,,,,,,,,,,,,,,,*58


$WIND,,,T,,,R*12


$OWN,0,261187000,0,100000.0,6.9,15.944708,54.959637,342.6,13.0,0.0,0.0,,1,,,,,,,,,,,,,,,*57


$WIND,,,T,,,R*12


$OWN,0,261187000,0,100000.0,6.9,15.944707,54.959675,344.2,14.0,0.0,0.0,,1,,,,,,,,,,,,,,,*5B


$WIND,,,T,,,R*12


$OWN,0,261187000,0,100000.0,6.9,15.944710,54.959705,346.0,15.0,0.0,0.0,,1,,,,,,,,,,,,,,,*5A


$WIND,,,T,,,R*12


$OWN,0,261187000,0,100000.0,7.0,15.944714,54.959743,347.8,16.0,0.0,0.0,,1,,,,,,,,,,,,,,,*5E


$WIND,,,T,,,R*12


$OWN,0,261187000,0,100000.0,7.0,15.944718,54.959774,349.5,17.0,0.0,0.0,,1,,,,,,,,,,,,,,,*54


$WIND,,,T,,,R*12


$OWN,0,261187000,0,100000.0,7.0,15.944735,54.959843,353.0,18.0,0.0,0.0,,1,,,,,,,,,,,,,,,*51


$WIND,,,T,,,R*12


$OWN,0,261187000,0,100000.0,7.0,15.944745,54.959877,354.6,19.0,0.0,0.0,,1,,,,,,,,,,,,,,,*51


$WIND,,,T,,,R*12


$OWN,0,261187000,0,100000.0,7.0,15.944755,54.959911,356.1,20.0,0.0,0.0,,1,,,,,,,,,,,,,,,*5E


$WIND,,,T,,,R*12


$OWN,0,261187000,0,100000.0,7.1,15.944767,54.959946,357.4,21.0,0.0,0.0,,1,,,,,,,,,,,,,,,*59


$WIND,,,T,,,R*12


$OWN,0,261187000,0,100000.0,7.1,15.944777,54.959980,358.8,21.0,0.0,0.0,,1,,,,,,,,,,,,,,,*51


$WIND,,,T,,,R*12


$OWN,0,261187000,0,100000.0,7.2,15.944790,54.960014,0.1,22.0,0.0,0.0,,1,,,,,,,,,,,,,,,*51


$WIND,,,T,,,R*12


$OWN,0,261187000,0,100000.0,7.2,15.944803,54.960049,1.2,22.0,0.0,0.0,,1,,,,,,,,,,,,,,,*5E


$WIND,,,T,,,R*12


$OWN,0,261187000,0,100000.0,7.2,15.944815,54.960087,2.4,22.0,0.0,0.0,,1,,,,,,,,,,,,,,,*5E


$WIND,,,T,,,R*12


$OWN,0,261187000,0,100000.0,7.3,15.944830,54.960121,3.5,22.0,0.0,0.0,,1,,,,,,,,,,,,,,,*55


$WIND,,,T,,,R*12


$OWN,0,261187000,0,0.0,7.3,15.944847,54.960155,4.7,23.0,0.0,0.0,,1,,,,,,,,,,,,,,,*63


$WIND,,,T,,,R*12


$OWN,0,261187000,0,0.0,7.3,15.944847,54.960155,4.7,23.0,0.0,0.0,,1,,,,,,,,,,,,,,,*63


$WIND,,,T,,,R*12


$OWN,0,261187000,0,0.0,7.4,15.944865,54.960190,5.9,23.0,0.0,0.0,,1,,,,,,,,,,,,,,,*62


$WIND,,,T,,,R*12


$OWN,0,261187000,0,-100000.0,7.4,15.944883,54.960228,7.1,23.0,0.0,0.0,,1,,,,,,,,,,,,,,,*7C


$WIND,,,T,,,R*12


$OWN,0,261187000,0,0.0,7.5,15.944905,54.960262,8.1,22.0,0.0,0.0,,1,,,,,,,,,,,,,,,*6E


$WIND,,,T,,,R*12


$OWN,0,261187000,0,-100000.0,7.5,15.944925,54.960297,9.0,22.0,0.0,0.0,,1,,,,,,,,,,,,,,,*7A


$WIND,,,T,,,R*12


