$OWN,0,261187000,0,0.0,11.1,15.945917,54.932835,358.3,1.0,0.0,0.0,,1,,,,,,,,,,,,,,,*65

$WIND,,,T,,,R*12

$OWN,0,261187000,0,-100000.0,11.1,15.945913,54.932888,358.4,1.0,0.0,0.0,,1,,,,,,,,,,,,,,,*7C

$WIND,,,T,,,R*12

$OWN,0,261187000,0,-100000.0,11.1,15.945911,54.932938,358.5,1.0,0.0,0.0,,1,,,,,,,,,,,,,,,*75

$WIND,,,T,,,R*12

$OWN,0,261187000,0,0.0,11.1,15.945910,54.932991,358.5,0.0,0.0,0.0,,1,,,,,,,,,,,,,,,*6A

$WIND,,,T,,,R*12

$OWN,0,261187000,0,0.0,11.1,15.945909,54.933041,358.5,0.0,0.0,0.0,,1,,,,,,,,,,,,,,,*67

$WIND,,,T,,,R*12

$OWN,0,261187000,0,-100000.0,11.1,15.945905,54.933094,358.4,0.0,0.0,0.0,,1,,,,,,,,,,,,,,,*7E

$WIND,,,T,,,R*12

$OWN,0,261187000,0,0.0,11.1,15.945902,54.933144,358.3,0.0,0.0,0.0,,1,,,,,,,,,,,,,,,*6E

$WIND,,,T,,,R*12

$OWN,0,261187000,0,0.0,11.1,15.945897,54.933193,358.2,0.0,0.0,0.0,,1,,,,,,,,,,,,,,,*68

$WIND,,,T,,,R*12

$OWN,0,261187000,0,0.0,11.1,15.945891,54.933247,358.1,0.0,0.0,0.0,,1,,,,,,,,,,,,,,,*67

$WIND,,,T,,,R*12

$OWN,0,261187000,0,0.0,11.1,15.945887,54.933300,358.0,0.0,0.0,0.0,,1,,,,,,,,,,,,,,,*63

$WIND,,,T,,,R*12

$OWN,0,261187000,0,0.0,11.1,15.945882,54.933353,357.9,0.0,0.0,0.0,,1,,,,,,,,,,,,,,,*66

$WIND,,,T,,,R*12

$OWN,0,261187000,0,0.0,11.2,15.945878,54.933403,357.9,0.0,0.0,0.0,,1,,,,,,,,,,,,,,,*62

$WIND,,,T,,,R*12

$OWN,0,261187000,0,-100000.0,11.2,15.945875,54.933453,357.8,0.0,0.0,0.0,,1,,,,,,,,,,,,,,,*77

$WIND,,,T,,,R*12

$OWN,0,261187000,0,0.0,11.2,15.945870,54.933506,357.8,359.0,0.0,0.0,,1,,,,,,,,,,,,,,,*60

$WIND,,,T,,,R*12

$OWN,0,261187000,0,0.0,11.2,15.945867,54.933559,357.8,359.0,0.0,0.0,,1,,,,,,,,,,,,,,,*6C

$WIND,,,T,,,R*12

$OWN,0,261187000,0,0.0,11.2,15.945862,54.933609,357.7,359.0,0.0,0.0,,1,,,,,,,,,,,,,,,*60

$WIND,,,T,,,R*12

$OWN,0,261187000,0,0.0,11.2,15.945857,54.933662,357.6,359.0,0.0,0.0,,1,,,,,,,,,,,,,,,*6A

$WIND,,,T,,,R*12

$OWN,0,261187000,0,0.0,11.2,15.945851,54.933716,357.5,359.0,0.0,0.0,,1,,,,,,,,,,,,,,,*6D

$WIND,,,T,,,R*12

$OWN,0,261187000,0,100000.0,11.2,15.945847,54.933765,357.4,359.0,0.0,0.0,,1,,,,,,,,,,,,,,,*5E

$WIND,,,T,,,R*12

$OWN,0,261187000,0,100000.0,11.2,15.945842,54.933819,357.4,0.0,0.0,0.0,,1,,,,,,,,,,,,,,,*50

$WIND,,,T,,,R*12

$OWN,0,261187000,0,100000.0,11.2,15.945842,54.933819,357.4,0.0,0.0,0.0,,1,,,,,,,,,,,,,,,*50

$WIND,,,T,,,R*12

$OWN,0,261187000,0,100000.0,11.2,15.945837,54.933868,357.4,0.0,0.0,0.0,,1,,,,,,,,,,,,,,,*54

$WIND,,,T,,,R*12

$OWN,0,261187000,0,100000.0,11.2,15.945833,54.933922,357.4,1.0,0.0,0.0,,1,,,,,,,,,,,,,,,*5E

$WIND,,,T,,,R*12

$OWN,0,261187000,0,100000.0,11.2,15.945830,54.933975,357.6,2.0,0.0,0.0,,1,,,,,,,,,,,,,,,*5E

$WIND,,,T,,,R*12

$OWN,0,261187000,0,100000.0,11.2,15.945828,54.934025,357.6,3.0,0.0,0.0,,1,,,,,,,,,,,,,,,*5D

$WIND,,,T,,,R*12

$OWN,0,261187000,0,100000.0,11.2,15.945825,54.934078,357.6,4.0,0.0,0.0,,1,,,,,,,,,,,,,,,*5F

$WIND,,,T,,,R*12

$OWN,0,261187000,0,100000.0,11.2,15.945822,54.934132,357.6,5.0,0.0,0.0,,1,,,,,,,,,,,,,,,*56

$WIND,,,T,,,R*12

$OWN,0,261187000,0,100000.0,11.2,15.945818,54.934181,357.7,6.0,0.0,0.0,,1,,,,,,,,,,,,,,,*55

$WIND,,,T,,,R*12

$OWN,0,261187000,0,100000.0,11.2,15.945817,54.934235,357.9,8.0,0.0,0.0,,1,,,,,,,,,,,,,,,*56

$WIND,,,T,,,R*12

$OWN,0,261187000,0,100000.0,11.2,15.945818,54.934284,358.2,9.0,0.0,0.0,,1,,,,,,,,,,,,,,,*56

$WIND,,,T,,,R*12

$OWN,0,261187000,0,100000.0,11.2,15.945822,54.934338,358.7,11.0,0.0,0.0,,1,,,,,,,,,,,,,,,*65

$WIND,,,T,,,R*12

$OWN,0,261187000,0,100000.0,11.2,15.945827,54.934387,359.2,12.0,0.0,0.0,,1,,,,,,,,,,,,,,,*63

$WIND,,,T,,,R*12

$OWN,0,261187000,0,100000.0,11.1,15.945835,54.934437,359.8,14.0,0.0,0.0,,1,,,,,,,,,,,,,,,*63

$WIND,,,T,,,R*12

$OWN,0,261187000,0,100000.0,11.1,15.945847,54.934486,0.6,16.0,0.0,0.0,,1,,,,,,,,,,,,,,,*6F

$WIND,,,T,,,R*12

$OWN,0,261187000,0,100000.0,11.1,15.945860,54.934536,1.5,17.0,0.0,0.0,,1,,,,,,,,,,,,,,,*63

$WIND,,,T,,,R*12

$OWN,0,261187000,0,100000.0,11.0,15.945877,54.934586,2.2,19.0,0.0,0.0,,1,,,,,,,,,,,,,,,*65

$WIND,,,T,,,R*12

$OWN,0,261187000,0,100000.0,11.0,15.945893,54.934635,3.1,21.0,0.0,0.0,,1,,,,,,,,,,,,,,,*6D

$WIND,,,T,,,R*12

$OWN,0,261187000,0,100000.0,10.9,15.945911,54.934681,4.1,24.0,0.0,0.0,,1,,,,,,,,,,,,,,,*63

$WIND,,,T,,,R*12

$OWN,0,261187000,0,100000.0,10.9,15.945933,54.934731,5.1,26.0,0.0,0.0,,1,,,,,,,,,,,,,,,*6A

$WIND,,,T,,,R*12

$OWN,0,261187000,0,100000.0,10.8,15.945956,54.934776,6.1,30.0,0.0,0.0,,1,,,,,,,,,,,,,,,*6F

$WIND,,,T,,,R*12

$OWN,0,261187000,0,100000.0,10.8,15.945983,54.934822,7.3,32.0,0.0,0.0,,1,,,,,,,,,,,,,,,*68

$WIND,,,T,,,R*12

$OWN,0,261187000,0,100000.0,10.7,15.946013,54.934868,8.5,35.0,0.0,0.0,,1,,,,,,,,,,,,,,,*64

$WIND,,,T,,,R*12

$OWN,0,261187000,0,100000.0,10.6,15.946043,54.934910,9.8,37.0,0.0,0.0,,1,,,,,,,,,,,,,,,*60

$WIND,,,T,,,R*12

$OWN,0,261187000,0,100000.0,10.5,15.946078,54.934952,11.2,39.0,0.0,0.0,,1,,,,,,,,,,,,,,,*50

$WIND,,,T,,,R*12

$OWN,0,261187000,0,100000.0,10.5,15.946115,54.934994,12.7,42.0,0.0,0.0,,1,,,,,,,,,,,,,,,*5A

$WIND,,,T,,,R*12

$OWN,0,261187000,0,100000.0,10.4,15.946155,54.935032,14.3,44.0,0.0,0.0,,1,,,,,,,,,,,,,,,*5F

$WIND,,,T,,,R*12

$OWN,0,261187000,0,100000.0,10.3,15.946197,54.935074,15.9,44.0,0.0,0.0,,1,,,,,,,,,,,,,,,*5F

$WIND,,,T,,,R*12

$OWN,0,261187000,0,100000.0,10.2,15.946241,54.935112,17.5,46.0,0.0,0.0,,1,,,,,,,,,,,,,,,*5B

$WIND,,,T,,,R*12

$OWN,0,261187000,0,100000.0,10.1,15.946286,54.935146,19.2,49.0,0.0,0.0,,1,,,,,,,,,,,,,,,*54

$WIND,,,T,,,R*12

$OWN,0,261187000,0,100000.0,10.0,15.946333,54.935181,20.9,53.0,0.0,0.0,,1,,,,,,,,,,,,,,,*5B

$WIND,,,T,,,R*12

$OWN,0,261187000,0,100000.0,9.9,15.946383,54.935215,22.6,56.0,0.0,0.0,,1,,,,,,,,,,,,,,,*67

$WIND,,,T,,,R*12

$OWN,0,261187000,0,100000.0,9.8,15.946433,54.935249,24.3,58.0,0.0,0.0,,1,,,,,,,,,,,,,,,*6E

$WIND,,,T,,,R*12

$OWN,0,261187000,0,100000.0,9.8,15.946433,54.935249,24.3,58.0,0.0,0.0,,1,,,,,,,,,,,,,,,*6E

$WIND,,,T,,,R*12

$OWN,0,261187000,0,100000.0,9.7,15.946485,54.935280,26.2,61.0,0.0,0.0,,1,,,,,,,,,,,,,,,*60

$WIND,,,T,,,R*12

$OWN,0,261187000,0,100000.0,9.6,15.946540,54.935307,28.2,63.0,0.0,0.0,,1,,,,,,,,,,,,,,,*6B

$WIND,,,T,,,R*12

$OWN,0,261187000,0,100000.0,9.5,15.946597,54.935333,30.1,65.0,0.0,0.0,,1,,,,,,,,,,,,,,,*69

$WIND,,,T,,,R*12

$OWN,0,261187000,0,100000.0,9.3,15.946712,54.935383,34.2,68.0,0.0,0.0,,1,,,,,,,,,,,,,,,*61

$WIND,,,T,,,R*12

$OWN,0,261187000,0,100000.0,9.2,15.946772,54.935406,36.3,70.0,0.0,0.0,,1,,,,,,,,,,,,,,,*66

$WIND,,,T,,,R*12

$OWN,0,261187000,0,100000.0,9.0,15.946832,54.935425,38.3,72.0,0.0,0.0,,1,,,,,,,,,,,,,,,*62

$WIND,,,T,,,R*12

$AIS,0,273399760,3,0.0,0.0,15.349303,54.830116,236.2,231.0,-38384.11,-11554.79,,1,,,,,,,,,,,,,,,*50

$AIS,0,246530000,0,0.0,11.3,15.170983,54.754284,70.3,69.0,-49932.21,-19880.56,,1,,,,,,,,,,,,,,,*60

$OWN,0,261187000,0,100000.0,8.9,15.946894,54.935444,40.4,77.0,0.0,0.0,,1,,,,,,,,,,,,,,,*6C

$WIND,,,T,,,R*12

$AIS,0,273399760,3,0.0,0.0,15.349303,54.830116,236.2,231.0,-38388.09,-11556.87,,1,,,,,,,,,,,,,,,*56

$AIS,0,246530000,0,0.0,11.3,15.170983,54.754284,70.3,69.0,-49936.20,-19882.64,,1,,,,,,,,,,,,,,,*66

$AIS,0,563827000,0,0.0,14.9,15.633313,54.698906,80.2,81.0,-20209.18,-26275.77,,1,,,,,,,,,,,,,,,*66

$OWN,0,261187000,0,100000.0,8.9,15.946955,54.935463,42.5,80.0,0.0,0.0,,1,,,,,,,,,,,,,,,*6E

$WIND,,,T,,,R*12

$AIS,0,273399760,3,0.0,0.0,15.349303,54.830116,236.2,231.0,-38392.01,-11558.96,,1,,,,,,,,,,,,,,,*5B

$AIS,0,246530000,0,0.0,11.3,15.170983,54.754284,70.3,69.0,-49940.12,-19884.72,,1,,,,,,,,,,,,,,,*67

$AIS,0,563827000,0,0.0,14.9,15.633313,54.698906,80.2,81.0,-20213.12,-26277.88,,1,,,,,,,,,,,,,,,*65

$OWN,0,261187000,0,100000.0,8.8,15.947017,54.935478,44.5,82.0,0.0,0.0,,1,,,,,,,,,,,,,,,*6F

$WIND,,,T,,,R*12

$AIS,0,273399760,3,0.0,0.0,15.349303,54.830116,236.2,231.0,-38396.00,-11560.63,,1,,,,,,,,,,,,,,,*5F

$AIS,0,246530000,0,0.0,11.3,15.170983,54.754284,70.3,69.0,-49944.11,-19886.37,,1,,,,,,,,,,,,,,,*63

$AIS,0,563827000,0,0.0,14.9,15.633313,54.698906,80.2,81.0,-20217.11,-26279.56,,1,,,,,,,,,,,,,,,*6F

$OWN,0,261187000,0,100000.0,8.7,15.947080,54.935493,46.6,84.0,0.0,0.0,,1,,,,,,,,,,,,,,,*6C

$WIND,,,T,,,R*12

$AIS,0,273399760,3,0.0,0.0,15.349303,54.830116,236.2,231.0,-38400.04,-11562.29,,1,,,,,,,,,,,,,,,*5F

$AIS,0,246530000,0,0.0,11.3,15.170983,54.754284,70.3,69.0,-49948.16,-19888.02,,1,,,,,,,,,,,,,,,*60

$AIS,0,563827000,0,0.0,14.9,15.633313,54.698906,80.2,81.0,-20221.17,-26281.24,,1,,,,,,,,,,,,,,,*6E

$OWN,0,261187000,0,100000.0,8.6,15.947142,54.935505,48.8,84.0,0.0,0.0,,1,,,,,,,,,,,,,,,*6C

$WIND,,,T,,,R*12

$AIS,0,273399760,3,0.0,0.0,15.349303,54.830116,236.2,231.0,-38404.02,-11563.53,,1,,,,,,,,,,,,,,,*51

$AIS,0,246530000,0,0.0,11.3,15.170983,54.754284,70.3,69.0,-49952.15,-19889.25,,1,,,,,,,,,,,,,,,*6C

$AIS,0,563827000,0,0.0,14.9,15.633313,54.698906,80.2,81.0,-20225.16,-26282.49,,1,,,,,,,,,,,,,,,*63

$OWN,0,261187000,0,100000.0,8.5,15.947206,54.935520,51.1,86.0,0.0,0.0,,1,,,,,,,,,,,,,,,*68

$WIND,,,T,,,R*12

$AIS,0,273399760,3,0.0,0.0,15.349303,54.830116,236.2,231.0,-38408.19,-11565.19,,1,,,,,,,,,,,,,,,*5F

$AIS,0,246530000,0,0.0,11.3,15.170983,54.754284,70.3,69.0,-49956.33,-19890.90,,1,,,,,,,,,,,,,,,*6A

$AIS,0,563827000,0,0.0,14.9,15.633313,54.698906,80.2,81.0,-20229.34,-26284.17,,1,,,,,,,,,,,,,,,*62

$OWN,0,261187000,0,100000.0,8.4,15.947271,54.935528,53.3,89.0,0.0,0.0,,1,,,,,,,,,,,,,,,*6E

$WIND,,,T,,,R*12

$AIS,0,273399760,3,0.0,0.0,15.349303,54.830116,236.2,231.0,-38412.35,-11566.01,,1,,,,,,,,,,,,,,,*50

$AIS,0,246530000,0,0.0,11.3,15.170983,54.754284,70.3,69.0,-49960.50,-19891.71,,1,,,,,,,,,,,,,,,*64

$AIS,0,563827000,0,0.0,14.9,15.633313,54.698906,80.2,81.0,-20233.52,-26285.00,,1,,,,,,,,,,,,,,,*6E

$OWN,0,261187000,0,100000.0,8.3,15.947336,54.935535,55.6,91.0,0.0,0.0,,1,,,,,,,,,,,,,,,*6D

$WIND,,,T,,,R*12

$AIS,0,273399760,3,0.0,0.0,15.349303,54.830116,236.2,231.0,-38416.52,-11566.82,,1,,,,,,,,,,,,,,,*5E

$AIS,0,246530000,0,0.0,11.3,15.170983,54.754284,70.3,69.0,-49964.67,-19892.51,,1,,,,,,,,,,,,,,,*65

$AIS,0,563827000,0,0.0,14.9,15.633313,54.698906,80.2,81.0,-20237.70,-26285.83,,1,,,,,,,,,,,,,,,*61

$OWN,0,261187000,0,100000.0,8.2,15.947400,54.935543,57.9,93.0,0.0,0.0,,1,,,,,,,,,,,,,,,*60

$WIND,,,T,,,R*12

$AIS,0,273399760,3,0.0,0.0,15.349303,54.830116,236.2,231.0,-38420.62,-11567.63,,1,,,,,,,,,,,,,,,*56

$AIS,0,246530000,0,0.0,11.3,15.170983,54.754284,70.3,69.0,-49968.79,-19893.31,,1,,,,,,,,,,,,,,,*61

$AIS,0,563827000,0,0.0,14.9,15.633313,54.698906,80.2,81.0,-20241.82,-26286.66,,1,,,,,,,,,,,,,,,*65

$OWN,0,261187000,0,100000.0,8.1,15.947465,54.935547,60.1,98.0,0.0,0.0,,1,,,,,,,,,,,,,,,*63

$WIND,,,T,,,R*12

$AIS,0,563827000,0,0.0,14.9,15.633313,54.698906,80.2,81.0,-20246.00,-26287.07,,1,,,,,,,,,,,,,,,*6E

$OWN,0,261187000,0,100000.0,8.0,15.947528,54.935551,62.4,101.0,0.0,0.0,,1,,,,,,,,,,,,,,,*5B

$WIND,,,T,,,R*12

$OWN,0,261187000,0,100000.0,8.0,15.947592,54.935555,64.7,103.0,0.0,0.0,,1,,,,,,,,,,,,,,,*59

$WIND,,,T,,,R*12

$OWN,0,261187000,0,100000.0,7.9,15.947655,54.935555,67.0,105.0,0.0,0.0,,1,,,,,,,,,,,,,,,*55

$WIND,,,T,,,R*12

$OWN,0,261187000,0,100000.0,7.8,15.947717,54.935555,69.2,108.0,0.0,0.0,,1,,,,,,,,,,,,,,,*52

$WIND,,,T,,,R*12

$OWN,0,261187000,0,100000.0,7.8,15.947717,54.935555,69.2,108.0,0.0,0.0,,1,,,,,,,,,,,,,,,*52

$WIND,,,T,,,R*12

$OWN,0,261187000,0,100000.0,7.7,15.947779,54.935551,71.4,110.0,0.0,0.0,,1,,,,,,,,,,,,,,,*57

$WIND,,,T,,,R*12

$OWN,0,261187000,0,100000.0,7.7,15.947842,54.935547,73.7,112.0,0.0,0.0,,1,,,,,,,,,,,,,,,*54

$WIND,,,T,,,R*12

$OWN,0,261187000,0,100000.0,7.5,15.947960,54.935535,78.4,117.0,0.0,0.0,,1,,,,,,,,,,,,,,,*5F

$WIND,,,T,,,R*12

$OWN,0,261187000,0,100000.0,7.5,15.948018,54.935528,80.7,119.0,0.0,0.0,,1,,,,,,,,,,,,,,,*50

$WIND,,,T,,,R*12

$AIS,0,246530000,0,0.0,11.4,15.172600,54.754616,70.3,69.0,-49904.12,-19855.40,,1,,,,,,,,,,,,,,,*64

$OWN,0,261187000,0,100000.0,7.3,15.948133,54.935509,85.5,121.0,0.0,0.0,,1,,,,,,,,,,,,,,,*51

$WIND,,,T,,,R*12

$AIS,0,246530000,0,0.0,11.4,15.172600,54.754616,70.3,69.0,-49911.54,-19853.19,,1,,,,,,,,,,,,,,,*68

$OWN,0,261187000,0,100000.0,7.3,15.948189,54.935497,87.7,123.0,0.0,0.0,,1,,,,,,,,,,,,,,,*54

$WIND,,,T,,,R*12

$AIS,0,246530000,0,0.0,11.4,15.172600,54.754616,70.3,69.0,-49915.10,-19851.88,,1,,,,,,,,,,,,,,,*66

$OWN,0,261187000,0,100000.0,7.3,15.948189,54.935497,87.7,123.0,0.0,0.0,,1,,,,,,,,,,,,,,,*54

$WIND,,,T,,,R*12

$AIS,0,246530000,0,0.0,11.4,15.172600,54.754616,70.3,69.0,-49918.48,-19850.14,,1,,,,,,,,,,,,,,,*62

$OWN,0,261187000,0,100000.0,7.2,15.948241,54.935482,90.0,125.0,0.0,0.0,,1,,,,,,,,,,,,,,,*51

$WIND,,,T,,,R*12

$AIS,0,246530000,0,0.0,11.4,15.172600,54.754616,70.3,69.0,-49921.92,-19848.83,,1,,,,,,,,,,,,,,,*68

$OWN,0,261187000,0,100000.0,7.2,15.948295,54.935471,92.2,127.0,0.0,0.0,,1,,,,,,,,,,,,,,,*56

$WIND,,,T,,,R*12

$AIS,0,246530000,0,0.0,11.4,15.172600,54.754616,70.3,69.0,-49925.35,-19847.10,,1,,,,,,,,,,,,,,,*64

$OWN,0,261187000,0,100000.0,7.1,15.948348,54.935455,94.5,130.0,0.0,0.0,,1,,,,,,,,,,,,,,,*55

$WIND,,,T,,,R*12

$AIS,0,246530000,0,0.0,11.4,15.172600,54.754616,70.3,69.0,-49925.35,-19847.10,,1,,,,,,,,,,,,,,,*64

$OWN,0,261187000,0,100000.0,7.1,15.948400,54.935440,96.7,132.0,0.0,0.0,,1,,,,,,,,,,,,,,,*58

$WIND,,,T,,,R*12

$AIS,0,246530000,0,0.0,11.4,15.172600,54.754616,70.3,69.0,-49928.67,-19845.36,,1,,,,,,,,,,,,,,,*68

$OWN,0,261187000,0,100000.0,7.0,15.948448,54.935421,99.1,134.0,0.0,0.0,,1,,,,,,,,,,,,,,,*5D

$WIND,,,T,,,R*12

$AIS,0,246530000,0,0.0,11.4,15.172600,54.754616,70.3,69.0,-49934.81,-19841.05,,1,,,,,,,,,,,,,,,*69

$OWN,0,261187000,0,100000.0,7.0,15.948495,54.935402,101.4,136.0,0.0,0.0,,1,,,,,,,,,,,,,,,*6B

$WIND,,,T,,,R*12

$AIS,0,246530000,0,0.0,11.4,15.172600,54.754616,70.3,69.0,-49937.81,-19839.32,,1,,,,,,,,,,,,,,,*61

$AIS,0,273418880,3,0.0,0.7,15.441684,54.819798,113.5,28.0,-32567.96,-12744.64,,1,,,,,,,,,,,,,,,*6D

$OWN,0,261187000,0,100000.0,6.9,15.948542,54.935387,103.7,138.0,0.0,0.0,,1,,,,,,,,,,,,,,,*6D

$WIND,,,T,,,R*12

$AIS,0,246530000,0,0.0,11.4,15.172600,54.754616,70.3,69.0,-49940.70,-19836.74,,1,,,,,,,,,,,,,,,*62

$AIS,0,273418880,3,0.0,0.7,15.441684,54.819798,113.5,28.0,-32570.84,-12742.07,,1,,,,,,,,,,,,,,,*6B

$OWN,0,261187000,0,100000.0,6.9,15.948586,54.935364,106.0,141.0,0.0,0.0,,1,,,,,,,,,,,,,,,*64

$WIND,,,T,,,R*12

$AIS,0,273418880,3,0.0,0.7,15.441684,54.819798,113.5,28.0,-32573.72,-12739.93,,1,,,,,,,,,,,,,,,*60

$OWN,0,261187000,0,100000.0,6.9,15.948631,54.935345,108.2,143.0,0.0,0.0,,1,,,,,,,,,,,,,,,*66

$WIND,,,T,,,R*12

$AIS,0,273418880,3,0.0,0.7,15.441684,54.819798,113.5,28.0,-32576.29,-12737.36,,1,,,,,,,,,,,,,,,*6A

$OWN,0,261187000,0,100000.0,6.8,15.948671,54.935322,110.5,145.0,0.0,0.0,,1,,,,,,,,,,,,,,,*6A

$WIND,,,T,,,R*12

$AIS,0,273418880,3,0.0,0.7,15.441684,54.819798,113.5,28.0,-32578.87,-12734.80,,1,,,,,,,,,,,,,,,*6E

$OWN,0,261187000,0,100000.0,6.8,15.948711,54.935299,112.8,147.0,0.0,0.0,,1,,,,,,,,,,,,,,,*61

$WIND,,,T,,,R*12

$AIS,0,273418880,3,0.0,0.7,15.441684,54.819798,113.5,28.0,-32581.32,-12732.23,,1,,,,,,,,,,,,,,,*69

$AIS,0,273418870,0,0.0,0.4,15.295288,54.826977,112.9,69.0,-41980.35,-11855.51,,1,,,,,,,,,,,,,,,*6C

$OWN,0,261187000,0,100000.0,6.7,15.948787,54.935253,117.4,149.0,0.0,0.0,,1,,,,,,,,,,,,,,,*60

$WIND,,,T,,,R*12

$AIS,0,273418880,3,0.0,0.7,15.441684,54.819798,113.5,28.0,-32583.71,-12729.67,,1,,,,,,,,,,,,,,,*66

$AIS,0,273418870,0,0.0,0.4,15.295288,54.826977,112.9,69.0,-41982.74,-11852.94,,1,,,,,,,,,,,,,,,*65

$OWN,0,261187000,0,100000.0,6.7,15.948820,54.935226,119.6,151.0,0.0,0.0,,1,,,,,,,,,,,,,,,*65

$WIND,,,T,,,R*12

$AIS,0,273418880,3,0.0,0.7,15.441684,54.819798,113.5,28.0,-32585.85,-12726.68,,1,,,,,,,,,,,,,,,*6B

$AIS,0,273418870,0,0.0,0.4,15.295288,54.826977,112.9,69.0,-41984.88,-11849.95,,1,,,,,,,,,,,,,,,*6B

$OWN,0,261187000,0,100000.0,6.6,15.948855,54.935204,121.9,154.0,0.0,0.0,,1,,,,,,,,,,,,,,,*67

$WIND,,,T,,,R*12

$AIS,0,273418880,3,0.0,0.7,15.441684,54.819798,113.5,28.0,-32588.12,-12724.12,,1,,,,,,,,,,,,,,,*67

$AIS,0,273418870,0,0.0,0.4,15.295288,54.826977,112.9,69.0,-41987.15,-11847.38,,1,,,,,,,,,,,,,,,*65

$OWN,0,261187000,0,100000.0,6.6,15.948887,54.935177,124.1,156.0,0.0,0.0,,1,,,,,,,,,,,,,,,*60

$WIND,,,T,,,R*12

$AIS,0,273418880,3,0.0,0.7,15.441684,54.819798,113.5,28.0,-32590.14,-12721.13,,1,,,,,,,,,,,,,,,*6C

$AIS,0,273418870,0,0.0,0.4,15.295288,54.826977,112.9,69.0,-41989.17,-11844.39,,1,,,,,,,,,,,,,,,*6B

$OWN,0,261187000,0,100000.0,6.6,15.948887,54.935177,124.1,158.0,0.0,0.0,,1,,,,,,,,,,,,,,,*6E

$WIND,,,T,,,R*12

$AIS,0,273418870,0,0.0,0.4,15.295288,54.826977,112.9,69.0,-41989.17,-11844.39,,1,,,,,,,,,,,,,,,*6B

$OWN,0,261187000,0,100000.0,6.6,15.948916,54.935150,126.2,160.0,0.0,0.0,,1,,,,,,,,,,,,,,,*68

$WIND,,,T,,,R*12

$AIS,0,273418870,0,0.0,0.4,15.295288,54.826977,112.9,69.0,-41991.07,-11841.40,,1,,,,,,,,,,,,,,,*68

$AIS,0,273399760,3,-0.0,0.0,15.349297,54.830116,236.2,231.0,-38518.46,-11523.07,,1,,,,,,,,,,,,,,,*79

$OWN,0,261187000,0,100000.0,6.6,15.948945,54.935123,128.4,162.0,0.0,0.0,,1,,,,,,,,,,,,,,,*60

$WIND,,,T,,,R*12

$AIS,0,273418870,0,0.0,0.4,15.295288,54.826977,112.9,69.0,-41992.91,-11838.41,,1,,,,,,,,,,,,,,,*6B

$AIS,0,273399760,3,-0.0,0.0,15.349297,54.830116,236.2,231.0,-38520.30,-11520.09,,1,,,,,,,,,,,,,,,*7E

$AIS,0,212356000,0,0.0,10.3,15.481745,55.483753,266.1,265.0,-29525.36,61152.27,,1,,,,,,,,,,,,,,,*4F

$OWN,0,261187000,0,100000.0,6.5,15.948995,54.935066,132.8,165.0,0.0,0.0,,1,,,,,,,,,,,,,,,*6E

$WIND,,,T,,,R*12

$AIS,0,273418870,0,0.0,0.4,15.295288,54.826977,112.9,69.0,-41996.10,-11832.01,,1,,,,,,,,,,,,,,,*68

$AIS,0,273399760,3,-0.0,0.0,15.349297,54.830116,236.2,231.0,-38523.48,-11513.69,,1,,,,,,,,,,,,,,,*74

$AIS,0,212356000,0,0.0,10.3,15.481745,55.483753,266.1,265.0,-29528.49,61158.66,,1,,,,,,,,,,,,,,,*45

$AIS,0,246530000,0,0.0,11.4,15.174483,54.755016,70.3,69.0,-49845.26,-19760.11,,1,,,,,,,,,,,,,,,*62

$OWN,0,261187000,0,100000.0,6.5,15.949017,54.935036,135.1,167.0,0.0,0.0,,1,,,,,,,,,,,,,,,*65

$WIND,,,T,,,R*12

$AIS,0,273418870,0,0.0,0.4,15.295288,54.826977,112.9,69.0,-41997.50,-11828.60,,1,,,,,,,,,,,,,,,*61

$AIS,0,273399760,3,-0.0,0.0,15.349297,54.830116,236.2,231.0,-38524.89,-11510.29,,1,,,,,,,,,,,,,,,*79

$AIS,0,212356000,0,0.0,10.3,15.481745,55.483753,266.1,265.0,-29529.88,61162.06,,1,,,,,,,,,,,,,,,*46

$AIS,0,246530000,0,0.0,11.4,15.174483,54.755016,70.3,69.0,-49846.67,-19756.70,,1,,,,,,,,,,,,,,,*66

$OWN,0,261187000,0,100000.0,6.5,15.949039,54.935009,137.3,169.0,0.0,0.0,,1,,,,,,,,,,,,,,,*6B

$WIND,,,T,,,R*12

$AIS,0,273399760,3,-0.0,0.0,15.349297,54.830116,236.2,231.0,-38526.30,-11507.30,,1,,,,,,,,,,,,,,,*77

$AIS,0,212356000,0,0.0,10.3,15.481745,55.483753,266.1,265.0,-29531.26,61165.04,,1,,,,,,,,,,,,,,,*4E

$AIS,0,246530000,0,0.0,11.4,15.174483,54.755016,70.3,69.0,-49848.08,-19753.71,,1,,,,,,,,,,,,,,,*65

$OWN,0,261187000,0,100000.0,6.4,15.949055,54.934978,139.5,171.0,0.0,0.0,,1,,,,,,,,,,,,,,,*6F

$WIND,,,T,,,R*12

$AIS,0,273399760,3,-0.0,0.0,15.349297,54.830116,236.2,231.0,-38527.34,-11503.90,,1,,,,,,,,,,,,,,,*7C

$AIS,0,212356000,0,0.0,10.3,15.481745,55.483753,266.1,265.0,-29532.29,61168.45,,1,,,,,,,,,,,,,,,*4A

$AIS,0,246530000,0,0.0,11.4,15.174483,54.755016,70.3,69.0,-49849.12,-19750.30,,1,,,,,,,,,,,,,,,*69

$OWN,0,261187000,0,100000.0,6.4,15.949055,54.934978,139.5,173.0,0.0,0.0,,1,,,,,,,,,,,,,,,*6D

$WIND,,,T,,,R*12

$AIS,0,273399760,3,-0.0,0.0,15.349297,54.830116,236.2,231.0,-38528.32,-11500.49,,1,,,,,,,,,,,,,,,*72

$AIS,0,212356000,0,0.0,10.3,15.481745,55.483753,266.1,265.0,-29533.25,61171.85,,1,,,,,,,,,,,,,,,*43

$AIS,0,246530000,0,0.0,11.4,15.174483,54.755016,70.3,69.0,-49850.11,-19746.90,,1,,,,,,,,,,,,,,,*6F

$OWN,0,261187000,0,100000.0,6.4,15.949070,54.934948,141.8,175.0,0.0,0.0,,1,,,,,,,,,,,,,,,*6D

$WIND,,,T,,,R*12

$AIS,0,273399760,3,-0.0,0.0,15.349297,54.830116,236.2,231.0,-38529.30,-11497.09,,1,,,,,,,,,,,,,,,*7A

$AIS,0,212356000,0,0.0,10.3,15.481745,55.483753,266.1,265.0,-29534.22,61175.25,,1,,,,,,,,,,,,,,,*4D

$AIS,0,246530000,0,0.0,11.4,15.174483,54.755016,70.3,69.0,-49851.09,-19743.49,,1,,,,,,,,,,,,,,,*66

$OWN,0,261187000,0,100000.0,6.4,15.949085,54.934917,144.0,177.0,0.0,0.0,,1,,,,,,,,,,,,,,,*62

$WIND,,,T,,,R*12

$AIS,0,273399760,3,-0.0,0.0,15.349297,54.830116,236.2,231.0,-38530.16,-11493.68,,1,,,,,,,,,,,,,,,*75

$AIS,0,212356000,0,0.0,10.3,15.481745,55.483753,266.1,265.0,-29535.06,61178.65,,1,,,,,,,,,,,,,,,*43

$AIS,0,246530000,0,0.0,11.4,15.174483,54.755016,70.3,69.0,-49851.95,-19740.08,,1,,,,,,,,,,,,,,,*65

$OWN,0,261187000,0,100000.0,6.4,15.949099,54.934887,146.0,179.0,0.0,0.0,,1,,,,,,,,,,,,,,,*6B

$WIND,,,T,,,R*12

$AIS,0,273399760,3,-0.0,0.0,15.349297,54.830116,236.2,231.0,-38530.16,-11493.68,,1,,,,,,,,,,,,,,,*75

$AIS,0,212356000,0,0.0,10.3,15.481745,55.483753,266.1,265.0,-29535.06,61178.65,,1,,,,,,,,,,,,,,,*43

$AIS,0,246530000,0,0.0,11.4,15.174483,54.755016,70.3,69.0,-49851.95,-19740.08,,1,,,,,,,,,,,,,,,*65

$OWN,0,261187000,0,100000.0,6.4,15.949112,54.934860,148.0,181.0,0.0,0.0,,1,,,,,,,,,,,,,,,*69

$WIND,,,T,,,R*12

$AIS,0,273399760,3,-0.0,0.0,15.349297,54.830116,236.2,231.0,-38531.02,-11490.71,,1,,,,,,,,,,,,,,,*7A

$AIS,0,212356000,0,0.0,10.3,15.481745,55.483753,266.1,265.0,-29535.90,61181.63,,1,,,,,,,,,,,,,,,*4C

$AIS,0,246530000,0,0.0,11.4,15.174483,54.755016,70.3,69.0,-49852.81,-19737.10,,1,,,,,,,,,,,,,,,*6A

$OWN,0,261187000,0,100000.0,6.4,15.949120,54.934830,150.2,183.0,0.0,0.0,,1,,,,,,,,,,,,,,,*64

$WIND,,,T,,,R*12

$AIS,0,246530000,0,0.0,11.4,15.174483,54.755016,70.3,69.0,-49853.73,-19729.88,,1,,,,,,,,,,,,,,,*68

$OWN,0,261187000,0,100000.0,6.4,15.949132,54.934765,154.4,185.0,0.0,0.0,,1,,,,,,,,,,,,,,,*6C

$WIND,,,T,,,R*12

$OWN,0,261187000,0,100000.0,6.4,15.949139,54.934734,156.5,187.0,0.0,0.0,,1,,,,,,,,,,,,,,,*62

$WIND,,,T,,,R*12

$OWN,0,261187000,0,100000.0,6.3,15.949139,54.934704,158.6,189.0,0.0,0.0,,1,,,,,,,,,,,,,,,*65

$WIND,,,T,,,R*12

$OWN,0,261187000,0,100000.0,6.3,15.949139,54.934673,160.6,191.0,0.0,0.0,,1,,,,,,,,,,,,,,,*66

$WIND,,,T,,,R*12

$AIS,0,229630000,0,0.0,11.0,15.161333,55.407166,85.0,83.0,-49882.60,52862.26,,1,,,,,,,,,,,,,,,*48

$OWN,0,261187000,0,100000.0,6.3,15.949139,54.934673,160.6,193.0,0.0,0.0,,1,,,,,,,,,,,,,,,*64

$WIND,,,T,,,R*12

$AIS,0,229630000,0,0.0,11.0,15.161333,55.407166,85.0,83.0,-49882.48,52865.66,,1,,,,,,,,,,,,,,,*41

$OWN,0,261187000,0,100000.0,6.3,15.949137,54.934643,162.7,195.0,0.0,0.0,,1,,,,,,,,,,,,,,,*6C

$WIND,,,T,,,R*12

$AIS,0,229630000,0,0.0,11.0,15.161333,55.407166,85.0,83.0,-49882.24,52869.47,,1,,,,,,,,,,,,,,,*44

$OWN,0,261187000,0,100000.0,6.3,15.949133,54.934608,164.8,196.0,0.0,0.0,,1,,,,,,,,,,,,,,,*6D

$WIND,,,T,,,R*12

$AIS,0,229630000,0,0.0,11.0,15.161333,55.407166,85.0,83.0,-49881.82,52872.44,,1,,,,,,,,,,,,,,,*42

$OWN,0,261187000,0,100000.0,6.3,15.949126,54.934582,166.9,198.0,0.0,0.0,,1,,,,,,,,,,,,,,,*65

$WIND,,,T,,,R*12

$AIS,0,229630000,0,0.0,11.0,15.161333,55.407166,85.0,83.0,-49881.82,52872.44,,1,,,,,,,,,,,,,,,*42

$OWN,0,261187000,0,100000.0,6.3,15.949120,54.934547,168.9,200.0,0.0,0.0,,1,,,,,,,,,,,,,,,*66

$WIND,,,T,,,R*12

$AIS,0,229630000,0,0.0,11.0,15.161333,55.407166,85.0,83.0,-49881.39,52876.26,,1,,,,,,,,,,,,,,,*42

$OWN,0,261187000,0,100000.0,6.3,15.949110,54.934517,170.9,202.0,0.0,0.0,,1,,,,,,,,,,,,,,,*6B

$WIND,,,T,,,R*12

$AIS,0,229630000,0,0.0,11.0,15.161333,55.407166,85.0,83.0,-49880.79,52879.65,,1,,,,,,,,,,,,,,,*4F

$OWN,0,261187000,0,100000.0,6.3,15.949090,54.934460,174.6,204.0,0.0,0.0,,1,,,,,,,,,,,,,,,*6E

$WIND,,,T,,,R*12

$AIS,0,229630000,0,0.0,11.0,15.161333,55.407166,85.0,83.0,-49879.52,52886.00,,1,,,,,,,,,,,,,,,*43

$OWN,0,261187000,0,100000.0,6.3,15.949075,54.934425,176.6,206.0,0.0,0.0,,1,,,,,,,,,,,,,,,*64

$WIND,,,T,,,R*12

$AIS,0,229630000,0,0.0,11.0,15.161333,55.407166,85.0,83.0,-49878.56,52889.81,,1,,,,,,,,,,,,,,,*40

$OWN,0,261187000,0,100000.0,6.3,15.949060,54.934399,178.7,208.0,0.0,0.0,,1,,,,,,,,,,,,,,,*61

$WIND,,,T,,,R*12

$AIS,0,229630000,0,0.0,11.0,15.161333,55.407166,85.0,83.0,-49877.65,52892.77,,1,,,,,,,,,,,,,,,*4C

$OWN,0,261187000,0,100000.0,6.3,15.949060,54.934399,178.7,210.0,0.0,0.0,,1,,,,,,,,,,,,,,,*68

$WIND,,,T,,,R*12

$AIS,0,229630000,0,0.0,11.0,15.161333,55.407166,85.0,83.0,-49877.65,52892.77,,1,,,,,,,,,,,,,,,*4C

$OWN,0,261187000,0,100000.0,6.3,15.949041,54.934368,180.7,212.0,0.0,0.0,,1,,,,,,,,,,,,,,,*60

$WIND,,,T,,,R*12

$OWN,0,261187000,0,100000.0,6.3,15.949021,54.934341,182.7,214.0,0.0,0.0,,1,,,,,,,,,,,,,,,*69

$WIND,,,T,,,R*12

$AIS,0,259016000,0,0.0,12.1,15.438283,55.339851,281.0,282.0,-32394.30,45244.53,,1,,,,,,,,,,,,,,,*41

$OWN,0,261187000,0,100000.0,6.3,15.949001,54.934311,184.7,216.0,0.0,0.0,,1,,,,,,,,,,,,,,,*6A

$WIND,,,T,,,R*12

$AIS,0,259016000,0,0.0,12.1,15.438283,55.339851,281.0,282.0,-32393.03,45247.91,,1,,,,,,,,,,,,,,,*4B

$OWN,0,261187000,0,100000.0,6.3,15.948980,54.934284,186.5,218.0,0.0,0.0,,1,,,,,,,,,,,,,,,*68

$WIND,,,T,,,R*12

$AIS,0,259016000,0,0.0,12.1,15.438283,55.339851,281.0,282.0,-32391.70,45250.87,,1,,,,,,,,,,,,,,,*4C

$OWN,0,261187000,0,100000.0,6.3,15.948955,54.934254,188.4,220.0,0.0,0.0,,1,,,,,,,,,,,,,,,*69

$WIND,,,T,,,R*12

$AIS,0,259016000,0,0.0,12.1,15.438283,55.339851,281.0,282.0,-32390.07,45254.26,,1,,,,,,,,,,,,,,,*42

$OWN,0,261187000,0,100000.0,6.3,15.948930,54.934227,190.3,222.0,0.0,0.0,,1,,,,,,,,,,,,,,,*62

$WIND,,,T,,,R*12

$AIS,0,259016000,0,0.0,12.1,15.438283,55.339851,281.0,282.0,-32388.50,45257.22,,1,,,,,,,,,,,,,,,*4E

$OWN,0,261187000,0,100000.0,6.3,15.948874,54.934174,194.2,224.0,0.0,0.0,,1,,,,,,,,,,,,,,,*65

$WIND,,,T,,,R*12

$AIS,0,259016000,0,0.0,12.1,15.438283,55.339851,281.0,282.0,-32384.93,45263.13,,1,,,,,,,,,,,,,,,*48

$OWN,0,261187000,0,100000.0,6.3,15.948843,54.934147,196.2,226.0,0.0,0.0,,1,,,,,,,,,,,,,,,*61

$WIND,,,T,,,R*12

$AIS,0,259016000,0,0.0,12.1,15.438283,55.339851,281.0,282.0,-32382.99,45266.09,,1,,,,,,,,,,,,,,,*4A

$OWN,0,261187000,0,100000.0,6.3,15.948843,54.934147,196.2,228.0,0.0,0.0,,1,,,,,,,,,,,,,,,*6F

$WIND,,,T,,,R*12

$AIS,0,259016000,0,0.0,12.1,15.438283,55.339851,281.0,282.0,-32382.99,45266.09,,1,,,,,,,,,,,,,,,*4A

$OWN,0,261187000,0,100000.0,6.3,15.948812,54.934124,198.0,230.0,0.0,0.0,,1,,,,,,,,,,,,,,,*6B

$WIND,,,T,,,R*12

$AIS,0,259016000,0,0.0,12.1,15.438283,55.339851,281.0,282.0,-32381.00,45268.62,,1,,,,,,,,,,,,,,,*4A

$AIS,0,229630000,0,0.0,11.0,15.163000,55.407333,85.0,83.0,-49756.13,52940.64,,1,,,,,,,,,,,,,,,*4E

$OWN,0,261187000,0,100000.0,6.3,15.948780,54.934097,199.9,232.0,0.0,0.0,,1,,,,,,,,,,,,,,,*6C

$WIND,,,T,,,R*12

$AIS,0,259016000,0,0.0,12.1,15.438283,55.339851,281.0,282.0,-32379.00,45271.58,,1,,,,,,,,,,,,,,,*4C

$AIS,0,229630000,0,0.0,11.0,15.163000,55.407333,85.0,83.0,-49754.14,52943.59,,1,,,,,,,,,,,,,,,*46

$OWN,0,261187000,0,100000.0,6.3,15.948747,54.934074,201.8,234.0,0.0,0.0,,1,,,,,,,,,,,,,,,*6F

$WIND,,,T,,,R*12

$AIS,0,229630000,0,0.0,11.0,15.163000,55.407333,85.0,83.0,-49752.02,52946.11,,1,,,,,,,,,,,,,,,*4E

$OWN,0,261187000,0,100000.0,6.3,15.948710,54.934052,203.8,236.0,0.0,0.0,,1,,,,,,,,,,,,,,,*69

$WIND,,,T,,,R*12

$AIS,0,229630000,0,0.0,11.0,15.163000,55.407333,85.0,83.0,-49749.73,52948.63,,1,,,,,,,,,,,,,,,*49

$OWN,0,261187000,0,100000.0,6.3,15.948671,54.934029,205.7,236.0,0.0,0.0,,1,,,,,,,,,,,,,,,*6A

$WIND,,,T,,,R*12

$AIS,0,229630000,0,0.0,11.0,15.163000,55.407333,85.0,83.0,-49744.96,52953.25,,1,,,,,,,,,,,,,,,*47

$OWN,0,261187000,0,100000.0,6.3,15.948635,54.934010,207.6,238.0,0.0,0.0,,1,,,,,,,,,,,,,,,*6D

$WIND,,,T,,,R*12

$AIS,0,229630000,0,0.0,11.0,15.163000,55.407333,85.0,83.0,-49742.42,52955.77,,1,,,,,,,,,,,,,,,*49

$OWN,0,261187000,0,100000.0,6.3,15.948595,54.933987,209.6,240.0,0.0,0.0,,1,,,,,,,,,,,,,,,*65

$WIND,,,T,,,R*12

$AIS,0,229630000,0,0.0,11.0,15.163000,55.407333,85.0,83.0,-49739.89,52957.86,,1,,,,,,,,,,,,,,,*4E

$AIS,0,273399760,3,0.4,0.0,15.349268,54.830124,236.2,231.0,-38497.07,-11390.82,,1,,,,,,,,,,,,,,,*51

$OWN,0,261187000,0,100000.0,6.3,15.948555,54.933968,211.5,242.0,0.0,0.0,,1,,,,,,,,,,,,,,,*60

$WIND,,,T,,,R*12

$AIS,0,229630000,0,0.0,11.0,15.163000,55.407333,85.0,83.0,-49737.23,52959.95,,1,,,,,,,,,,,,,,,*4C

$AIS,0,273399760,3,0.4,0.0,15.349268,54.830124,236.2,231.0,-38494.38,-11388.72,,1,,,,,,,,,,,,,,,*58

$OWN,0,261187000,0,100000.0,6.3,15.948513,54.933949,213.4,244.0,0.0,0.0,,1,,,,,,,,,,,,,,,*64

$WIND,,,T,,,R*12

$AIS,0,229630000,0,0.0,11.0,15.163000,55.407333,85.0,83.0,-49734.51,52962.05,,1,,,,,,,,,,,,,,,*4B

$AIS,0,273399760,3,0.4,0.0,15.349268,54.830124,236.2,231.0,-38491.62,-11386.62,,1,,,,,,,,,,,,,,,*5D

$OWN,0,261187000,0,100000.0,6.3,15.948470,54.933929,215.4,246.0,0.0,0.0,,1,,,,,,,,,,,,,,,*62

$WIND,,,T,,,R*12

$AIS,0,229630000,0,0.0,11.0,15.163000,55.407333,85.0,83.0,-49731.73,52964.14,,1,,,,,,,,,,,,,,,*48

$AIS,0,273399760,3,0.4,0.0,15.349268,54.830124,236.2,231.0,-38488.80,-11384.52,,1,,,,,,,,,,,,,,,*58

$OWN,0,261187000,0,100000.0,6.3,15.948381,54.933895,219.1,250.0,0.0,0.0,,1,,,,,,,,,,,,,,,*63

$WIND,,,T,,,R*12

$AIS,0,273399760,3,0.4,0.0,15.349268,54.830124,236.2,231.0,-38485.92,-11382.85,,1,,,,,,,,,,,,,,,*5A

$OWN,0,261187000,0,100000.0,6.3,15.948337,54.933880,221.0,252.0,0.0,0.0,,1,,,,,,,,,,,,,,,*62

$WIND,,,T,,,R*12

$AIS,0,273399760,3,0.4,0.0,15.349268,54.830124,236.2,231.0,-38483.04,-11381.17,,1,,,,,,,,,,,,,,,*5B

$OWN,0,261187000,0,100000.0,6.3,15.948290,54.933865,223.0,254.0,0.0,0.0,,1,,,,,,,,,,,,,,,*61

$WIND,,,T,,,R*12

$AIS,0,273399760,3,0.4,0.0,15.349268,54.830124,236.2,231.0,-38480.04,-11379.50,,1,,,,,,,,,,,,,,,*5C

$OWN,0,261187000,0,100000.0,6.3,15.948290,54.933865,223.0,254.0,0.0,0.0,,1,,,,,,,,,,,,,,,*61

$WIND,,,T,,,R*12

$AIS,0,273399760,3,0.4,0.0,15.349268,54.830124,236.2,231.0,-38477.04,-11377.83,,1,,,,,,,,,,,,,,,*54

$OWN,0,261187000,0,100000.0,6.3,15.948243,54.933849,224.9,256.0,0.0,0.0,,1,,,,,,,,,,,,,,,*6D

$WIND,,,T,,,R*12

$AIS,0,273399760,3,0.4,0.0,15.349268,54.830124,236.2,231.0,-38477.04,-11377.83,,1,,,,,,,,,,,,,,,*54

$OWN,0,261187000,0,100000.0,6.3,15.948195,54.933838,226.9,258.0,0.0,0.0,,1,,,,,,,,,,,,,,,*6F

$WIND,,,T,,,R*12

$AIS,0,273399760,3,0.4,0.0,15.349268,54.830124,236.2,231.0,-38473.98,-11376.58,,1,,,,,,,,,,,,,,,*52

$OWN,0,261187000,0,100000.0,6.3,15.948147,54.933826,228.8,260.0,0.0,0.0,,1,,,,,,,,,,,,,,,*6B

$WIND,,,T,,,R*12

$OWN,0,261187000,0,100000.0,6.3,15.948096,54.933815,230.7,262.0,0.0,0.0,,1,,,,,,,,,,,,,,,*62

$WIND,,,T,,,R*12

$OWN,0,261187000,0,100000.0,6.2,15.948047,54.933804,232.6,264.0,0.0,0.0,,1,,,,,,,,,,,,,,,*6A

$WIND,,,T,,,R*12

$OWN,0,261187000,0,100000.0,6.2,15.947997,54.933796,234.6,266.0,0.0,0.0,,1,,,,,,,,,,,,,,,*61

$WIND,,,T,,,R*12

$OWN,0,261187000,0,100000.0,6.2,15.947945,54.933788,236.6,270.0,0.0,0.0,,1,,,,,,,,,,,,,,,*64

$WIND,,,T,,,R*12

$OWN,0,261187000,0,100000.0,6.2,15.947893,54.933781,238.5,272.0,0.0,0.0,,1,,,,,,,,,,,,,,,*68

$WIND,,,T,,,R*12

$OWN,0,261187000,0,100000.0,6.2,15.947844,54.933773,240.4,274.0,0.0,0.0,,1,,,,,,,,,,,,,,,*67

$WIND,,,T,,,R*12

$OWN,0,261187000,0,100000.0,6.2,15.947792,54.933769,242.3,277.0,0.0,0.0,,1,,,,,,,,,,,,,,,*6E

$WIND,,,T,,,R*12

$OWN,0,261187000,0,100000.0,6.2,15.947739,54.933762,244.2,279.0,0.0,0.0,,1,,,,,,,,,,,,,,,*6D

$WIND,,,T,,,R*12

$OWN,0,261187000,0,100000.0,6.2,15.947686,54.933762,246.2,281.0,0.0,0.0,,1,,,,,,,,,,,,,,,*6D

$WIND,,,T,,,R*12

$OWN,0,261187000,0,100000.0,6.2,15.947635,54.933758,248.2,283.0,0.0,0.0,,1,,,,,,,,,,,,,,,*60

$WIND,,,T,,,R*12

$OWN,0,261187000,0,100000.0,6.2,15.947583,54.933758,250.2,285.0,0.0,0.0,,1,,,,,,,,,,,,,,,*61

$WIND,,,T,,,R*12

$OWN,0,261187000,0,100000.0,6.2,15.947530,54.933758,252.2,287.0,0.0,0.0,,1,,,,,,,,,,,,,,,*69

$WIND,,,T,,,R*12

$OWN,0,261187000,0,100000.0,6.2,15.947478,54.933762,254.2,289.0,0.0,0.0,,1,,,,,,,,,,,,,,,*65

$WIND,,,T,,,R*12

$OWN,0,261187000,0,100000.0,6.2,15.947427,54.933762,256.2,291.0,0.0,0.0,,1,,,,,,,,,,,,,,,*64

$WIND,,,T,,,R*12

$OWN,0,261187000,0,100000.0,6.1,15.947375,54.933765,258.1,293.0,0.0,0.0,,1,,,,,,,,,,,,,,,*6F

$WIND,,,T,,,R*12

$OWN,0,261187000,0,100000.0,6.1,15.947325,54.933769,260.1,295.0,0.0,0.0,,1,,,,,,,,,,,,,,,*6B

$WIND,,,T,,,R*12

$OWN,0,261187000,0,100000.0,6.1,15.947271,54.933777,262.1,297.0,0.0,0.0,,1,,,,,,,,,,,,,,,*64

$WIND,,,T,,,R*12

$OWN,0,261187000,0,100000.0,6.1,15.947222,54.933781,264.1,299.0,0.0,0.0,,1,,,,,,,,,,,,,,,*63

$WIND,,,T,,,R*12

$OWN,0,261187000,0,100000.0,6.1,15.947171,54.933788,266.1,301.0,0.0,0.0,,1,,,,,,,,,,,,,,,*6D

$WIND,,,T,,,R*12

$OWN,0,261187000,0,100000.0,6.1,15.947124,54.933796,268.2,303.0,0.0,0.0,,1,,,,,,,,,,,,,,,*6D

$WIND,,,T,,,R*12

$OWN,0,261187000,0,100000.0,6.1,15.947073,54.933807,270.1,305.0,0.0,0.0,,1,,,,,,,,,,,,,,,*65

$WIND,,,T,,,R*12

$OWN,0,261187000,0,100000.0,6.1,15.947025,54.933815,272.1,307.0,0.0,0.0,,1,,,,,,,,,,,,,,,*65

$WIND,,,T,,,R*12

$OWN,0,261187000,0,100000.0,6.1,15.946977,54.933826,274.1,309.0,0.0,0.0,,1,,,,,,,,,,,,,,,*62

$WIND,,,T,,,R*12

$OWN,0,261187000,0,100000.0,6.1,15.946930,54.933842,276.2,311.0,0.0,0.0,,1,,,,,,,,,,,,,,,*6B

$WIND,,,T,,,R*12

$OWN,0,261187000,0,100000.0,6.1,15.946883,54.933853,278.3,313.0,0.0,0.0,,1,,,,,,,,,,,,,,,*6F

$WIND,,,T,,,R*12

$OWN,0,261187000,0,100000.0,6.1,15.946840,54.933868,280.3,315.0,0.0,0.0,,1,,,,,,,,,,,,,,,*69

$WIND,,,T,,,R*12

$OWN,0,261187000,0,100000.0,6.1,15.946795,54.933884,282.2,317.0,0.0,0.0,,1,,,,,,,,,,,,,,,*6D

$WIND,,,T,,,R*12

$OWN,0,261187000,0,100000.0,6.1,15.946750,54.933899,284.2,319.0,0.0,0.0,,1,,,,,,,,,,,,,,,*60

$WIND,,,T,,,R*12

$OWN,0,261187000,0,100000.0,6.1,15.946709,54.933918,286.2,321.0,0.0,0.0,,1,,,,,,,,,,,,,,,*6D

$WIND,,,T,,,R*12

$OWN,0,261187000,0,100000.0,6.0,15.946667,54.933933,288.2,323.0,0.0,0.0,,1,,,,,,,,,,,,,,,*60

$WIND,,,T,,,R*12

$OWN,0,261187000,0,100000.0,6.0,15.946589,54.933971,292.2,325.0,0.0,0.0,,1,,,,,,,,,,,,,,,*68

$WIND,,,T,,,R*12

$OWN,0,261187000,0,100000.0,6.0,15.946550,54.933990,294.4,327.0,0.0,0.0,,1,,,,,,,,,,,,,,,*61

$WIND,,,T,,,R*12

$OWN,0,261187000,0,100000.0,6.0,15.946517,54.934013,296.5,329.0,0.0,0.0,,1,,,,,,,,,,,,,,,*6A

$WIND,,,T,,,R*12

$OWN,0,261187000,0,100000.0,6.0,15.946482,54.934032,298.6,331.0,0.0,0.0,,1,,,,,,,,,,,,,,,*60

$WIND,,,T,,,R*12

$OWN,0,261187000,0,100000.0,6.0,15.946448,54.934055,300.6,333.0,0.0,0.0,,1,,,,,,,,,,,,,,,*65

$WIND,,,T,,,R*12

$OWN,0,261187000,0,100000.0,6.0,15.946417,54.934078,302.6,336.0,0.0,0.0,,1,,,,,,,,,,,,,,,*67

$WIND,,,T,,,R*12

$OWN,0,261187000,0,100000.0,6.0,15.946385,54.934101,304.6,338.0,0.0,0.0,,1,,,,,,,,,,,,,,,*6C

$WIND,,,T,,,R*12

$OWN,0,261187000,0,100000.0,6.0,15.946355,54.934128,306.7,338.0,0.0,0.0,,1,,,,,,,,,,,,,,,*69

$WIND,,,T,,,R*12

$OWN,0,261187000,0,100000.0,6.0,15.946330,54.934151,308.8,340.0,0.0,0.0,,1,,,,,,,,,,,,,,,*6A

$WIND,,,T,,,R*12

$OWN,0,261187000,0,100000.0,6.0,15.946301,54.934177,310.8,344.0,0.0,0.0,,1,,,,,,,,,,,,,,,*61

$WIND,,,T,,,R*12

$OWN,0,261187000,0,100000.0,6.0,15.946279,54.934204,313.0,346.0,0.0,0.0,,1,,,,,,,,,,,,,,,*61

$WIND,,,T,,,R*12

$OWN,0,261187000,0,100000.0,6.0,15.946255,54.934227,315.1,348.0,0.0,0.0,,1,,,,,,,,,,,,,,,*67

$WIND,,,T,,,R*12

$OWN,0,261187000,0,100000.0,6.0,15.946235,54.934258,317.1,350.0,0.0,0.0,,1,,,,,,,,,,,,,,,*62

$WIND,,,T,,,R*12

$OWN,0,261187000,0,100000.0,6.0,15.946217,54.934284,319.2,353.0,0.0,0.0,,1,,,,,,,,,,,,,,,*6D

$WIND,,,T,,,R*12

$OWN,0,261187000,0,100000.0,6.0,15.946200,54.934311,321.4,355.0,0.0,0.0,,1,,,,,,,,,,,,,,,*6D

$WIND,,,T,,,R*12

$OWN,0,261187000,0,100000.0,6.0,15.946183,54.934341,323.5,357.0,0.0,0.0,,1,,,,,,,,,,,,,,,*61

$WIND,,,T,,,R*12

$OWN,0,261187000,0,100000.0,6.0,15.946172,54.934368,325.6,359.0,0.0,0.0,,1,,,,,,,,,,,,,,,*6F

$WIND,,,T,,,R*12

$OWN,0,261187000,0,100000.0,6.0,15.946172,54.934368,325.6,359.0,0.0,0.0,,1,,,,,,,,,,,,,,,*6F

$WIND,,,T,,,R*12

$OWN,0,261187000,0,100000.0,6.0,15.946158,54.934395,327.8,1.0,0.0,0.0,,1,,,,,,,,,,,,,,,*67

$WIND,,,T,,,R*12

$OWN,0,261187000,0,100000.0,6.0,15.946150,54.934425,329.9,3.0,0.0,0.0,,1,,,,,,,,,,,,,,,*6E

$WIND,,,T,,,R*12

$OWN,0,261187000,0,100000.0,6.0,15.946140,54.934456,331.9,5.0,0.0,0.0,,5,9161247,SNHA   ,NAWIGATOR XXI       ,99,17,43,4,6,2,5,21,12,0,3.4,SZCZECIN            *71

$WIND,,,T,,,R*12

$OWN,0,261187000,0,100000.0,6.0,15.946134,54.934483,333.9,7.0,0.0,0.0,,5,9161247,SNHA   ,NAWIGATOR XXI       ,99,17,43,4,6,2,5,21,12,0,3.4,SZCZECIN            *7A

$WIND,,,T,,,R*12

$OWN,0,261187000,0,100000.0,6.0,15.946130,54.934513,336.1,9.0,0.0,0.0,,5,9161247,SNHA   ,NAWIGATOR XXI       ,99,17,43,4,6,2,5,21,12,0,3.4,SZCZECIN            *75

$WIND,,,T,,,R*12

$OWN,0,261187000,0,100000.0,6.0,15.946127,54.934570,340.3,13.0,0.0,0.0,,5,9161247,SNHA   ,NAWIGATOR XXI       ,99,17,43,4,6,2,5,21,12,0,3.4,SZCZECIN            *4E

$WIND,,,T,,,R*12

$OWN,0,261187000,0,100000.0,6.0,15.946128,54.934601,342.4,15.0,0.0,0.0,,5,9161247,SNHA   ,NAWIGATOR XXI       ,99,17,43,4,6,2,5,21,12,0,3.4,SZCZECIN            *47

$WIND,,,T,,,R*12

$OWN,0,261187000,0,100000.0,6.0,15.946130,54.934631,344.4,16.0,0.0,0.0,,5,9161247,SNHA   ,NAWIGATOR XXI       ,99,17,43,4,6,2,5,21,12,0,3.4,SZCZECIN            *48

$WIND,,,T,,,R*12

$OWN,0,261187000,0,100000.0,6.0,15.946134,54.934662,346.3,18.0,0.0,0.0,,5,9161247,SNHA   ,NAWIGATOR XXI       ,99,17,43,4,6,2,5,21,12,0,3.4,SZCZECIN            *41

$WIND,,,T,,,R*12

$OWN,0,261187000,0,100000.0,6.0,15.946134,54.934662,346.3,18.0,0.0,0.0,,5,9161247,SNHA   ,NAWIGATOR XXI       ,99,17,43,4,6,2,5,21,12,0,3.4,SZCZECIN            *41

$WIND,,,T,,,R*12

$OWN,0,261187000,0,100000.0,6.0,15.946136,54.934692,348.3,19.0,0.0,0.0,,5,9161247,SNHA   ,NAWIGATOR XXI       ,99,17,43,4,6,2,5,21,12,0,3.4,SZCZECIN            *43

$WIND,,,T,,,R*12

$OWN,0,261187000,0,100000.0,6.0,15.946143,54.934719,350.1,20.0,0.0,0.0,,5,9161247,SNHA   ,NAWIGATOR XXI       ,99,17,43,4,6,2,5,21,12,0,3.4,SZCZECIN            *42

$WIND,,,T,,,R*12

$OWN,0,261187000,0,100000.0,6.0,15.946152,54.934750,352.1,21.0,0.0,0.0,,5,9161247,SNHA   ,NAWIGATOR XXI       ,99,17,43,4,6,2,5,21,12,0,3.4,SZCZECIN            *4C

$WIND,,,T,,,R*12

$OWN,0,261187000,0,100000.0,6.1,15.946161,54.934780,354.0,22.0,0.0,0.0,,5,9161247,SNHA   ,NAWIGATOR XXI       ,99,17,43,4,6,2,5,21,12,0,3.4,SZCZECIN            *44

$WIND,,,T,,,R*12

$OWN,0,261187000,0,100000.0,6.1,15.946174,54.934811,356.0,23.0,0.0,0.0,,5,9161247,SNHA   ,NAWIGATOR XXI       ,99,17,43,4,6,2,5,21,12,0,3.4,SZCZECIN            *44

$WIND,,,T,,,R*12

$OWN,0,261187000,0,100000.0,6.1,15.946187,54.934841,357.9,24.0,0.0,0.0,,5,9161247,SNHA   ,NAWIGATOR XXI       ,99,17,43,4,6,2,5,21,12,0,3.4,SZCZECIN            *42

$WIND,,,T,,,R*12

$OWN,0,261187000,0,100000.0,6.2,15.946218,54.934898,1.6,24.0,0.0,0.0,,5,9161247,SNHA   ,NAWIGATOR XXI       ,99,17,43,4,6,2,5,21,12,0,3.4,SZCZECIN            *4F

$WIND,,,T,,,R*12

$OWN,0,261187000,0,100000.0,6.2,15.946235,54.934929,3.3,24.0,0.0,0.0,,5,9161247,SNHA   ,NAWIGATOR XXI       ,99,17,43,4,6,2,5,21,12,0,3.4,SZCZECIN            *4C

$WIND,,,T,,,R*12

$OWN,0,261187000,0,100000.0,6.2,15.946252,54.934959,4.8,25.0,0.0,0.0,,5,9161247,SNHA   ,NAWIGATOR XXI       ,99,17,43,4,6,2,5,21,12,0,3.4,SZCZECIN            *47

$WIND,,,T,,,R*12

$OWN,0,261187000,0,100000.0,6.2,15.946252,54.934959,4.8,25.0,0.0,0.0,,5,9161247,SNHA   ,NAWIGATOR XXI       ,99,17,43,4,6,2,5,21,12,0,3.4,SZCZECIN            *47

$WIND,,,T,,,R*12

$OWN,0,261187000,0,100000.0,6.3,15.946270,54.934990,6.2,26.0,0.0,0.0,,5,9161247,SNHA   ,NAWIGATOR XXI       ,99,17,43,4,6,2,5,21,12,0,3.4,SZCZECIN            *48

$WIND,,,T,,,R*12

$OWN,0,261187000,0,100000.0,6.4,15.946290,54.935020,7.6,26.0,0.0,0.0,,5,9161247,SNHA   ,NAWIGATOR XXI       ,99,17,43,4,6,2,5,21,12,0,3.4,SZCZECIN            *47

$WIND,,,T,,,R*12

$OWN,0,261187000,0,100000.0,6.4,15.946308,54.935051,8.7,26.0,0.0,0.0,,5,9161247,SNHA   ,NAWIGATOR XXI       ,99,17,43,4,6,2,5,21,12,0,3.4,SZCZECIN            *4F

$WIND,,,T,,,R*12

$OWN,0,261187000,0,100000.0,6.5,15.946326,54.935081,9.9,27.0,0.0,0.0,,5,9161247,SNHA   ,NAWIGATOR XXI       ,99,17,43,4,6,2,5,21,12,0,3.4,SZCZECIN            *41

$WIND,,,T,,,R*12

$OWN,0,261187000,0,0.0,6.5,15.946345,54.935116,10.9,27.0,0.0,0.0,,5,9161247,SNHA   ,NAWIGATOR XXI       ,99,17,43,4,6,2,5,21,12,0,3.4,SZCZECIN            *42

$WIND,,,T,,,R*12

$OWN,0,261187000,0,0.0,6.7,15.946390,54.935177,13.1,27.0,0.0,0.0,,5,9161247,SNHA   ,NAWIGATOR XXI       ,99,17,43,4,6,2,5,21,12,0,3.4,SZCZECIN            *44

$WIND,,,T,,,R*12

$OWN,0,261187000,0,0.0,6.8,15.946413,54.935211,14.1,27.0,0.0,0.0,,5,9161247,SNHA   ,NAWIGATOR XXI       ,99,17,43,4,6,2,5,21,12,0,3.4,SZCZECIN            *43

$WIND,,,T,,,R*12

$OWN,0,261187000,0,0.0,6.8,15.946437,54.935242,15.0,27.0,0.0,0.0,,5,9161247,SNHA   ,NAWIGATOR XXI       ,99,17,43,4,6,2,5,21,12,0,3.4,SZCZECIN            *43

$WIND,,,T,,,R*12

$OWN,0,261187000,0,0.0,6.9,15.946462,54.935276,15.9,27.0,0.0,0.0,,5,9161247,SNHA   ,NAWIGATOR XXI       ,99,17,43,4,6,2,5,21,12,0,3.4,SZCZECIN            *4C

$WIND,,,T,,,R*12

$OWN,0,261187000,0,0.0,6.9,15.946462,54.935276,15.9,27.0,0.0,0.0,,5,9161247,SNHA   ,NAWIGATOR XXI       ,99,17,43,4,6,2,5,21,12,0,3.4,SZCZECIN            *4C

$WIND,,,T,,,R*12

$OWN,0,261187000,0,0.0,7.0,15.946485,54.935307,16.5,27.0,0.0,0.0,,5,9161247,SNHA   ,NAWIGATOR XXI       ,99,17,43,4,6,2,5,21,12,0,3.4,SZCZECIN            *45

$WIND,,,T,,,R*12

$OWN,0,261187000,0,-100000.0,7.1,15.946510,54.935341,17.1,26.0,0.0,0.0,,5,9161247,SNHA   ,NAWIGATOR XXI       ,99,17,43,4,6,2,5,21,12,0,3.4,SZCZECIN            *53

$WIND,,,T,,,R*12

$OWN,0,261187000,0,-100000.0,7.2,15.946558,54.935410,18.1,26.0,0.0,0.0,,5,9161247,SNHA   ,NAWIGATOR XXI       ,99,17,43,4,6,2,5,21,12,0,3.4,SZCZECIN            *50

$WIND,,,T,,,R*12

$OWN,0,261187000,0,-100000.0,7.3,15.946582,54.935444,18.5,26.0,0.0,0.0,,5,9161247,SNHA   ,NAWIGATOR XXI       ,99,17,43,4,6,2,5,21,12,0,3.4,SZCZECIN            *53

$WIND,,,T,,,R*12

$OWN,0,261187000,0,-100000.0,7.4,15.946609,54.935478,19.0,25.0,0.0,0.0,,5,9161247,SNHA   ,NAWIGATOR XXI       ,99,17,43,4,6,2,5,21,12,0,3.4,SZCZECIN            *5C

$WIND,,,T,,,R*12

$OWN,0,261187000,0,-100000.0,7.5,15.946635,54.935516,19.5,25.0,0.0,0.0,,5,9161247,SNHA   ,NAWIGATOR XXI       ,99,17,43,4,6,2,5,21,12,0,3.4,SZCZECIN            *5E

$WIND,,,T,,,R*12

$OWN,0,261187000,0,-100000.0,7.6,15.946660,54.935551,19.8,24.0,0.0,0.0,,5,9161247,SNHA   ,NAWIGATOR XXI       ,99,17,43,4,6,2,5,21,12,0,3.4,SZCZECIN            *52

$WIND,,,T,,,R*12

$OWN,0,261187000,0,-100000.0,7.7,15.946687,54.935585,20.1,24.0,0.0,0.0,,5,9161247,SNHA   ,NAWIGATOR XXI       ,99,17,43,4,6,2,5,21,12,0,3.4,SZCZECIN            *50

$WIND,,,T,,,R*12

$OWN,0,261187000,0,-100000.0,7.7,15.946712,54.935623,20.3,23.0,0.0,0.0,,5,9161247,SNHA   ,NAWIGATOR XXI       ,99,17,43,4,6,2,5,21,12,0,3.4,SZCZECIN            *57

$WIND,,,T,,,R*12

$OWN,0,261187000,0,-100000.0,7.7,15.946712,54.935623,20.3,23.0,0.0,0.0,,5,9161247,SNHA   ,NAWIGATOR XXI       ,99,17,43,4,6,2,5,21,12,0,3.4,SZCZECIN            *57

$WIND,,,T,,,R*12

$OWN,0,261187000,0,-100000.0,7.8,15.946738,54.935661,20.4,22.0,0.0,0.0,,5,9161247,SNHA   ,NAWIGATOR XXI       ,99,17,43,4,6,2,5,21,12,0,3.4,SZCZECIN            *50

$WIND,,,T,,,R*12

$OWN,0,261187000,0,-100000.0,7.9,15.946763,54.935696,20.4,22.0,0.0,0.0,,5,9161247,SNHA   ,NAWIGATOR XXI       ,99,17,43,4,6,2,5,21,12,0,3.4,SZCZECIN            *57

$WIND,,,T,,,R*12

$OWN,0,261187000,0,-100000.0,8.0,15.946787,54.935734,20.4,20.0,0.0,0.0,,5,9161247,SNHA   ,NAWIGATOR XXI       ,99,17,43,4,6,2,5,21,12,0,3.4,SZCZECIN            *50

$WIND,,,T,,,R*12

$OWN,0,261187000,0,-100000.0,8.1,15.946836,54.935810,20.3,19.0,0.0,0.0,,5,9161247,SNHA   ,NAWIGATOR XXI       ,99,17,43,4,6,2,5,21,12,0,3.4,SZCZECIN            *50

$WIND,,,T,,,R*12

$OWN,0,261187000,0,-100000.0,8.2,15.946860,54.935852,20.2,18.0,0.0,0.0,,5,9161247,SNHA   ,NAWIGATOR XXI       ,99,17,43,4,6,2,5,21,12,0,3.4,SZCZECIN            *56

$WIND,,,T,,,R*12

$OWN,0,261187000,0,-100000.0,8.2,15.946860,54.935852,20.2,18.0,0.0,0.0,,5,9161247,SNHA   ,NAWIGATOR XXI       ,99,17,43,4,6,2,5,21,12,0,3.4,SZCZECIN            *56

$WIND,,,T,,,R*12

$OWN,0,261187000,0,-100000.0,8.3,15.946881,54.935890,19.9,17.0,0.0,0.0,,5,9161247,SNHA   ,NAWIGATOR XXI       ,99,17,43,4,6,2,5,21,12,0,3.4,SZCZECIN            *58

$WIND,,,T,,,R*12

$OWN,0,261187000,0,-100000.0,8.3,15.946903,54.935928,19.6,16.0,0.0,0.0,,5,9161247,SNHA   ,NAWIGATOR XXI       ,99,17,43,4,6,2,5,21,12,0,3.4,SZCZECIN            *5F

$WIND,,,T,,,R*12

$OWN,0,261187000,0,-100000.0,8.4,15.946923,54.935970,19.2,15.0,0.0,0.0,,5,9161247,SNHA   ,NAWIGATOR XXI       ,99,17,43,4,6,2,5,21,12,0,3.4,SZCZECIN            *50

$WIND,,,T,,,R*12

$OWN,0,261187000,0,-100000.0,8.5,15.946945,54.936008,19.0,14.0,0.0,0.0,,5,9161247,SNHA   ,NAWIGATOR XXI       ,99,17,43,4,6,2,5,21,12,0,3.4,SZCZECIN            *57

$WIND,,,T,,,R*12

$OWN,0,261187000,0,-100000.0,8.6,15.946965,54.936050,18.7,14.0,0.0,0.0,,5,9161247,SNHA   ,NAWIGATOR XXI       ,99,17,43,4,6,2,5,21,12,0,3.4,SZCZECIN            *5D

$WIND,,,T,,,R*12

