$OWN,0,261187000,0,0.0,11.4,15.945193,54.923740,358.1,1.0,0.0,0.0,,1,,,,,,,,,,,,,,,*6B

$WIND,,,T,,,R*12

$OWN,0,261187000,0,0.0,11.4,15.945191,54.923794,358.2,1.0,0.0,0.0,,1,,,,,,,,,,,,,,,*63

$WIND,,,T,,,R*12

$OWN,0,261187000,0,0.0,11.4,15.945189,54.923847,358.2,1.0,0.0,0.0,,1,,,,,,,,,,,,,,,*6B

$WIND,,,T,,,R*12

$OWN,0,261187000,0,0.0,11.4,15.945185,54.923901,358.2,1.0,0.0,0.0,,1,,,,,,,,,,,,,,,*64

$WIND,,,T,,,R*12

$OWN,0,261187000,0,0.0,11.4,15.945184,54.923950,358.2,1.0,0.0,0.0,,1,,,,,,,,,,,,,,,*61

$WIND,,,T,,,R*12

$OWN,0,261187000,0,0.0,11.4,15.945180,54.924004,358.2,1.0,0.0,0.0,,1,,,,,,,,,,,,,,,*6A

$WIND,,,T,,,R*12

$OWN,0,261187000,0,0.0,11.4,15.945177,54.924057,358.2,1.0,0.0,0.0,,1,,,,,,,,,,,,,,,*64

$WIND,,,T,,,R*12

$OWN,0,261187000,0,0.0,11.4,15.945175,54.924110,358.3,1.0,0.0,0.0,,1,,,,,,,,,,,,,,,*65

$WIND,,,T,,,R*12

$OWN,0,261187000,0,0.0,11.4,15.945173,54.924164,358.3,1.0,0.0,0.0,,1,,,,,,,,,,,,,,,*60

$WIND,,,T,,,R*12

$OWN,0,261187000,0,0.0,11.4,15.945170,54.924213,358.3,1.0,0.0,0.0,,1,,,,,,,,,,,,,,,*60

$WIND,,,T,,,R*12

$OWN,0,261187000,0,0.0,11.4,15.945170,54.924213,358.3,1.0,0.0,0.0,,1,,,,,,,,,,,,,,,*60

$WIND,,,T,,,R*12

$OWN,0,261187000,0,0.0,11.4,15.945167,54.924267,358.3,1.0,0.0,0.0,,1,,,,,,,,,,,,,,,*65

$WIND,,,T,,,R*12

$OWN,0,261187000,0,0.0,11.4,15.945164,54.924320,358.3,1.0,0.0,0.0,,1,,,,,,,,,,,,,,,*64

$WIND,,,T,,,R*12

$OWN,0,261187000,0,0.0,11.4,15.945162,54.924374,358.4,1.0,0.0,0.0,,1,,,,,,,,,,,,,,,*64

$WIND,,,T,,,R*12

$OWN,0,261187000,0,0.0,11.4,15.945160,54.924427,358.5,1.0,0.0,0.0,,1,,,,,,,,,,,,,,,*66

$WIND,,,T,,,R*12

$OWN,0,261187000,0,100000.0,11.4,15.945158,54.924477,358.5,1.0,0.0,0.0,,1,,,,,,,,,,,,,,,*59

$WIND,,,T,,,R*12

$OWN,0,261187000,0,100000.0,11.4,15.945155,54.924530,358.5,2.0,0.0,0.0,,1,,,,,,,,,,,,,,,*55

$WIND,,,T,,,R*12

$OWN,0,261187000,0,100000.0,11.4,15.945153,54.924583,358.5,3.0,0.0,0.0,,1,,,,,,,,,,,,,,,*5A

$WIND,,,T,,,R*12

$OWN,0,261187000,0,100000.0,11.4,15.945151,54.924637,358.5,3.0,0.0,0.0,,1,,,,,,,,,,,,,,,*54

$WIND,,,T,,,R*12

$OWN,0,261187000,0,100000.0,11.4,15.945150,54.924740,358.8,5.0,0.0,0.0,,1,,,,,,,,,,,,,,,*5F

$WIND,,,T,,,R*12

$OWN,0,261187000,0,100000.0,11.4,15.945151,54.924793,359.0,6.0,0.0,0.0,,1,,,,,,,,,,,,,,,*5A

$WIND,,,T,,,R*12

$OWN,0,261187000,0,100000.0,11.4,15.945151,54.924847,359.1,7.0,0.0,0.0,,1,,,,,,,,,,,,,,,*5C

$WIND,,,T,,,R*12

$OWN,0,261187000,0,100000.0,11.4,15.945151,54.924900,359.3,9.0,0.0,0.0,,1,,,,,,,,,,,,,,,*52

$WIND,,,T,,,R*12

$OWN,0,261187000,0,100000.0,11.4,15.945155,54.924953,359.6,11.0,0.0,0.0,,1,,,,,,,,,,,,,,,*6C

$WIND,,,T,,,R*12

$OWN,0,261187000,0,100000.0,11.3,15.945164,54.925056,0.2,13.0,0.0,0.0,,1,,,,,,,,,,,,,,,*6D

$WIND,,,T,,,R*12

$OWN,0,261187000,0,100000.0,11.3,15.945173,54.925106,0.8,15.0,0.0,0.0,,1,,,,,,,,,,,,,,,*63

$WIND,,,T,,,R*12

$OWN,0,261187000,0,100000.0,11.3,15.945185,54.925156,1.6,17.0,0.0,0.0,,1,,,,,,,,,,,,,,,*62

$WIND,,,T,,,R*12

$OWN,0,261187000,0,100000.0,11.3,15.945185,54.925156,1.6,17.0,0.0,0.0,,1,,,,,,,,,,,,,,,*62

$WIND,,,T,,,R*12

$OWN,0,261187000,0,100000.0,11.2,15.945202,54.925205,2.5,19.0,0.0,0.0,,1,,,,,,,,,,,,,,,*64

$WIND,,,T,,,R*12

$OWN,0,261187000,0,100000.0,11.1,15.945242,54.925304,4.4,24.0,0.0,0.0,,1,,,,,,,,,,,,,,,*6A

$WIND,,,T,,,R*12

$OWN,0,261187000,0,100000.0,11.0,15.945267,54.925350,5.6,26.0,0.0,0.0,,1,,,,,,,,,,,,,,,*6C

$WIND,,,T,,,R*12

$OWN,0,261187000,0,100000.0,11.0,15.945292,54.925396,6.8,29.0,0.0,0.0,,1,,,,,,,,,,,,,,,*6E

$WIND,,,T,,,R*12

$OWN,0,261187000,0,100000.0,10.9,15.945322,54.925442,8.0,31.0,0.0,0.0,,1,,,,,,,,,,,,,,,*6D

$WIND,,,T,,,R*12

$OWN,0,261187000,0,100000.0,10.8,15.945352,54.925488,9.3,34.0,0.0,0.0,,1,,,,,,,,,,,,,,,*6A

$WIND,,,T,,,R*12

$OWN,0,261187000,0,100000.0,10.7,15.945385,54.925529,10.6,37.0,0.0,0.0,,1,,,,,,,,,,,,,,,*5B

$WIND,,,T,,,R*12

$OWN,0,261187000,0,100000.0,10.6,15.945421,54.925571,12.1,40.0,0.0,0.0,,1,,,,,,,,,,,,,,,*5B

$WIND,,,T,,,R*12

$OWN,0,261187000,0,100000.0,10.5,15.945461,54.925613,13.7,43.0,0.0,0.0,,1,,,,,,,,,,,,,,,*5F

$WIND,,,T,,,R*12

$OWN,0,261187000,0,100000.0,10.4,15.945503,54.925648,15.5,46.0,0.0,0.0,,1,,,,,,,,,,,,,,,*54

$WIND,,,T,,,R*12

$OWN,0,261187000,0,100000.0,10.2,15.945550,54.925686,17.3,48.0,0.0,0.0,,1,,,,,,,,,,,,,,,*5C

$WIND,,,T,,,R*12

$OWN,0,261187000,0,100000.0,10.1,15.945599,54.925720,19.2,51.0,0.0,0.0,,1,,,,,,,,,,,,,,,*50

$WIND,,,T,,,R*12

$OWN,0,261187000,0,100000.0,10.0,15.945648,54.925751,21.2,54.0,0.0,0.0,,1,,,,,,,,,,,,,,,*56

$WIND,,,T,,,R*12

$OWN,0,261187000,0,100000.0,10.0,15.945648,54.925751,21.2,54.0,0.0,0.0,,1,,,,,,,,,,,,,,,*56

$WIND,,,T,,,R*12

$OWN,0,261187000,0,100000.0,9.8,15.945700,54.925781,23.3,57.0,0.0,0.0,,1,,,,,,,,,,,,,,,*66

$WIND,,,T,,,R*12

$OWN,0,261187000,0,100000.0,9.7,15.945753,54.925812,25.4,60.0,0.0,0.0,,1,,,,,,,,,,,,,,,*6F

$WIND,,,T,,,R*12

$OWN,0,261187000,0,100000.0,9.5,15.945808,54.925835,27.4,63.0,0.0,0.0,,1,,,,,,,,,,,,,,,*68

$WIND,,,T,,,R*12

$OWN,0,261187000,0,100000.0,9.4,15.945864,54.925861,29.6,66.0,0.0,0.0,,1,,,,,,,,,,,,,,,*6B

$WIND,,,T,,,R*12

$OWN,0,261187000,0,100000.0,9.1,15.945978,54.925907,34.0,71.0,0.0,0.0,,1,,,,,,,,,,,,,,,*6F

$WIND,,,T,,,R*12

$OWN,0,261187000,0,100000.0,8.9,15.946038,54.925926,36.3,74.0,0.0,0.0,,1,,,,,,,,,,,,,,,*6F

$WIND,,,T,,,R*12

$OWN,0,261187000,0,100000.0,8.8,15.946096,54.925941,38.7,77.0,0.0,0.0,,1,,,,,,,,,,,,,,,*62

$WIND,,,T,,,R*12

$AIS,0,273399760,3,-0.4,0.0,15.349305,54.830074,236.2,231.0,-38336.80,-10504.57,,1,,,,,,,,,,,,,,,*73

$AIS,0,563827000,0,0.0,14.7,15.591158,54.695198,82.6,82.0,-22876.64,-25618.26,,1,,,,,,,,,,,,,,,*6A

$AIS,0,246530000,0,0.0,11.1,15.140750,54.748016,70.3,69.0,-51838.62,-19501.27,,1,,,,,,,,,,,,,,,*62

$OWN,0,261187000,0,100000.0,8.6,15.946157,54.925957,41.1,79.0,0.0,0.0,,1,,,,,,,,,,,,,,,*61

$WIND,,,T,,,R*12

$AIS,0,273399760,3,-0.4,0.0,15.349305,54.830074,236.2,231.0,-38340.66,-10506.24,,1,,,,,,,,,,,,,,,*7C

$AIS,0,563827000,0,0.0,14.7,15.591158,54.695198,82.6,82.0,-22880.51,-25619.94,,1,,,,,,,,,,,,,,,*6D

$AIS,0,246530000,0,0.0,11.1,15.140750,54.748016,70.3,69.0,-51842.48,-19502.93,,1,,,,,,,,,,,,,,,*6B

$OWN,0,261187000,0,100000.0,8.5,15.946218,54.925968,43.5,82.0,0.0,0.0,,1,,,,,,,,,,,,,,,*64

$WIND,,,T,,,R*12

$AIS,0,273399760,3,-0.4,0.0,15.349305,54.830074,236.2,231.0,-38344.64,-10507.48,,1,,,,,,,,,,,,,,,*71

$AIS,0,563827000,0,0.0,14.7,15.591158,54.695198,82.6,82.0,-22884.51,-25621.19,,1,,,,,,,,,,,,,,,*67

$AIS,0,246530000,0,0.0,11.1,15.140750,54.748016,70.3,69.0,-51846.47,-19504.15,,1,,,,,,,,,,,,,,,*68

$OWN,0,261187000,0,100000.0,8.3,15.946277,54.925980,46.0,85.0,0.0,0.0,,1,,,,,,,,,,,,,,,*6A

$WIND,,,T,,,R*12

$AIS,0,273399760,3,-0.4,0.0,15.349305,54.830074,236.2,231.0,-38348.37,-10508.72,,1,,,,,,,,,,,,,,,*7D

$AIS,0,563827000,0,0.0,14.7,15.591158,54.695198,82.6,82.0,-22888.26,-25622.45,,1,,,,,,,,,,,,,,,*61

$AIS,0,246530000,0,0.0,11.1,15.140750,54.748016,70.3,69.0,-51850.22,-19505.39,,1,,,,,,,,,,,,,,,*63

$OWN,0,261187000,0,100000.0,8.2,15.946339,54.925991,48.4,88.0,0.0,0.0,,1,,,,,,,,,,,,,,,*67

$WIND,,,T,,,R*12

$AIS,0,273399760,3,-0.4,0.0,15.349305,54.830074,236.2,231.0,-38352.36,-10509.96,,1,,,,,,,,,,,,,,,*7C

$AIS,0,563827000,0,0.0,14.7,15.591158,54.695198,82.6,82.0,-22892.25,-25623.70,,1,,,,,,,,,,,,,,,*6E

$AIS,0,246530000,0,0.0,11.1,15.140750,54.748016,70.3,69.0,-51854.21,-19506.61,,1,,,,,,,,,,,,,,,*6A

$OWN,0,261187000,0,100000.0,8.1,15.946399,54.925999,50.8,90.0,0.0,0.0,,1,,,,,,,,,,,,,,,*6A

$WIND,,,T,,,R*12

$AIS,0,273399760,3,-0.4,0.0,15.349305,54.830074,236.2,231.0,-38356.22,-10510.78,,1,,,,,,,,,,,,,,,*75

$AIS,0,563827000,0,0.0,14.7,15.591158,54.695198,82.6,82.0,-22896.12,-25624.53,,1,,,,,,,,,,,,,,,*68

$AIS,0,246530000,0,0.0,11.1,15.140750,54.748016,70.3,69.0,-51858.08,-19507.42,,1,,,,,,,,,,,,,,,*6D

$OWN,0,261187000,0,100000.0,8.0,15.946458,54.926006,53.3,93.0,0.0,0.0,,1,,,,,,,,,,,,,,,*66

$WIND,,,T,,,R*12

$AIS,0,273399760,3,-0.4,0.0,15.349305,54.830074,236.2,231.0,-38360.01,-10511.59,,1,,,,,,,,,,,,,,,*73

$AIS,0,563827000,0,0.0,14.7,15.591158,54.695198,82.6,82.0,-22899.93,-25625.36,,1,,,,,,,,,,,,,,,*6C

$AIS,0,246530000,0,0.0,11.1,15.140750,54.748016,70.3,69.0,-51861.88,-19508.22,,1,,,,,,,,,,,,,,,*66

$OWN,0,261187000,0,100000.0,7.8,15.946518,54.926010,55.7,96.0,0.0,0.0,,1,,,,,,,,,,,,,,,*64

$WIND,,,T,,,R*12

$AIS,0,273399760,3,-0.4,0.0,15.349305,54.830074,236.2,231.0,-38363.87,-10511.98,,1,,,,,,,,,,,,,,,*73

$AIS,0,563827000,0,0.0,14.7,15.591158,54.695198,82.6,82.0,-22903.81,-25625.77,,1,,,,,,,,,,,,,,,*68

$AIS,0,246530000,0,0.0,11.1,15.140750,54.748016,70.3,69.0,-51865.75,-19508.60,,1,,,,,,,,,,,,,,,*66

$OWN,0,261187000,0,100000.0,7.7,15.946578,54.926014,58.2,98.0,0.0,0.0,,1,,,,,,,,,,,,,,,*6F

$WIND,,,T,,,R*12

$AIS,0,273399760,3,-0.2,0.0,15.349298,54.830078,236.2,231.0,-38368.16,-10511.95,,1,,,,,,,,,,,,,,,*72

$AIS,0,563827000,0,0.0,14.7,15.591158,54.695198,82.6,82.0,-22907.68,-25626.17,,1,,,,,,,,,,,,,,,*6E

$AIS,0,246530000,0,0.0,11.1,15.140750,54.748016,70.3,69.0,-51869.62,-19508.98,,1,,,,,,,,,,,,,,,*6B

$AIS,0,273397740,3,0.0,0.0,15.340167,54.831917,153.7,246.0,-38952.97,-10302.31,,1,,,,,,,,,,,,,,,*5F

$OWN,0,261187000,0,100000.0,7.6,15.946636,54.926018,60.7,101.0,0.0,0.0,,1,,,,,,,,,,,,,,,*54

$WIND,,,T,,,R*12

$AIS,0,273399760,3,-0.2,0.0,15.349298,54.830078,236.2,231.0,-38371.90,-10512.34,,1,,,,,,,,,,,,,,,*7C

$AIS,0,563827000,0,0.0,14.7,15.591158,54.695198,82.6,82.0,-22911.43,-25626.58,,1,,,,,,,,,,,,,,,*6B

$AIS,0,246530000,0,0.0,11.1,15.140750,54.748016,70.3,69.0,-51873.36,-19509.36,,1,,,,,,,,,,,,,,,*64

$AIS,0,273397740,3,0.0,0.0,15.340167,54.831917,153.7,246.0,-38956.70,-10302.71,,1,,,,,,,,,,,,,,,*56

$OWN,0,261187000,0,100000.0,7.5,15.946695,54.926018,63.3,103.0,0.0,0.0,,1,,,,,,,,,,,,,,,*5B

$WIND,,,T,,,R*12

$AIS,0,273399760,3,-0.2,0.0,15.349298,54.830078,236.2,231.0,-38375.69,-10512.31,,1,,,,,,,,,,,,,,,*7B

$AIS,0,563827000,0,0.0,14.7,15.591158,54.695198,82.6,82.0,-22915.24,-25626.56,,1,,,,,,,,,,,,,,,*60

$AIS,0,246530000,0,0.0,11.1,15.140750,54.748016,70.3,69.0,-51877.17,-19509.32,,1,,,,,,,,,,,,,,,*67

$AIS,0,273397740,3,0.0,0.0,15.340167,54.831917,153.7,246.0,-38960.50,-10302.67,,1,,,,,,,,,,,,,,,*56

$OWN,0,261187000,0,100000.0,7.4,15.946754,54.926014,66.0,106.0,0.0,0.0,,1,,,,,,,,,,,,,,,*59

$WIND,,,T,,,R*12

$AIS,0,273399760,3,-0.2,0.0,15.349298,54.830078,236.2,231.0,-38379.43,-10511.85,,1,,,,,,,,,,,,,,,*73

$AIS,0,273397740,3,0.0,0.0,15.340167,54.831917,153.7,246.0,-38964.24,-10302.22,,1,,,,,,,,,,,,,,,*50

$OWN,0,261187000,0,100000.0,7.3,15.946808,54.926010,68.6,109.0,0.0,0.0,,1,,,,,,,,,,,,,,,*5B

$WIND,,,T,,,R*12

$AIS,0,273399760,3,-0.2,0.0,15.349298,54.830078,236.2,231.0,-38382.92,-10511.40,,1,,,,,,,,,,,,,,,*72

$AIS,0,273397740,3,0.0,0.0,15.340167,54.831917,153.7,246.0,-38967.73,-10301.76,,1,,,,,,,,,,,,,,,*53

$OWN,0,261187000,0,100000.0,7.2,15.946865,54.926006,71.3,111.0,0.0,0.0,,1,,,,,,,,,,,,,,,*52

$WIND,,,T,,,R*12

$AIS,0,273399760,3,-0.2,0.0,15.349298,54.830078,236.2,231.0,-38386.60,-10510.94,,1,,,,,,,,,,,,,,,*73

$AIS,0,273397740,3,0.0,0.0,15.340167,54.831917,153.7,246.0,-38971.41,-10301.30,,1,,,,,,,,,,,,,,,*57

$OWN,0,261187000,0,100000.0,7.1,15.946918,54.925999,73.9,114.0,0.0,0.0,,1,,,,,,,,,,,,,,,*5B

$WIND,,,T,,,R*12

$AIS,0,273399760,3,-0.2,0.0,15.349298,54.830078,236.2,231.0,-38390.03,-10510.06,,1,,,,,,,,,,,,,,,*7A

$AIS,0,273397740,3,0.0,0.0,15.340167,54.831917,153.7,246.0,-38974.84,-10300.43,,1,,,,,,,,,,,,,,,*5E

$OWN,0,261187000,0,100000.0,7.0,15.946972,54.925991,76.5,116.0,0.0,0.0,,1,,,,,,,,,,,,,,,*55

$WIND,,,T,,,R*12

$AIS,0,273399760,3,-0.2,0.0,15.349298,54.830078,236.2,231.0,-38393.46,-10509.19,,1,,,,,,,,,,,,,,,*7E

$AIS,0,273397740,3,0.0,0.0,15.340167,54.831917,153.7,246.0,-38978.27,-10299.55,,1,,,,,,,,,,,,,,,*5D

$OWN,0,261187000,0,100000.0,6.9,15.947025,54.925983,79.1,119.0,0.0,0.0,,1,,,,,,,,,,,,,,,*50

$WIND,,,T,,,R*12

$AIS,0,273399760,3,-0.2,0.0,15.349298,54.830078,236.2,231.0,-38396.89,-10508.31,,1,,,,,,,,,,,,,,,*73

$AIS,0,273397740,3,0.0,0.0,15.340167,54.831917,153.7,246.0,-38981.70,-10298.67,,1,,,,,,,,,,,,,,,*59

$OWN,0,261187000,0,100000.0,6.8,15.947077,54.925976,81.6,122.0,0.0,0.0,,1,,,,,,,,,,,,,,,*54

$WIND,,,T,,,R*12

$AIS,0,273399760,3,-0.2,0.0,15.349298,54.830078,236.2,231.0,-38400.20,-10507.43,,1,,,,,,,,,,,,,,,*72

$AIS,0,273397740,3,0.0,0.0,15.340167,54.831917,153.7,246.0,-38985.01,-10297.79,,1,,,,,,,,,,,,,,,*5B

$OWN,0,261187000,0,100000.0,6.8,15.947077,54.925976,81.6,122.0,0.0,0.0,,1,,,,,,,,,,,,,,,*54

$WIND,,,T,,,R*12

$AIS,0,273399760,3,0.0,0.0,15.349298,54.830078,236.2,231.0,-38403.38,-10506.13,,1,,,,,,,,,,,,,,,*53

$AIS,0,273397740,3,0.0,0.0,15.340167,54.831917,153.7,246.0,-38988.19,-10296.49,,1,,,,,,,,,,,,,,,*5D

$OWN,0,261187000,0,100000.0,6.7,15.947126,54.925964,84.2,124.0,0.0,0.0,,1,,,,,,,,,,,,,,,*5A

$WIND,,,T,,,R*12

$AIS,0,273399760,3,0.0,0.0,15.349298,54.830078,236.2,231.0,-38406.63,-10504.83,,1,,,,,,,,,,,,,,,*53

$OWN,0,261187000,0,100000.0,6.6,15.947177,54.925953,86.9,127.0,0.0,0.0,,1,,,,,,,,,,,,,,,*51

$WIND,,,T,,,R*12

$AIS,0,273399760,3,0.0,0.0,15.349298,54.830078,236.2,231.0,-38409.63,-10503.10,,1,,,,,,,,,,,,,,,*51

$OWN,0,261187000,0,100000.0,6.5,15.947224,54.925938,89.5,129.0,0.0,0.0,,1,,,,,,,,,,,,,,,*57

$WIND,,,T,,,R*12

$AIS,0,273399760,3,0.0,0.0,15.349298,54.830078,236.2,231.0,-38412.63,-10501.38,,1,,,,,,,,,,,,,,,*53

$OWN,0,261187000,0,100000.0,6.5,15.947270,54.925922,92.1,132.0,0.0,0.0,,1,,,,,,,,,,,,,,,*59

$WIND,,,T,,,R*12

$AIS,0,273399760,3,0.0,0.0,15.349298,54.830078,236.2,231.0,-38415.51,-10499.66,,1,,,,,,,,,,,,,,,*5E

$OWN,0,261187000,0,100000.0,6.4,15.947315,54.925907,94.7,134.0,0.0,0.0,,1,,,,,,,,,,,,,,,*5B

$WIND,,,T,,,R*12

$AIS,0,273399760,3,0.0,0.0,15.349298,54.830078,236.2,231.0,-38418.27,-10497.94,,1,,,,,,,,,,,,,,,*51

$OWN,0,261187000,0,100000.0,6.3,15.947358,54.925892,97.3,136.0,0.0,0.0,,1,,,,,,,,,,,,,,,*5D

$WIND,,,T,,,R*12

$AIS,0,273399760,3,0.0,0.0,15.349298,54.830078,236.2,231.0,-38420.97,-10496.22,,1,,,,,,,,,,,,,,,*5D

$OWN,0,261187000,0,100000.0,6.3,15.947400,54.925877,99.8,139.0,0.0,0.0,,1,,,,,,,,,,,,,,,*56

$WIND,,,T,,,R*12

$AIS,0,273399760,3,0.0,0.0,15.349298,54.830078,236.2,231.0,-38423.54,-10494.07,,1,,,,,,,,,,,,,,,*54

$OWN,0,261187000,0,100000.0,6.2,15.947440,54.925858,102.3,141.0,0.0,0.0,,1,,,,,,,,,,,,,,,*69

$WIND,,,T,,,R*12

$AIS,0,273399760,3,0.0,0.0,15.349298,54.830078,236.2,231.0,-38426.11,-10491.93,,1,,,,,,,,,,,,,,,*58

$AIS,0,259016000,0,0.0,12.1,15.476550,55.335033,282.0,282.0,-29873.05,45636.76,,1,,,,,,,,,,,,,,,*49

$OWN,0,261187000,0,100000.0,6.2,15.947480,54.925838,105.0,144.0,0.0,0.0,,1,,,,,,,,,,,,,,,*62

$WIND,,,T,,,R*12

$AIS,0,273399760,3,0.0,0.0,15.349298,54.830078,236.2,231.0,-38428.32,-10489.79,,1,,,,,,,,,,,,,,,*5A

$AIS,0,259016000,0,0.0,12.1,15.476550,55.335033,282.0,282.0,-29875.23,45638.90,,1,,,,,,,,,,,,,,,*4D

$AIS,0,273397740,3,0.0,0.1,15.340167,54.831917,153.7,246.0,-39013.12,-10280.14,,1,,,,,,,,,,,,,,,*52

$OWN,0,261187000,0,100000.0,6.1,15.947515,54.925819,107.6,146.0,0.0,0.0,,1,,,,,,,,,,,,,,,*69

$WIND,,,T,,,R*12

$AIS,0,273399760,3,0.0,0.0,15.349298,54.830078,236.2,231.0,-38428.32,-10489.79,,1,,,,,,,,,,,,,,,*5A

$AIS,0,259016000,0,0.0,12.1,15.476550,55.335033,282.0,282.0,-29875.23,45638.90,,1,,,,,,,,,,,,,,,*4D

$AIS,0,273397740,3,0.0,0.1,15.340167,54.831917,153.7,246.0,-39013.12,-10280.14,,1,,,,,,,,,,,,,,,*52

$OWN,0,261187000,0,100000.0,6.1,15.947552,54.925797,110.2,148.0,0.0,0.0,,1,,,,,,,,,,,,,,,*6F

$WIND,,,T,,,R*12

$AIS,0,259016000,0,0.0,12.1,15.476550,55.335033,282.0,282.0,-29877.59,45641.46,,1,,,,,,,,,,,,,,,*47

$AIS,0,273397740,3,0.0,0.1,15.340167,54.831917,153.7,246.0,-39015.51,-10277.58,,1,,,,,,,,,,,,,,,*53

$OWN,0,261187000,0,100000.0,6.0,15.947585,54.925777,112.6,151.0,0.0,0.0,,1,,,,,,,,,,,,,,,*64

$WIND,,,T,,,R*12

$AIS,0,259016000,0,0.0,12.1,15.476550,55.335033,282.0,282.0,-29879.71,45643.60,,1,,,,,,,,,,,,,,,*45

$AIS,0,273397740,3,0.0,0.1,15.340167,54.831917,153.7,246.0,-39017.66,-10275.43,,1,,,,,,,,,,,,,,,*5D

$OWN,0,261187000,0,100000.0,6.0,15.947617,54.925755,115.1,153.0,0.0,0.0,,1,,,,,,,,,,,,,,,*6E

$WIND,,,T,,,R*12

$AIS,0,259016000,0,0.0,12.1,15.476550,55.335033,282.0,282.0,-29883.70,45648.72,,1,,,,,,,,,,,,,,,*49

$AIS,0,273397740,3,0.0,0.1,15.340167,54.831917,153.7,246.0,-39021.70,-10270.31,,1,,,,,,,,,,,,,,,*5F

$OWN,0,261187000,0,100000.0,5.9,15.947648,54.925732,117.8,156.0,0.0,0.0,,1,,,,,,,,,,,,,,,*61

$WIND,,,T,,,R*12

$AIS,0,259016000,0,0.0,12.1,15.476550,55.335033,282.0,282.0,-29885.40,45651.28,,1,,,,,,,,,,,,,,,*4B

$AIS,0,273397740,3,0.0,0.1,15.340167,54.831917,153.7,246.0,-39023.42,-10267.74,,1,,,,,,,,,,,,,,,*5B

$OWN,0,261187000,0,100000.0,5.9,15.947675,54.925709,120.3,158.0,0.0,0.0,,1,,,,,,,,,,,,,,,*66

$WIND,,,T,,,R*12

$AIS,0,259016000,0,0.0,12.1,15.476550,55.335033,282.0,282.0,-29887.09,45653.84,,1,,,,,,,,,,,,,,,*40

$AIS,0,273397740,3,0.0,0.1,15.340167,54.831917,153.7,246.0,-39025.13,-10265.18,,1,,,,,,,,,,,,,,,*51

$OWN,0,261187000,0,100000.0,5.8,15.947701,54.925686,122.8,160.0,0.0,0.0,,1,,,,,,,,,,,,,,,*61

$WIND,,,T,,,R*12

$AIS,0,259016000,0,0.0,12.1,15.476550,55.335033,282.0,282.0,-29888.66,45656.39,,1,,,,,,,,,,,,,,,*45

$AIS,0,273397740,3,0.0,0.1,15.340167,54.831917,153.7,246.0,-39026.72,-10262.62,,1,,,,,,,,,,,,,,,*5F

$OWN,0,261187000,0,100000.0,5.8,15.947726,54.925663,125.3,162.0,0.0,0.0,,1,,,,,,,,,,,,,,,*61

$WIND,,,T,,,R*12

$AIS,0,259016000,0,0.0,12.1,15.476550,55.335033,282.0,282.0,-29890.17,45658.95,,1,,,,,,,,,,,,,,,*42

$AIS,0,273397740,3,0.0,0.1,15.340167,54.831917,153.7,246.0,-39028.25,-10260.06,,1,,,,,,,,,,,,,,,*53

$OWN,0,261187000,0,100000.0,5.8,15.947750,54.925640,127.7,165.0,0.0,0.0,,1,,,,,,,,,,,,,,,*60

$WIND,,,T,,,R*12

$AIS,0,259016000,0,0.0,12.1,15.476550,55.335033,282.0,282.0,-29891.57,45661.93,,1,,,,,,,,,,,,,,,*4B

$AIS,0,273397740,3,0.0,0.1,15.340167,54.831917,153.7,246.0,-39029.66,-10257.08,,1,,,,,,,,,,,,,,,*5F

$OWN,0,261187000,0,100000.0,5.7,15.947772,54.925613,130.2,167.0,0.0,0.0,,1,,,,,,,,,,,,,,,*68

$WIND,,,T,,,R*12

$AIS,0,259016000,0,0.0,12.1,15.475500,55.335167,282.0,282.0,-29959.34,45680.22,,1,,,,,,,,,,,,,,,*48

$AIS,0,273397740,3,0.0,0.1,15.340167,54.831917,153.7,246.0,-39030.95,-10254.10,,1,,,,,,,,,,,,,,,*51

$OWN,0,261187000,0,100000.0,5.7,15.947808,54.925564,135.0,172.0,0.0,0.0,,1,,,,,,,,,,,,,,,*6A

$WIND,,,T,,,R*12

$AIS,0,259016000,0,0.0,12.1,15.475500,55.335167,282.0,282.0,-29960.37,45682.78,,1,,,,,,,,,,,,,,,*4C

$OWN,0,261187000,0,100000.0,5.7,15.947808,54.925564,135.0,172.0,0.0,0.0,,1,,,,,,,,,,,,,,,*6A

$WIND,,,T,,,R*12

$AIS,0,259016000,0,0.0,12.1,15.475500,55.335167,282.0,282.0,-29961.46,45685.75,,1,,,,,,,,,,,,,,,*41

$OWN,0,261187000,0,100000.0,5.7,15.947825,54.925537,137.4,174.0,0.0,0.0,,1,,,,,,,,,,,,,,,*63

$WIND,,,T,,,R*12

$AIS,0,259016000,0,0.0,12.1,15.475500,55.335167,282.0,282.0,-29962.30,45688.73,,1,,,,,,,,,,,,,,,*48

$AIS,0,273399760,3,0.4,0.0,15.349301,54.830078,236.2,231.0,-38448.96,-10455.23,,1,,,,,,,,,,,,,,,*59

$OWN,0,261187000,0,100000.0,5.6,15.947839,54.925510,139.9,178.0,0.0,0.0,,1,,,,,,,,,,,,,,,*65

$WIND,,,T,,,R*12

$AIS,0,259016000,0,0.0,12.1,15.475500,55.335167,282.0,282.0,-29962.30,45688.73,,1,,,,,,,,,,,,,,,*48

$AIS,0,273399760,3,0.4,0.0,15.349301,54.830078,236.2,231.0,-38448.96,-10455.23,,1,,,,,,,,,,,,,,,*59

$OWN,0,261187000,0,100000.0,5.6,15.947850,54.925484,142.3,181.0,0.0,0.0,,1,,,,,,,,,,,,,,,*66

$WIND,,,T,,,R*12

$AIS,0,259016000,0,0.0,12.1,15.475500,55.335167,282.0,282.0,-29963.03,45691.71,,1,,,,,,,,,,,,,,,*43

$AIS,0,273399760,3,0.4,0.0,15.349301,54.830078,236.2,231.0,-38449.70,-10452.25,,1,,,,,,,,,,,,,,,*51

$OWN,0,261187000,0,100000.0,5.6,15.947860,54.925457,144.7,183.0,0.0,0.0,,1,,,,,,,,,,,,,,,*6B

$WIND,,,T,,,R*12

$AIS,0,259016000,0,0.0,12.1,15.475500,55.335167,282.0,282.0,-29963.64,45694.68,,1,,,,,,,,,,,,,,,*4F

$AIS,0,273399760,3,0.4,0.0,15.349301,54.830078,236.2,231.0,-38450.31,-10449.27,,1,,,,,,,,,,,,,,,*54

$OWN,0,261187000,0,100000.0,5.6,15.947870,54.925430,147.2,185.0,0.0,0.0,,1,,,,,,,,,,,,,,,*6B

$WIND,,,T,,,R*12

$AIS,0,259016000,0,0.0,12.1,15.475500,55.335167,282.0,282.0,-29964.30,45697.66,,1,,,,,,,,,,,,,,,*44

$AIS,0,273399760,3,0.4,0.0,15.349301,54.830078,236.2,231.0,-38450.98,-10446.29,,1,,,,,,,,,,,,,,,*56

$AIS,0,273392360,0,0.0,0.2,15.393910,54.826714,210.8,83.0,-35588.37,-10844.24,,1,,,,,,,,,,,,,,,*61

$OWN,0,261187000,0,100000.0,5.5,15.947877,54.925404,149.5,188.0,0.0,0.0,,1,,,,,,,,,,,,,,,*6C

$WIND,,,T,,,R*12

$AIS,0,259016000,0,0.0,12.1,15.475500,55.335167,282.0,282.0,-29964.72,45700.63,,1,,,,,,,,,,,,,,,*48

$AIS,0,273399760,3,0.4,0.0,15.349301,54.830078,236.2,231.0,-38451.41,-10443.32,,1,,,,,,,,,,,,,,,*5C

$AIS,0,273392360,0,0.0,0.2,15.393910,54.826714,210.8,83.0,-35588.80,-10841.27,,1,,,,,,,,,,,,,,,*6B

$OWN,0,261187000,0,100000.0,5.5,15.947882,54.925377,151.7,190.0,0.0,0.0,,1,,,,,,,,,,,,,,,*67

$WIND,,,T,,,R*12

$AIS,0,259016000,0,0.0,12.1,15.474633,55.335266,282.0,282.0,-30019.94,45715.02,,1,,,,,,,,,,,,,,,*48

$AIS,0,273399760,3,0.4,0.0,15.349301,54.830078,236.2,231.0,-38451.72,-10440.34,,1,,,,,,,,,,,,,,,*59

$AIS,0,273392360,0,0.0,0.2,15.393910,54.826714,210.8,83.0,-35589.10,-10838.29,,1,,,,,,,,,,,,,,,*63

$OWN,0,261187000,0,100000.0,5.5,15.947886,54.925350,154.1,192.0,0.0,0.0,,1,,,,,,,,,,,,,,,*67

$WIND,,,T,,,R*12

$AIS,0,259016000,0,0.0,12.1,15.474633,55.335266,282.0,282.0,-30020.24,45717.99,,1,,,,,,,,,,,,,,,*49

$AIS,0,273399760,3,0.4,0.0,15.349301,54.830078,236.2,231.0,-38452.03,-10437.37,,1,,,,,,,,,,,,,,,*5F

$AIS,0,273392360,0,0.0,0.2,15.393910,54.826714,210.8,83.0,-35589.41,-10835.32,,1,,,,,,,,,,,,,,,*60

$OWN,0,261187000,0,100000.0,5.5,15.947888,54.925323,156.5,192.0,0.0,0.0,,1,,,,,,,,,,,,,,,*6B

$WIND,,,T,,,R*12

$AIS,0,259016000,0,0.0,12.1,15.474633,55.335266,282.0,282.0,-30020.37,45720.96,,1,,,,,,,,,,,,,,,*40

$AIS,0,273399760,3,0.4,0.0,15.349301,54.830078,236.2,231.0,-38452.15,-10434.40,,1,,,,,,,,,,,,,,,*5B

$AIS,0,273392360,0,0.0,0.2,15.393910,54.826714,210.8,83.0,-35589.53,-10832.35,,1,,,,,,,,,,,,,,,*63

$OWN,0,261187000,0,100000.0,5.5,15.947886,54.925297,158.8,195.0,0.0,0.0,,1,,,,,,,,,,,,,,,*6F

$WIND,,,T,,,R*12

$AIS,0,259016000,0,0.0,12.1,15.474633,55.335266,282.0,282.0,-30020.24,45723.93,,1,,,,,,,,,,,,,,,*44

$AIS,0,273399760,3,0.4,0.0,15.349301,54.830078,236.2,231.0,-38452.03,-10431.43,,1,,,,,,,,,,,,,,,*5A

$AIS,0,273392360,0,0.0,0.2,15.393910,54.826714,210.8,83.0,-35589.41,-10829.38,,1,,,,,,,,,,,,,,,*67

$OWN,0,261187000,0,100000.0,5.5,15.947885,54.925270,161.0,197.0,0.0,0.0,,1,,,,,,,,,,,,,,,*65

$WIND,,,T,,,R*12

$AIS,0,259016000,0,0.0,12.1,15.474633,55.335266,282.0,282.0,-30020.12,45726.90,,1,,,,,,,,,,,,,,,*47

$AIS,0,273392360,0,0.0,0.2,15.393910,54.826714,210.8,83.0,-35589.29,-10826.41,,1,,,,,,,,,,,,,,,*68

$OWN,0,261187000,0,100000.0,5.5,15.947885,54.925270,161.0,199.0,0.0,0.0,,1,,,,,,,,,,,,,,,*6B

$WIND,,,T,,,R*12

$AIS,0,259016000,0,0.0,12.1,15.474633,55.335266,282.0,282.0,-30019.94,45729.87,,1,,,,,,,,,,,,,,,*4A

$AIS,0,273392360,0,0.0,0.2,15.393910,54.826714,210.8,83.0,-35589.10,-10823.44,,1,,,,,,,,,,,,,,,*62

$OWN,0,261187000,0,100000.0,5.5,15.947875,54.925217,165.6,204.0,0.0,0.0,,1,,,,,,,,,,,,,,,*60

$WIND,,,T,,,R*12

$AIS,0,259016000,0,0.0,12.1,15.474633,55.335266,282.0,282.0,-30019.52,45732.84,,1,,,,,,,,,,,,,,,*49

$AIS,0,273392360,0,0.0,0.2,15.393910,54.826714,210.8,83.0,-35588.67,-10820.47,,1,,,,,,,,,,,,,,,*63

$OWN,0,261187000,0,100000.0,5.4,15.947868,54.925190,167.9,206.0,0.0,0.0,,1,,,,,,,,,,,,,,,*6E

$WIND,,,T,,,R*12

$AIS,0,259016000,0,0.0,12.1,15.474633,55.335266,282.0,282.0,-30019.09,45735.81,,1,,,,,,,,,,,,,,,*45

$AIS,0,273392360,0,0.0,0.2,15.393910,54.826714,210.8,83.0,-35588.25,-10817.50,,1,,,,,,,,,,,,,,,*67

$OWN,0,261187000,0,100000.0,5.4,15.947868,54.925190,167.9,206.0,0.0,0.0,,1,,,,,,,,,,,,,,,*6E

$WIND,,,T,,,R*12

$AIS,0,259016000,0,0.0,12.1,15.474633,55.335266,282.0,282.0,-30018.43,45738.78,,1,,,,,,,,,,,,,,,*41

$OWN,0,261187000,0,100000.0,5.4,15.947846,54.925137,172.7,208.0,0.0,0.0,,1,,,,,,,,,,,,,,,*6B

$WIND,,,T,,,R*12

$AIS,0,259016000,0,0.0,12.1,15.474633,55.335266,282.0,282.0,-30016.98,45744.71,,1,,,,,,,,,,,,,,,*4B

$OWN,0,261187000,0,100000.0,5.4,15.947835,54.925110,174.9,210.0,0.0,0.0,,1,,,,,,,,,,,,,,,*6B

$WIND,,,T,,,R*12

$AIS,0,259016000,0,0.0,12.1,15.474633,55.335266,282.0,282.0,-30016.01,45747.68,,1,,,,,,,,,,,,,,,*40

$OWN,0,261187000,0,100000.0,5.4,15.947820,54.925083,177.2,213.0,0.0,0.0,,1,,,,,,,,,,,,,,,*6F

$WIND,,,T,,,R*12

$AIS,0,259016000,0,0.0,12.0,15.473583,55.335400,282.0,282.0,-30081.48,45765.53,,1,,,,,,,,,,,,,,,*43

$OWN,0,261187000,0,100000.0,5.4,15.947803,54.925060,179.4,215.0,0.0,0.0,,1,,,,,,,,,,,,,,,*6D

$WIND,,,T,,,R*12

$AIS,0,259016000,0,0.0,12.0,15.473583,55.335400,282.0,282.0,-30081.48,45765.53,,1,,,,,,,,,,,,,,,*43

$AIS,0,212356000,0,0.0,10.3,15.510295,55.485023,266.1,265.0,-27648.07,62401.24,,1,,,,,,,,,,,,,,,*4F

$OWN,0,261187000,0,100000.0,5.4,15.947786,54.925034,181.7,217.0,0.0,0.0,,1,,,,,,,,,,,,,,,*68

$WIND,,,T,,,R*12

$AIS,0,259016000,0,0.0,12.0,15.473583,55.335400,282.0,282.0,-30080.40,45768.49,,1,,,,,,,,,,,,,,,*4C

$AIS,0,212356000,0,0.0,10.3,15.510295,55.485023,266.1,265.0,-27646.99,62404.20,,1,,,,,,,,,,,,,,,*47

$OWN,0,261187000,0,100000.0,5.4,15.947766,54.925011,183.9,219.0,0.0,0.0,,1,,,,,,,,,,,,,,,*63

$WIND,,,T,,,R*12

$AIS,0,259016000,0,0.0,12.0,15.473583,55.335400,282.0,282.0,-30079.13,45771.03,,1,,,,,,,,,,,,,,,*4A

$AIS,0,212356000,0,0.0,10.3,15.510295,55.485023,266.1,265.0,-27645.72,62406.74,,1,,,,,,,,,,,,,,,*42

$AIS,0,273399760,3,-0.0,0.0,15.349317,54.830074,236.2,231.0,-38443.33,-10400.09,,1,,,,,,,,,,,,,,,*77

$OWN,0,261187000,0,100000.0,5.4,15.947746,54.924988,186.2,224.0,0.0,0.0,,1,,,,,,,,,,,,,,,*69

$WIND,,,T,,,R*12

$AIS,0,259016000,0,0.0,12.0,15.473583,55.335400,282.0,282.0,-30077.85,45773.57,,1,,,,,,,,,,,,,,,*48

$AIS,0,212356000,0,0.0,10.3,15.510295,55.485023,266.1,265.0,-27644.46,62409.28,,1,,,,,,,,,,,,,,,*42

$AIS,0,273399760,3,-0.0,0.0,15.349317,54.830074,236.2,231.0,-38442.04,-10397.55,,1,,,,,,,,,,,,,,,*72

$OWN,0,261187000,0,100000.0,5.4,15.947723,54.924965,188.4,226.0,0.0,0.0,,1,,,,,,,,,,,,,,,*63

$WIND,,,T,,,R*12

$AIS,0,259016000,0,0.0,12.0,15.473583,55.335400,282.0,282.0,-30076.40,45776.11,,1,,,,,,,,,,,,,,,*47

$AIS,0,212356000,0,0.0,10.3,15.510295,55.485023,266.1,265.0,-27643.01,62411.82,,1,,,,,,,,,,,,,,,*4F

$AIS,0,273399760,3,-0.0,0.0,15.349317,54.830074,236.2,231.0,-38440.57,-10395.02,,1,,,,,,,,,,,,,,,*76

$OWN,0,261187000,0,100000.0,5.3,15.947701,54.924938,190.6,228.0,0.0,0.0,,1,,,,,,,,,,,,,,,*69

$WIND,,,T,,,R*12

$AIS,0,259016000,0,0.0,12.0,15.473583,55.335400,282.0,282.0,-30075.01,45779.07,,1,,,,,,,,,,,,,,,*49

$AIS,0,212356000,0,0.0,10.3,15.510295,55.485023,266.1,265.0,-27641.63,62414.78,,1,,,,,,,,,,,,,,,*49

$AIS,0,273399760,3,-0.0,0.0,15.349317,54.830074,236.2,231.0,-38439.16,-10392.06,,1,,,,,,,,,,,,,,,*7E

$OWN,0,261187000,0,100000.0,5.3,15.947675,54.924919,192.9,231.0,0.0,0.0,,1,,,,,,,,,,,,,,,*6D

$WIND,,,T,,,R*12

$AIS,0,259016000,0,0.0,12.0,15.473583,55.335400,282.0,282.0,-30073.32,45781.18,,1,,,,,,,,,,,,,,,*46

$AIS,0,212356000,0,0.0,10.3,15.510295,55.485023,266.1,265.0,-27639.94,62416.89,,1,,,,,,,,,,,,,,,*42

$AIS,0,273399760,3,-0.0,0.0,15.349317,54.830074,236.2,231.0,-38437.45,-10389.95,,1,,,,,,,,,,,,,,,*76

$OWN,0,261187000,0,100000.0,5.3,15.947648,54.924896,195.1,233.0,0.0,0.0,,1,,,,,,,,,,,,,,,*68

$WIND,,,T,,,R*12

$AIS,0,259016000,0,0.0,12.0,15.473583,55.335400,282.0,282.0,-30071.62,45783.71,,1,,,,,,,,,,,,,,,*4C

$AIS,0,212356000,0,0.0,10.3,15.510295,55.485023,266.1,265.0,-27638.25,62419.43,,1,,,,,,,,,,,,,,,*40

$AIS,0,273399760,3,-0.0,0.0,15.349317,54.830074,236.2,231.0,-38435.73,-10387.42,,1,,,,,,,,,,,,,,,*75

$OWN,0,261187000,0,100000.0,5.3,15.947620,54.924877,197.5,235.0,0.0,0.0,,1,,,,,,,,,,,,,,,*69

$WIND,,,T,,,R*12

$AIS,0,259016000,0,0.0,12.0,15.473583,55.335400,282.0,282.0,-30069.87,45785.82,,1,,,,,,,,,,,,,,,*44

$AIS,0,212356000,0,0.0,10.3,15.510295,55.485023,266.1,265.0,-27636.50,62421.54,,1,,,,,,,,,,,,,,,*41

$AIS,0,273399760,3,-0.0,0.0,15.349317,54.830074,236.2,231.0,-38433.96,-10385.31,,1,,,,,,,,,,,,,,,*7E

$OWN,0,261187000,0,100000.0,5.3,15.947590,54.924858,199.8,237.0,0.0,0.0,,1,,,,,,,,,,,,,,,*6D

$WIND,,,T,,,R*12

$AIS,0,259016000,0,0.0,12.0,15.472716,55.335518,282.0,283.0,-30122.83,45801.47,,1,,,,,,,,,,,,,,,*42

$AIS,0,212356000,0,0.0,10.3,15.510295,55.485023,266.1,265.0,-27634.57,62423.65,,1,,,,,,,,,,,,,,,*44

$AIS,0,273399760,3,-0.0,0.0,15.349317,54.830074,236.2,231.0,-38432.00,-10383.21,,1,,,,,,,,,,,,,,,*77

$OWN,0,261187000,0,100000.0,5.3,15.947558,54.924835,202.0,237.0,0.0,0.0,,1,,,,,,,,,,,,,,,*6B

$WIND,,,T,,,R*12

$AIS,0,259016000,0,0.0,12.0,15.472716,55.335518,282.0,283.0,-30120.84,45804.00,,1,,,,,,,,,,,,,,,*41

$AIS,0,273399760,3,-0.0,0.0,15.349317,54.830074,236.2,231.0,-38429.98,-10380.68,,1,,,,,,,,,,,,,,,*72

$AIS,0,273397740,3,0.0,0.0,15.340183,54.831932,153.7,246.0,-39014.89,-10168.91,,1,,,,,,,,,,,,,,,*53

$OWN,0,261187000,0,100000.0,5.3,15.947527,54.924820,204.2,240.0,0.0,0.0,,1,,,,,,,,,,,,,,,*63

$WIND,,,T,,,R*12

$AIS,0,259016000,0,0.0,12.0,15.472716,55.335518,282.0,283.0,-30118.84,45805.69,,1,,,,,,,,,,,,,,,*44

$AIS,0,273399760,3,-0.0,0.0,15.349317,54.830074,236.2,231.0,-38427.95,-10379.00,,1,,,,,,,,,,,,,,,*79

$AIS,0,273397740,3,0.0,0.0,15.340183,54.831932,153.7,246.0,-39012.86,-10167.23,,1,,,,,,,,,,,,,,,*5C

$AIS,0,273418880,0,0.0,0.9,15.440000,54.819744,71.3,78.0,-32611.02,-11574.43,,1,,,,,,,,,,,,,,,*54

$OWN,0,261187000,0,100000.0,5.3,15.947495,54.924801,206.4,244.0,0.0,0.0,,1,,,,,,,,,,,,,,,*68

$WIND,,,T,,,R*12

$AIS,0,259016000,0,0.0,12.0,15.472716,55.335518,282.0,283.0,-30116.84,45807.79,,1,,,,,,,,,,,,,,,*49

$AIS,0,273397740,3,0.0,0.0,15.340183,54.831932,153.7,246.0,-39010.84,-10165.13,,1,,,,,,,,,,,,,,,*5D

$AIS,0,273418880,0,0.0,0.9,15.440000,54.819744,71.3,78.0,-32609.00,-11572.33,,1,,,,,,,,,,,,,,,*5E

$OWN,0,261187000,0,100000.0,5.3,15.947460,54.924782,208.6,246.0,0.0,0.0,,1,,,,,,,,,,,,,,,*68

$WIND,,,T,,,R*12

$AIS,0,259016000,0,0.0,12.0,15.472716,55.335518,282.0,283.0,-30114.61,45809.90,,1,,,,,,,,,,,,,,,*49

$AIS,0,273397740,3,0.0,0.0,15.340183,54.831932,153.7,246.0,-39008.58,-10163.02,,1,,,,,,,,,,,,,,,*53

$AIS,0,273418880,0,0.0,0.9,15.440000,54.819744,71.3,78.0,-32606.73,-11570.22,,1,,,,,,,,,,,,,,,*57

$OWN,0,261187000,0,100000.0,5.3,15.947425,54.924767,210.8,249.0,0.0,0.0,,1,,,,,,,,,,,,,,,*6A

$WIND,,,T,,,R*12

$AIS,0,259016000,0,0.0,12.0,15.472716,55.335518,282.0,283.0,-30112.37,45811.58,,1,,,,,,,,,,,,,,,*41

$AIS,0,273397740,3,0.0,0.0,15.340183,54.831932,153.7,246.0,-39006.31,-10161.35,,1,,,,,,,,,,,,,,,*54

$AIS,0,273418880,0,0.0,0.9,15.440000,54.819744,71.3,78.0,-32604.46,-11568.54,,1,,,,,,,,,,,,,,,*5B

$OWN,0,261187000,0,100000.0,5.3,15.947389,54.924751,213.1,251.0,0.0,0.0,,1,,,,,,,,,,,,,,,*6D

$WIND,,,T,,,R*12

$AIS,0,259016000,0,0.0,12.0,15.472716,55.335518,282.0,283.0,-30110.07,45813.27,,1,,,,,,,,,,,,,,,*4A

$AIS,0,273397740,3,0.0,0.0,15.340183,54.831932,153.7,246.0,-39003.98,-10159.67,,1,,,,,,,,,,,,,,,*5E

$AIS,0,273418880,0,0.0,0.9,15.440000,54.819744,71.3,78.0,-32602.14,-11566.86,,1,,,,,,,,,,,,,,,*5B

$OWN,0,261187000,0,100000.0,5.3,15.947350,54.924736,215.3,254.0,0.0,0.0,,1,,,,,,,,,,,,,,,*69

$WIND,,,T,,,R*12

$AIS,0,259016000,0,0.0,12.0,15.472716,55.335518,282.0,283.0,-30107.59,45814.95,,1,,,,,,,,,,,,,,,*49

$AIS,0,273397740,3,0.0,0.0,15.340183,54.831932,153.7,246.0,-39001.47,-10157.99,,1,,,,,,,,,,,,,,,*51

$AIS,0,273418880,0,0.0,0.9,15.440000,54.819744,71.3,78.0,-32599.62,-11565.18,,1,,,,,,,,,,,,,,,*5F

$OWN,0,261187000,0,100000.0,5.3,15.947350,54.924736,215.3,254.0,0.0,0.0,,1,,,,,,,,,,,,,,,*69

$WIND,,,T,,,R*12

$AIS,0,259016000,0,0.0,12.0,15.472716,55.335518,282.0,283.0,-30105.29,45816.63,,1,,,,,,,,,,,,,,,*47

$AIS,0,273397740,3,0.0,0.0,15.340183,54.831932,153.7,246.0,-38999.14,-10156.31,,1,,,,,,,,,,,,,,,*5D

$AIS,0,273418880,0,0.0,0.9,15.440000,54.819744,71.3,78.0,-32597.29,-11563.50,,1,,,,,,,,,,,,,,,*54

$OWN,0,261187000,0,100000.0,5.3,15.947313,54.924721,217.6,256.0,0.0,0.0,,1,,,,,,,,,,,,,,,*6D

$WIND,,,T,,,R*12

$AIS,0,259016000,0,0.0,12.0,15.472716,55.335518,282.0,283.0,-30102.75,45817.89,,1,,,,,,,,,,,,,,,*4C

$AIS,0,273397740,3,0.0,0.0,15.340183,54.831932,153.7,246.0,-38996.57,-10155.06,,1,,,,,,,,,,,,,,,*52

$AIS,0,273418880,0,0.0,0.9,15.440000,54.819744,71.3,78.0,-32594.72,-11562.24,,1,,,,,,,,,,,,,,,*5B

$OWN,0,261187000,0,100000.0,5.2,15.947273,54.924709,219.8,258.0,0.0,0.0,,1,,,,,,,,,,,,,,,*6F

$WIND,,,T,,,R*12

$AIS,0,259016000,0,0.0,12.0,15.471666,55.335651,282.0,283.0,-30164.17,45835.71,,1,,,,,,,,,,,,,,,*44

$AIS,0,273397740,3,0.0,0.0,15.340183,54.831932,153.7,246.0,-38991.42,-10152.56,,1,,,,,,,,,,,,,,,*53

$AIS,0,273418880,0,0.0,0.9,15.440000,54.819744,71.3,78.0,-32589.57,-11559.73,,1,,,,,,,,,,,,,,,*5A

$OWN,0,261187000,0,100000.0,5.2,15.947193,54.924686,224.3,260.0,0.0,0.0,,1,,,,,,,,,,,,,,,*6A

$WIND,,,T,,,R*12

$AIS,0,259016000,0,0.0,12.0,15.471666,55.335651,282.0,283.0,-30164.17,45835.71,,1,,,,,,,,,,,,,,,*44

$AIS,0,273397740,3,0.0,0.0,15.340183,54.831932,153.7,246.0,-38991.42,-10152.56,,1,,,,,,,,,,,,,,,*53

$AIS,0,273418880,0,0.0,0.9,15.440000,54.819744,71.3,78.0,-32589.57,-11559.73,,1,,,,,,,,,,,,,,,*5A

$OWN,0,261187000,0,100000.0,5.2,15.947152,54.924675,226.5,263.0,0.0,0.0,,1,,,,,,,,,,,,,,,*6C

$WIND,,,T,,,R*12

$AIS,0,259016000,0,0.0,12.0,15.471666,55.335651,282.0,283.0,-30161.57,45836.97,,1,,,,,,,,,,,,,,,*4E

$AIS,0,273418880,0,0.0,0.9,15.440000,54.819744,71.3,78.0,-32586.94,-11558.48,,1,,,,,,,,,,,,,,,*53

$AIS,0,212356000,0,0.0,10.3,15.508547,55.484943,266.0,264.0,-27717.44,62435.63,,1,,,,,,,,,,,,,,,*48

$OWN,0,261187000,0,100000.0,5.2,15.947110,54.924667,228.8,265.0,0.0,0.0,,1,,,,,,,,,,,,,,,*6C

$WIND,,,T,,,R*12

$AIS,0,259016000,0,0.0,12.0,15.471666,55.335651,282.0,283.0,-30158.91,45837.80,,1,,,,,,,,,,,,,,,*49

$AIS,0,212356000,0,0.0,10.3,15.508547,55.484943,266.0,264.0,-27714.78,62436.46,,1,,,,,,,,,,,,,,,*40

$OWN,0,261187000,0,100000.0,5.2,15.947066,54.924660,230.9,267.0,0.0,0.0,,1,,,,,,,,,,,,,,,*61

$WIND,,,T,,,R*12

$AIS,0,259016000,0,0.0,12.0,15.471666,55.335651,282.0,283.0,-30153.52,45839.46,,1,,,,,,,,,,,,,,,*49

$AIS,0,212356000,0,0.0,10.3,15.508547,55.484943,266.0,264.0,-27709.42,62438.13,,1,,,,,,,,,,,,,,,*4B

$OWN,0,261187000,0,100000.0,5.2,15.947025,54.924652,233.1,269.0,0.0,0.0,,1,,,,,,,,,,,,,,,*62

$WIND,,,T,,,R*12

$AIS,0,259016000,0,0.0,12.0,15.471666,55.335651,282.0,283.0,-30150.74,45840.29,,1,,,,,,,,,,,,,,,*49

$AIS,0,212356000,0,0.0,10.3,15.508547,55.484943,266.0,264.0,-27706.65,62438.96,,1,,,,,,,,,,,,,,,*4C

$OWN,0,261187000,0,100000.0,5.2,15.946981,54.924644,235.4,271.0,0.0,0.0,,1,,,,,,,,,,,,,,,*69

$WIND,,,T,,,R*12

$AIS,0,259016000,0,0.0,12.0,15.471666,55.335651,282.0,283.0,-30148.02,45840.69,,1,,,,,,,,,,,,,,,*45

$AIS,0,212356000,0,0.0,10.3,15.508547,55.484943,266.0,264.0,-27703.94,62439.37,,1,,,,,,,,,,,,,,,*4D

$OWN,0,261187000,0,100000.0,5.2,15.946895,54.924637,239.9,274.0,0.0,0.0,,1,,,,,,,,,,,,,,,*6D

$WIND,,,T,,,R*12

$AIS,0,259016000,0,0.0,12.0,15.471666,55.335651,282.0,283.0,-30145.24,45841.10,,1,,,,,,,,,,,,,,,*43

$AIS,0,212356000,0,0.0,10.3,15.508547,55.484943,266.0,264.0,-27701.16,62439.77,,1,,,,,,,,,,,,,,,*41

$OWN,0,261187000,0,100000.0,5.2,15.946850,54.924633,242.2,276.0,0.0,0.0,,1,,,,,,,,,,,,,,,*65

$WIND,,,T,,,R*12

$AIS,0,259016000,0,0.0,12.0,15.471666,55.335651,282.0,283.0,-30142.39,45841.50,,1,,,,,,,,,,,,,,,*4C

$AIS,0,212356000,0,0.0,10.3,15.508547,55.484943,266.0,264.0,-27698.33,62440.18,,1,,,,,,,,,,,,,,,*40

$OWN,0,261187000,0,100000.0,5.2,15.946805,54.924629,244.5,278.0,0.0,0.0,,1,,,,,,,,,,,,,,,*61

$WIND,,,T,,,R*12

$AIS,0,259016000,0,0.0,12.0,15.471666,55.335651,282.0,283.0,-30139.55,45841.91,,1,,,,,,,,,,,,,,,*47

$AIS,0,212356000,0,0.0,10.3,15.508547,55.484943,266.0,264.0,-27695.50,62440.59,,1,,,,,,,,,,,,,,,*4D

$OWN,0,261187000,0,100000.0,5.2,15.946762,54.924629,246.7,281.0,0.0,0.0,,1,,,,,,,,,,,,,,,*69

$WIND,,,T,,,R*12

$AIS,0,212356000,0,0.0,10.3,15.508547,55.484943,266.0,264.0,-27692.79,62440.57,,1,,,,,,,,,,,,,,,*4F

$OWN,0,261187000,0,100000.0,5.2,15.946762,54.924629,246.7,283.0,0.0,0.0,,1,,,,,,,,,,,,,,,*6B

$WIND,,,T,,,R*12

$AIS,0,212356000,0,0.0,10.3,15.508547,55.484943,266.0,264.0,-27692.79,62440.57,,1,,,,,,,,,,,,,,,*4F

$OWN,0,261187000,0,100000.0,5.2,15.946716,54.924629,248.9,285.0,0.0,0.0,,1,,,,,,,,,,,,,,,*6E

$WIND,,,T,,,R*12

$AIS,0,212356000,0,0.0,10.3,15.508547,55.484943,266.0,264.0,-27689.89,62440.55,,1,,,,,,,,,,,,,,,*48

$OWN,0,261187000,0,100000.0,5.2,15.946673,54.924629,251.2,287.0,0.0,0.0,,1,,,,,,,,,,,,,,,*6D

$WIND,,,T,,,R*12

$OWN,0,261187000,0,100000.0,5.2,15.946629,54.924629,253.4,290.0,0.0,0.0,,1,,,,,,,,,,,,,,,*60

$WIND,,,T,,,R*12

$OWN,0,261187000,0,100000.0,5.1,15.946584,54.924633,255.7,292.0,0.0,0.0,,1,,,,,,,,,,,,,,,*6B

$WIND,,,T,,,R*12

$OWN,0,261187000,0,100000.0,5.1,15.946540,54.924637,258.0,294.0,0.0,0.0,,1,,,,,,,,,,,,,,,*6B

$WIND,,,T,,,R*12

$OWN,0,261187000,0,100000.0,5.1,15.946455,54.924648,262.6,297.0,0.0,0.0,,1,,,,,,,,,,,,,,,*6A

$WIND,,,T,,,R*12

$OWN,0,261187000,0,100000.0,5.1,15.946412,54.924656,264.9,299.0,0.0,0.0,,1,,,,,,,,,,,,,,,*61

$WIND,,,T,,,R*12

$OWN,0,261187000,0,100000.0,5.1,15.946370,54.924664,267.3,301.0,0.0,0.0,,1,,,,,,,,,,,,,,,*6A

$WIND,,,T,,,R*12

$OWN,0,261187000,0,100000.0,5.1,15.946330,54.924671,269.5,306.0,0.0,0.0,,1,,,,,,,,,,,,,,,*65

$WIND,,,T,,,R*12

$OWN,0,261187000,0,100000.0,5.1,15.946288,54.924683,271.9,308.0,0.0,0.0,,1,,,,,,,,,,,,,,,*61

$WIND,,,T,,,R*12

$OWN,0,261187000,0,100000.0,5.1,15.946250,54.924690,274.2,311.0,0.0,0.0,,1,,,,,,,,,,,,,,,*60

$WIND,,,T,,,R*12

$OWN,0,261187000,0,100000.0,5.1,15.946250,54.924690,274.2,311.0,0.0,0.0,,1,,,,,,,,,,,,,,,*60

$WIND,,,T,,,R*12

$OWN,0,261187000,0,100000.0,5.1,15.946172,54.924717,278.8,313.0,0.0,0.0,,1,,,,,,,,,,,,,,,*69

$WIND,,,T,,,R*12

$OWN,0,261187000,0,100000.0,5.1,15.946134,54.924728,281.1,315.0,0.0,0.0,,1,,,,,,,,,,,,,,,*6E

$WIND,,,T,,,R*12

$OWN,0,261187000,0,100000.0,5.1,15.946098,54.924744,283.5,318.0,0.0,0.0,,1,,,,,,,,,,,,,,,*68

$WIND,,,T,,,R*12

$OWN,0,261187000,0,100000.0,5.1,15.946063,54.924759,285.8,320.0,0.0,0.0,,1,,,,,,,,,,,,,,,*60

$WIND,,,T,,,R*12

$OWN,0,261187000,0,100000.0,5.1,15.946029,54.924774,288.1,323.0,0.0,0.0,,1,,,,,,,,,,,,,,,*66

$WIND,,,T,,,R*12

$OWN,0,261187000,0,100000.0,5.1,15.945996,54.924793,290.5,325.0,0.0,0.0,,1,,,,,,,,,,,,,,,*6A

$WIND,,,T,,,R*12

$OWN,0,261187000,0,100000.0,5.0,15.945965,54.924809,293.0,327.0,0.0,0.0,,1,,,,,,,,,,,,,,,*6F

$WIND,,,T,,,R*12

$OWN,0,261187000,0,100000.0,5.0,15.945965,54.924809,293.0,330.0,0.0,0.0,,1,,,,,,,,,,,,,,,*69

$WIND,,,T,,,R*12

$OWN,0,261187000,0,100000.0,5.0,15.945935,54.924828,295.4,332.0,0.0,0.0,,1,,,,,,,,,,,,,,,*6F

$WIND,,,T,,,R*12

$OWN,0,261187000,0,100000.0,5.0,15.945907,54.924847,297.7,335.0,0.0,0.0,,1,,,,,,,,,,,,,,,*61

$WIND,,,T,,,R*12

$OWN,0,261187000,0,100000.0,5.0,15.945853,54.924885,302.6,337.0,0.0,0.0,,1,,,,,,,,,,,,,,,*61

$WIND,,,T,,,R*12

$OWN,0,261187000,0,100000.0,5.0,15.945830,54.924908,304.9,339.0,0.0,0.0,,1,,,,,,,,,,,,,,,*67

$WIND,,,T,,,R*12

$OWN,0,261187000,0,100000.0,5.0,15.945830,54.924908,304.9,339.0,0.0,0.0,,1,,,,,,,,,,,,,,,*67

$WIND,,,T,,,R*12

$OWN,0,261187000,0,100000.0,5.0,15.945805,54.924931,307.3,342.0,0.0,0.0,,1,,,,,,,,,,,,,,,*6E

$WIND,,,T,,,R*12

$OWN,0,261187000,0,100000.0,5.0,15.945785,54.924953,309.7,346.0,0.0,0.0,,1,,,,,,,,,,,,,,,*63

$WIND,,,T,,,R*12

$OWN,0,261187000,0,100000.0,5.0,15.945764,54.924976,312.1,348.0,0.0,0.0,,1,,,,,,,,,,,,,,,*69

$WIND,,,T,,,R*12

$OWN,0,261187000,0,100000.0,5.0,15.945745,54.924999,314.3,351.0,0.0,0.0,,1,,,,,,,,,,,,,,,*67

$WIND,,,T,,,R*12

$OWN,0,261187000,0,100000.0,5.0,15.945728,54.925022,316.8,353.0,0.0,0.0,,1,,,,,,,,,,,,,,,*6F

$WIND,,,T,,,R*12

$AIS,0,212356000,0,0.0,10.3,15.505290,55.484787,265.0,265.0,-27833.38,62380.33,,1,,,,,,,,,,,,,,,*42

$OWN,0,261187000,0,100000.0,5.0,15.945715,54.925045,319.4,355.0,0.0,0.0,,1,,,,,,,,,,,,,,,*65

$WIND,,,T,,,R*12

$AIS,0,212356000,0,0.0,10.3,15.505290,55.484787,265.0,265.0,-27832.54,62377.78,,1,,,,,,,,,,,,,,,*4E

$OWN,0,261187000,0,100000.0,5.0,15.945702,54.925072,321.7,358.0,0.0,0.0,,1,,,,,,,,,,,,,,,*62

$WIND,,,T,,,R*12

$AIS,0,212356000,0,0.0,10.3,15.505290,55.484787,265.0,265.0,-27831.69,62374.80,,1,,,,,,,,,,,,,,,*47

$OWN,0,261187000,0,100000.0,5.0,15.945680,54.925121,326.4,0.0,0.0,0.0,,1,,,,,,,,,,,,,,,*64

$WIND,,,T,,,R*12

$AIS,0,212356000,0,0.0,10.3,15.505290,55.484787,265.0,265.0,-27830.31,62369.27,,1,,,,,,,,,,,,,,,*4A

$OWN,0,261187000,0,100000.0,5.1,15.945672,54.925144,328.7,2.0,0.0,0.0,,1,,,,,,,,,,,,,,,*64

$WIND,,,T,,,R*12

$AIS,0,212356000,0,0.0,10.3,15.505290,55.484787,265.0,265.0,-27829.82,62366.72,,1,,,,,,,,,,,,,,,*45

$OWN,0,261187000,0,100000.0,5.1,15.945665,54.925171,331.1,4.0,0.0,0.0,,1,,,,,,,,,,,,,,,*6C

$WIND,,,T,,,R*12

$AIS,0,212356000,0,0.0,10.3,15.505290,55.484787,265.0,265.0,-27829.40,62363.75,,1,,,,,,,,,,,,,,,*49

$OWN,0,261187000,0,100000.0,5.1,15.945660,54.925194,333.4,7.0,0.0,0.0,,1,,,,,,,,,,,,,,,*66

$WIND,,,T,,,R*12

$AIS,0,212356000,0,0.0,10.3,15.505290,55.484787,265.0,265.0,-27829.04,62361.20,,1,,,,,,,,,,,,,,,*4B

$OWN,0,261187000,0,100000.0,5.1,15.945659,54.925220,335.8,9.0,0.0,0.0,,1,,,,,,,,,,,,,,,*64

$WIND,,,T,,,R*12

$AIS,0,212356000,0,0.0,10.3,15.505290,55.484787,265.0,265.0,-27828.98,62358.23,,1,,,,,,,,,,,,,,,*46

$OWN,0,261187000,0,100000.0,5.1,15.945655,54.925247,338.2,11.0,0.0,0.0,,1,,,,,,,,,,,,,,,*57

$WIND,,,T,,,R*12

$AIS,0,212356000,0,0.0,10.3,15.505290,55.484787,265.0,265.0,-27828.74,62355.26,,1,,,,,,,,,,,,,,,*4C

$OWN,0,261187000,0,100000.0,5.1,15.945657,54.925274,340.5,14.0,0.0,0.0,,1,,,,,,,,,,,,,,,*58

$WIND,,,T,,,R*12

$AIS,0,212356000,0,0.0,10.3,15.505290,55.484787,265.0,265.0,-27828.86,62352.29,,1,,,,,,,,,,,,,,,*49

$OWN,0,261187000,0,100000.0,5.1,15.945657,54.925274,340.5,14.0,0.0,0.0,,1,,,,,,,,,,,,,,,*58

$WIND,,,T,,,R*12

$OWN,0,261187000,0,100000.0,5.1,15.945659,54.925301,342.8,16.0,0.0,0.0,,1,,,,,,,,,,,,,,,*58

$WIND,,,T,,,R*12

$OWN,0,261187000,0,100000.0,5.1,15.945663,54.925323,345.2,20.0,0.0,0.0,,1,,,,,,,,,,,,,,,*59

$WIND,,,T,,,R*12

$OWN,0,261187000,0,100000.0,5.1,15.945677,54.925377,349.7,22.0,0.0,0.0,,1,,,,,,,,,,,,,,,*56

$WIND,,,T,,,R*12

$OWN,0,261187000,0,100000.0,5.1,15.945677,54.925377,349.7,24.0,0.0,0.0,,1,,,,,,,,,,,,,,,*50

$WIND,,,T,,,R*12

$OWN,0,261187000,0,100000.0,5.2,15.945685,54.925404,351.7,25.0,0.0,0.0,,1,,,,,,,,,,,,,,,*55

$WIND,,,T,,,R*12

$OWN,0,261187000,0,100000.0,5.2,15.945693,54.925430,353.8,27.0,0.0,0.0,,1,,,,,,,,,,,,,,,*5A

$WIND,,,T,,,R*12

$OWN,0,261187000,0,100000.0,5.2,15.945705,54.925457,356.0,28.0,0.0,0.0,,1,,,,,,,,,,,,,,,*57

$WIND,,,T,,,R*12

$OWN,0,261187000,0,100000.0,5.3,15.945717,54.925480,358.1,29.0,0.0,0.0,,1,,,,,,,,,,,,,,,*51

$WIND,,,T,,,R*12

$OWN,0,261187000,0,100000.0,5.3,15.945733,54.925507,0.2,30.0,0.0,0.0,,1,,,,,,,,,,,,,,,*5C

$WIND,,,T,,,R*12

$OWN,0,261187000,0,100000.0,5.3,15.945748,54.925533,2.2,30.0,0.0,0.0,,1,,,,,,,,,,,,,,,*55

$WIND,,,T,,,R*12

$OWN,0,261187000,0,100000.0,5.4,15.945765,54.925560,4.1,30.0,0.0,0.0,,1,,,,,,,,,,,,,,,*5E

$WIND,,,T,,,R*12

$OWN,0,261187000,0,100000.0,5.4,15.945784,54.925587,6.0,31.0,0.0,0.0,,1,,,,,,,,,,,,,,,*5A

$WIND,,,T,,,R*12

$OWN,0,261187000,0,100000.0,5.4,15.945802,54.925613,7.7,31.0,0.0,0.0,,5,9161247,SNHA   ,NAWIGATOR XXI       ,99,17,43,4,6,2,5,21,12,0,3.4,SZCZECIN            *46

$WIND,,,T,,,R*12

$OWN,0,261187000,0,100000.0,5.5,15.945824,54.925636,9.5,32.0,0.0,0.0,,5,9161247,SNHA   ,NAWIGATOR XXI       ,99,17,43,4,6,2,5,21,12,0,3.4,SZCZECIN            *4B

$WIND,,,T,,,R*12

$OWN,0,261187000,0,0.0,5.5,15.945844,54.925663,11.1,32.0,0.0,0.0,,5,9161247,SNHA   ,NAWIGATOR XXI       ,99,17,43,4,6,2,5,21,12,0,3.4,SZCZECIN            *41

$WIND,,,T,,,R*12

$OWN,0,261187000,0,0.0,5.6,15.945867,54.925690,12.6,32.0,0.0,0.0,,5,9161247,SNHA   ,NAWIGATOR XXI       ,99,17,43,4,6,2,5,21,12,0,3.4,SZCZECIN            *4B

$WIND,,,T,,,R*12

$OWN,0,261187000,0,0.0,5.7,15.945889,54.925716,14.0,32.0,0.0,0.0,,5,9161247,SNHA   ,NAWIGATOR XXI       ,99,17,43,4,6,2,5,21,12,0,3.4,SZCZECIN            *45

$WIND,,,T,,,R*12

$OWN,0,261187000,0,0.0,5.7,15.945911,54.925743,15.3,32.0,0.0,0.0,,5,9161247,SNHA   ,NAWIGATOR XXI       ,99,17,43,4,6,2,5,21,12,0,3.4,SZCZECIN            *47

$WIND,,,T,,,R*12

$OWN,0,261187000,0,-100000.0,5.8,15.945935,54.925770,16.5,32.0,0.0,0.0,,5,9161247,SNHA   ,NAWIGATOR XXI       ,99,17,43,4,6,2,5,21,12,0,3.4,SZCZECIN            *57

$WIND,,,T,,,R*12

$OWN,0,261187000,0,-100000.0,5.9,15.945960,54.925797,17.4,32.0,0.0,0.0,,5,9161247,SNHA   ,NAWIGATOR XXI       ,99,17,43,4,6,2,5,21,12,0,3.4,SZCZECIN            *5F

$WIND,,,T,,,R*12

$OWN,0,261187000,0,-100000.0,6.0,15.945983,54.925827,18.4,31.0,0.0,0.0,,5,9161247,SNHA   ,NAWIGATOR XXI       ,99,17,43,4,6,2,5,21,12,0,3.4,SZCZECIN            *50

$WIND,,,T,,,R*12

$OWN,0,261187000,0,-100000.0,6.1,15.946007,54.925854,19.2,31.0,0.0,0.0,,5,9161247,SNHA   ,NAWIGATOR XXI       ,99,17,43,4,6,2,5,21,12,0,3.4,SZCZECIN            *54

$WIND,,,T,,,R*12

$OWN,0,261187000,0,-100000.0,6.2,15.946033,54.925884,20.0,30.0,0.0,0.0,,5,9161247,SNHA   ,NAWIGATOR XXI       ,99,17,43,4,6,2,5,21,12,0,3.4,SZCZECIN            *54

$WIND,,,T,,,R*12

$OWN,0,261187000,0,-100000.0,6.2,15.946058,54.925915,20.7,30.0,0.0,0.0,,5,9161247,SNHA   ,NAWIGATOR XXI       ,99,17,43,4,6,2,5,21,12,0,3.4,SZCZECIN            *57

$WIND,,,T,,,R*12

$OWN,0,261187000,0,-100000.0,6.3,15.946085,54.925941,21.4,29.0,0.0,0.0,,5,9161247,SNHA   ,NAWIGATOR XXI       ,99,17,43,4,6,2,5,21,12,0,3.4,SZCZECIN            *5D

$WIND,,,T,,,R*12

$OWN,0,261187000,0,-100000.0,6.4,15.946112,54.925972,22.0,29.0,0.0,0.0,,5,9161247,SNHA   ,NAWIGATOR XXI       ,99,17,43,4,6,2,5,21,12,0,3.4,SZCZECIN            *52

$WIND,,,T,,,R*12

$OWN,0,261187000,0,-100000.0,6.4,15.946112,54.925972,22.0,28.0,0.0,0.0,,5,9161247,SNHA   ,NAWIGATOR XXI       ,99,17,43,4,6,2,5,21,12,0,3.4,SZCZECIN            *53

$WIND,,,T,,,R*12

$OWN,0,261187000,0,-100000.0,6.6,15.946165,54.926037,22.8,27.0,0.0,0.0,,5,9161247,SNHA   ,NAWIGATOR XXI       ,99,17,43,4,6,2,5,21,12,0,3.4,SZCZECIN            *5D

$WIND,,,T,,,R*12

$OWN,0,261187000,0,-100000.0,6.7,15.946192,54.926064,23.2,27.0,0.0,0.0,,5,9161247,SNHA   ,NAWIGATOR XXI       ,99,17,43,4,6,2,5,21,12,0,3.4,SZCZECIN            *59

$WIND,,,T,,,R*12

$OWN,0,261187000,0,-100000.0,6.7,15.946192,54.926064,23.2,26.0,0.0,0.0,,5,9161247,SNHA   ,NAWIGATOR XXI       ,99,17,43,4,6,2,5,21,12,0,3.4,SZCZECIN            *58

$WIND,,,T,,,R*12

$OWN,0,261187000,0,-100000.0,6.9,15.946245,54.926128,23.5,25.0,0.0,0.0,,5,9161247,SNHA   ,NAWIGATOR XXI       ,99,17,43,4,6,2,5,21,12,0,3.4,SZCZECIN            *52

$WIND,,,T,,,R*12

$OWN,0,261187000,0,-100000.0,6.9,15.946245,54.926128,23.5,24.0,0.0,0.0,,5,9161247,SNHA   ,NAWIGATOR XXI       ,99,17,43,4,6,2,5,21,12,0,3.4,SZCZECIN            *53

$WIND,,,T,,,R*12

$OWN,0,261187000,0,-100000.0,7.1,15.946297,54.926197,23.5,22.0,0.0,0.0,,5,9161247,SNHA   ,NAWIGATOR XXI       ,99,17,43,4,6,2,5,21,12,0,3.4,SZCZECIN            *57

$WIND,,,T,,,R*12

$OWN,0,261187000,0,-100000.0,7.2,15.946321,54.926231,23.5,21.0,0.0,0.0,,5,9161247,SNHA   ,NAWIGATOR XXI       ,99,17,43,4,6,2,5,21,12,0,3.4,SZCZECIN            *54

$WIND,,,T,,,R*12

$OWN,0,261187000,0,-100000.0,7.2,15.946346,54.926266,23.3,20.0,0.0,0.0,,5,9161247,SNHA   ,NAWIGATOR XXI       ,99,17,43,4,6,2,5,21,12,0,3.4,SZCZECIN            *50

$WIND,,,T,,,R*12

$OWN,0,261187000,0,-100000.0,7.3,15.946372,54.926300,23.2,18.0,0.0,0.0,,5,9161247,SNHA   ,NAWIGATOR XXI       ,99,17,43,4,6,2,5,21,12,0,3.4,SZCZECIN            *5D

$WIND,,,T,,,R*12

$OWN,0,261187000,0,-100000.0,7.4,15.946395,54.926338,22.9,17.0,0.0,0.0,,5,9161247,SNHA   ,NAWIGATOR XXI       ,99,17,43,4,6,2,5,21,12,0,3.4,SZCZECIN            *5D

$WIND,,,T,,,R*12

$OWN,0,261187000,0,-100000.0,7.5,15.946417,54.926373,22.5,16.0,0.0,0.0,,5,9161247,SNHA   ,NAWIGATOR XXI       ,99,17,43,4,6,2,5,21,12,0,3.4,SZCZECIN            *53

$WIND,,,T,,,R*12

$OWN,0,261187000,0,-100000.0,7.6,15.946439,54.926407,22.0,15.0,0.0,0.0,,5,9161247,SNHA   ,NAWIGATOR XXI       ,99,17,43,4,6,2,5,21,12,0,3.4,SZCZECIN            *5E

$WIND,,,T,,,R*12

$OWN,0,261187000,0,-100000.0,7.7,15.946460,54.926445,21.6,13.0,0.0,0.0,,5,9161247,SNHA   ,NAWIGATOR XXI       ,99,17,43,4,6,2,5,21,12,0,3.4,SZCZECIN            *56

$WIND,,,T,,,R*12

$OWN,0,261187000,0,-100000.0,7.7,15.946480,54.926483,21.0,12.0,0.0,0.0,,5,9161247,SNHA   ,NAWIGATOR XXI       ,99,17,43,4,6,2,5,21,12,0,3.4,SZCZECIN            *55

$WIND,,,T,,,R*12

$OWN,0,261187000,0,-100000.0,7.8,15.946498,54.926521,20.4,10.0,0.0,0.0,,5,9161247,SNHA   ,NAWIGATOR XXI       ,99,17,43,4,6,2,5,21,12,0,3.4,SZCZECIN            *5D

$WIND,,,T,,,R*12

$OWN,0,261187000,0,-100000.0,7.9,15.946515,54.926559,19.8,9.0,0.0,0.0,,5,9161247,SNHA   ,NAWIGATOR XXI       ,99,17,43,4,6,2,5,21,12,0,3.4,SZCZECIN            *69

$WIND,,,T,,,R*12

$OWN,0,261187000,0,-100000.0,7.9,15.946531,54.926598,19.1,7.0,0.0,0.0,,5,9161247,SNHA   ,NAWIGATOR XXI       ,99,17,43,4,6,2,5,21,12,0,3.4,SZCZECIN            *65

$WIND,,,T,,,R*12

$OWN,0,261187000,0,-100000.0,8.0,15.946547,54.926636,18.4,6.0,0.0,0.0,,5,9161247,SNHA   ,NAWIGATOR XXI       ,99,17,43,4,6,2,5,21,12,0,3.4,SZCZECIN            *60

$WIND,,,T,,,R*12

$OWN,0,261187000,0,-100000.0,8.0,15.946560,54.926674,17.7,5.0,0.0,0.0,,5,9161247,SNHA   ,NAWIGATOR XXI       ,99,17,43,4,6,2,5,21,12,0,3.4,SZCZECIN            *6C

$WIND,,,T,,,R*12

$OWN,0,261187000,0,-100000.0,8.1,15.946571,54.926716,16.8,4.0,0.0,0.0,,5,9161247,SNHA   ,NAWIGATOR XXI       ,99,17,43,4,6,2,5,21,12,0,3.4,SZCZECIN            *67

$WIND,,,T,,,R*12

$OWN,0,261187000,0,-100000.0,8.1,15.946582,54.926754,16.0,2.0,0.0,0.0,,5,9161247,SNHA   ,NAWIGATOR XXI       ,99,17,43,4,6,2,5,21,12,0,3.4,SZCZECIN            *63

$WIND,,,T,,,R*12

$OWN,0,261187000,0,-100000.0,8.2,15.946591,54.926792,15.1,1.0,0.0,0.0,,5,9161247,SNHA   ,NAWIGATOR XXI       ,99,17,43,4,6,2,5,21,12,0,3.4,SZCZECIN            *69

$WIND,,,T,,,R*12

$OWN,0,261187000,0,-100000.0,8.3,15.946605,54.926876,13.3,0.0,0.0,0.0,,5,9161247,SNHA   ,NAWIGATOR XXI       ,99,17,43,4,6,2,5,21,12,0,3.4,SZCZECIN            *66

$WIND,,,T,,,R*12

$OWN,0,261187000,0,-100000.0,8.3,15.946610,54.926914,12.4,0.0,0.0,0.0,,5,9161247,SNHA   ,NAWIGATOR XXI       ,99,17,43,4,6,2,5,21,12,0,3.4,SZCZECIN            *61

$WIND,,,T,,,R*12

$OWN,0,261187000,0,-100000.0,8.3,15.946613,54.926956,11.3,359.0,0.0,0.0,,5,9161247,SNHA   ,NAWIGATOR XXI       ,99,17,43,4,6,2,5,21,12,0,3.4,SZCZECIN            *6F

$WIND,,,T,,,R*12

$OWN,0,261187000,0,-100000.0,8.4,15.946613,54.926998,10.2,358.0,0.0,0.0,,5,9161247,SNHA   ,NAWIGATOR XXI       ,99,17,43,4,6,2,5,21,12,0,3.4,SZCZECIN            *6B

$WIND,,,T,,,R*12

$OWN,0,261187000,0,-100000.0,8.4,15.946613,54.927040,9.1,357.0,0.0,0.0,,5,9161247,SNHA   ,NAWIGATOR XXI       ,99,17,43,4,6,2,5,21,12,0,3.4,SZCZECIN            *52

$WIND,,,T,,,R*12

$OWN,0,261187000,0,-100000.0,8.5,15.946611,54.927078,8.1,356.0,0.0,0.0,,5,9161247,SNHA   ,NAWIGATOR XXI       ,99,17,43,4,6,2,5,21,12,0,3.4,SZCZECIN            *5A

$WIND,,,T,,,R*12

$OWN,0,261187000,0,-100000.0,8.5,15.946609,54.927120,7.1,356.0,0.0,0.0,,5,9161247,SNHA   ,NAWIGATOR XXI       ,99,17,43,4,6,2,5,21,12,0,3.4,SZCZECIN            *50

$WIND,,,T,,,R*12

$OWN,0,261187000,0,-100000.0,8.5,15.946607,54.927162,6.2,355.0,0.0,0.0,,5,9161247,SNHA   ,NAWIGATOR XXI       ,99,17,43,4,6,2,5,21,12,0,3.4,SZCZECIN            *59

$WIND,,,T,,,R*12

$OWN,0,261187000,0,-100000.0,8.6,15.946604,54.927204,5.3,354.0,0.0,0.0,,5,9161247,SNHA   ,NAWIGATOR XXI       ,99,17,43,4,6,2,5,21,12,0,3.4,SZCZECIN            *59

$WIND,,,T,,,R*12

$OWN,0,261187000,0,-100000.0,8.6,15.946598,54.927246,4.5,354.0,0.0,0.0,,5,9161247,SNHA   ,NAWIGATOR XXI       ,99,17,43,4,6,2,5,21,12,0,3.4,SZCZECIN            *5E

$WIND,,,T,,,R*12

$OWN,0,261187000,0,-100000.0,8.6,15.946598,54.927246,4.5,354.0,0.0,0.0,,5,9161247,SNHA   ,NAWIGATOR XXI       ,99,17,43,4,6,2,5,21,12,0,3.4,SZCZECIN            *5E

$WIND,,,T,,,R*12

$OWN,0,261187000,0,-100000.0,8.7,15.946589,54.927330,2.9,354.0,0.0,0.0,,5,9161247,SNHA   ,NAWIGATOR XXI       ,99,17,43,4,6,2,5,21,12,0,3.4,SZCZECIN            *55

$WIND,,,T,,,R*12

$OWN,0,261187000,0,0.0,8.7,15.946582,54.927372,2.1,353.0,0.0,0.0,,5,9161247,SNHA   ,NAWIGATOR XXI       ,99,17,43,4,6,2,5,21,12,0,3.4,SZCZECIN            *4B

$WIND,,,T,,,R*12

$OWN,0,261187000,0,0.0,8.8,15.946573,54.927414,1.2,353.0,0.0,0.0,,5,9161247,SNHA   ,NAWIGATOR XXI       ,99,17,43,4,6,2,5,21,12,0,3.4,SZCZECIN            *4D

$WIND,,,T,,,R*12

$OWN,0,261187000,0,0.0,8.8,15.946564,54.927460,0.3,353.0,0.0,0.0,,5,9161247,SNHA   ,NAWIGATOR XXI       ,99,17,43,4,6,2,5,21,12,0,3.4,SZCZECIN            *48

$WIND,,,T,,,R*12

$OWN,0,261187000,0,0.0,8.9,15.946553,54.927502,359.5,353.0,0.0,0.0,,5,9161247,SNHA   ,NAWIGATOR XXI       ,99,17,43,4,6,2,5,21,12,0,3.4,SZCZECIN            *41

$WIND,,,T,,,R*12

$OWN,0,261187000,0,100000.0,8.9,15.946542,54.927544,358.8,353.0,0.0,0.0,,5,9161247,SNHA   ,NAWIGATOR XXI       ,99,17,43,4,6,2,5,21,12,0,3.4,SZCZECIN            *7E

$WIND,,,T,,,R*12

$OWN,0,261187000,0,100000.0,8.9,15.946531,54.927589,358.1,353.0,0.0,0.0,,5,9161247,SNHA   ,NAWIGATOR XXI       ,99,17,43,4,6,2,5,21,12,0,3.4,SZCZECIN            *72

$WIND,,,T,,,R*12

$OWN,0,261187000,0,0.0,9.0,15.946522,54.927631,357.7,353.0,0.0,0.0,,5,9161247,SNHA   ,NAWIGATOR XXI       ,99,17,43,4,6,2,5,21,12,0,3.4,SZCZECIN            *40

$WIND,,,T,,,R*12

$OWN,0,261187000,0,100000.0,9.0,15.946513,54.927673,357.2,354.0,0.0,0.0,,5,9161247,SNHA   ,NAWIGATOR XXI       ,99,17,43,4,6,2,5,21,12,0,3.4,SZCZECIN            *77

$WIND,,,T,,,R*12

$OWN,0,261187000,0,100000.0,9.0,15.946513,54.927673,357.2,354.0,0.0,0.0,,5,9161247,SNHA   ,NAWIGATOR XXI       ,99,17,43,4,6,2,5,21,12,0,3.4,SZCZECIN            *77

$WIND,,,T,,,R*12

$OWN,0,261187000,0,100000.0,9.1,15.946502,54.927719,356.7,354.0,0.0,0.0,,5,9161247,SNHA   ,NAWIGATOR XXI       ,99,17,43,4,6,2,5,21,12,0,3.4,SZCZECIN            *7F

$WIND,,,T,,,R*12

$OWN,0,261187000,0,100000.0,9.1,15.946491,54.927765,356.3,354.0,0.0,0.0,,5,9161247,SNHA   ,NAWIGATOR XXI       ,99,17,43,4,6,2,5,21,12,0,3.4,SZCZECIN            *7B

$WIND,,,T,,,R*12

$OWN,0,261187000,0,100000.0,9.2,15.946482,54.927807,356.0,355.0,0.0,0.0,,5,9161247,SNHA   ,NAWIGATOR XXI       ,99,17,43,4,6,2,5,21,12,0,3.4,SZCZECIN            *73

$WIND,,,T,,,R*12

$OWN,0,261187000,0,100000.0,9.2,15.946473,54.927849,355.7,355.0,0.0,0.0,,1,,,,,,,,,,,,,,,*66

$WIND,,,T,,,R*12

$OWN,0,261187000,0,100000.0,9.3,15.946462,54.927895,355.3,356.0,0.0,0.0,,1,,,,,,,,,,,,,,,*61

$WIND,,,T,,,R*12

$OWN,0,261187000,0,100000.0,9.4,15.946442,54.927986,354.9,357.0,0.0,0.0,,1,,,,,,,,,,,,,,,*6D

$WIND,,,T,,,R*12

$OWN,0,261187000,0,100000.0,9.4,15.946433,54.928028,354.8,357.0,0.0,0.0,,1,,,,,,,,,,,,,,,*68

$WIND,,,T,,,R*12

$OWN,0,261187000,0,100000.0,9.5,15.946424,54.928074,354.7,358.0,0.0,0.0,,1,,,,,,,,,,,,,,,*66

$WIND,,,T,,,R*12

$OWN,0,261187000,0,100000.0,9.5,15.946417,54.928123,354.7,358.0,0.0,0.0,,1,,,,,,,,,,,,,,,*65

$WIND,,,T,,,R*12

$OWN,0,261187000,0,100000.0,9.5,15.946417,54.928123,354.7,358.0,0.0,0.0,,1,,,,,,,,,,,,,,,*65

$WIND,,,T,,,R*12

$OWN,0,261187000,0,100000.0,9.5,15.946408,54.928165,354.6,358.0,0.0,0.0,,1,,,,,,,,,,,,,,,*68

$WIND,,,T,,,R*12

$OWN,0,261187000,0,100000.0,9.6,15.946402,54.928211,354.6,359.0,0.0,0.0,,1,,,,,,,,,,,,,,,*60

$WIND,,,T,,,R*12

$OWN,0,261187000,0,100000.0,9.6,15.946393,54.928257,354.7,359.0,0.0,0.0,,1,,,,,,,,,,,,,,,*6C

$WIND,,,T,,,R*12

$OWN,0,261187000,0,100000.0,9.7,15.946386,54.928303,354.7,359.0,0.0,0.0,,1,,,,,,,,,,,,,,,*69

$WIND,,,T,,,R*12

$OWN,0,261187000,0,100000.0,9.7,15.946380,54.928349,354.8,359.0,0.0,0.0,,1,,,,,,,,,,,,,,,*6E

$WIND,,,T,,,R*12

$OWN,0,261187000,0,100000.0,9.7,15.946373,54.928398,354.9,359.0,0.0,0.0,,1,,,,,,,,,,,,,,,*6F

$WIND,,,T,,,R*12

$OWN,0,261187000,0,0.0,9.8,15.946368,54.928444,355.1,359.0,0.0,0.0,,1,,,,,,,,,,,,,,,*54

$WIND,,,T,,,R*12

$OWN,0,261187000,0,0.0,9.8,15.946365,54.928490,355.4,359.0,0.0,0.0,,1,,,,,,,,,,,,,,,*55

$WIND,,,T,,,R*12

$OWN,0,261187000,0,0.0,9.8,15.946362,54.928535,355.6,359.0,0.0,0.0,,1,,,,,,,,,,,,,,,*5E

$WIND,,,T,,,R*12

$OWN,0,261187000,0,0.0,9.9,15.946359,54.928585,355.8,0.0,0.0,0.0,,1,,,,,,,,,,,,,,,*5D

$WIND,,,T,,,R*12

$OWN,0,261187000,0,0.0,9.9,15.946353,54.928631,355.9,0.0,0.0,0.0,,1,,,,,,,,,,,,,,,*5A

$WIND,,,T,,,R*12

$OWN,0,261187000,0,0.0,9.9,15.946348,54.928677,355.9,0.0,0.0,0.0,,1,,,,,,,,,,,,,,,*52

$WIND,,,T,,,R*12

$OWN,0,261187000,0,0.0,10.0,15.946342,54.928726,355.9,0.0,0.0,0.0,,1,,,,,,,,,,,,,,,*6C

$WIND,,,T,,,R*12

$OWN,0,261187000,0,0.0,10.0,15.946337,54.928772,356.0,0.0,0.0,0.0,,1,,,,,,,,,,,,,,,*65

$WIND,,,T,,,R*12

$OWN,0,261187000,0,0.0,10.0,15.946332,54.928822,356.1,0.0,0.0,0.0,,1,,,,,,,,,,,,,,,*6B

$WIND,,,T,,,R*12

$OWN,0,261187000,0,0.0,10.1,15.946326,54.928867,356.2,0.0,0.0,0.0,,1,,,,,,,,,,,,,,,*6D

$WIND,,,T,,,R*12

$OWN,0,261187000,0,100000.0,10.1,15.946323,54.928913,356.3,0.0,0.0,0.0,,1,,,,,,,,,,,,,,,*5A

$WIND,,,T,,,R*12

$OWN,0,261187000,0,100000.0,10.1,15.946320,54.928963,356.5,0.0,0.0,0.0,,1,,,,,,,,,,,,,,,*58

$WIND,,,T,,,R*12

$OWN,0,261187000,0,0.0,10.2,15.946319,54.929008,356.7,0.0,0.0,0.0,,1,,,,,,,,,,,,,,,*67

$WIND,,,T,,,R*12

$OWN,0,261187000,0,0.0,10.2,15.946317,54.929058,356.9,0.0,0.0,0.0,,1,,,,,,,,,,,,,,,*62

$WIND,,,T,,,R*12

$OWN,0,261187000,0,0.0,10.2,15.946312,54.929108,356.9,0.0,0.0,0.0,,1,,,,,,,,,,,,,,,*63

$WIND,,,T,,,R*12

$OWN,0,261187000,0,100000.0,10.3,15.946308,54.929153,356.8,0.0,0.0,0.0,,1,,,,,,,,,,,,,,,*57

$WIND,,,T,,,R*12

$OWN,0,261187000,0,0.0,10.3,15.946295,54.929253,356.8,0.0,0.0,0.0,,1,,,,,,,,,,,,,,,*60

$WIND,,,T,,,R*12

$OWN,0,261187000,0,0.0,10.3,15.946292,54.929298,356.8,0.0,0.0,0.0,,1,,,,,,,,,,,,,,,*60

$WIND,,,T,,,R*12

$OWN,0,261187000,0,0.0,10.4,15.946288,54.929352,356.9,0.0,0.0,0.0,,1,,,,,,,,,,,,,,,*6A

$WIND,,,T,,,R*12

$OWN,0,261187000,0,0.0,10.4,15.946285,54.929398,357.1,0.0,0.0,0.0,,1,,,,,,,,,,,,,,,*68

$WIND,,,T,,,R*12

$OWN,0,261187000,0,0.0,10.4,15.946285,54.929398,357.1,0.0,0.0,0.0,,1,,,,,,,,,,,,,,,*68

$WIND,,,T,,,R*12

$OWN,0,261187000,0,0.0,10.4,15.946283,54.929447,357.3,0.0,0.0,0.0,,1,,,,,,,,,,,,,,,*69

$WIND,,,T,,,R*12

$OWN,0,261187000,0,0.0,10.4,15.946281,54.929497,357.4,0.0,0.0,0.0,,1,,,,,,,,,,,,,,,*61

$WIND,,,T,,,R*12

$OWN,0,261187000,0,-100000.0,10.5,15.946280,54.929546,357.5,0.0,0.0,0.0,,1,,,,,,,,,,,,,,,*71

$WIND,,,T,,,R*12

$OWN,0,261187000,0,-100000.0,10.5,15.946277,54.929596,357.5,359.0,0.0,0.0,,1,,,,,,,,,,,,,,,*7B

$WIND,,,T,,,R*12

$OWN,0,261187000,0,0.0,10.5,15.946272,54.929646,357.4,359.0,0.0,0.0,,1,,,,,,,,,,,,,,,*6D

$WIND,,,T,,,R*12

$OWN,0,261187000,0,0.0,10.5,15.946265,54.929695,357.2,359.0,0.0,0.0,,1,,,,,,,,,,,,,,,*63

$WIND,,,T,,,R*12

$OWN,0,261187000,0,-100000.0,10.6,15.946260,54.929745,357.1,359.0,0.0,0.0,,1,,,,,,,,,,,,,,,*76

$WIND,,,T,,,R*12

$OWN,0,261187000,0,-100000.0,10.6,15.946255,54.929794,357.1,359.0,0.0,0.0,,1,,,,,,,,,,,,,,,*7C

$WIND,,,T,,,R*12

$OWN,0,261187000,0,0.0,10.6,15.946250,54.929844,357.1,358.0,0.0,0.0,,1,,,,,,,,,,,,,,,*66

$WIND,,,T,,,R*12

$OWN,0,261187000,0,0.0,10.7,15.946243,54.929897,357.0,358.0,0.0,0.0,,1,,,,,,,,,,,,,,,*6A

$WIND,,,T,,,R*12

$OWN,0,261187000,0,-100000.0,10.7,15.946240,54.929947,357.1,358.0,0.0,0.0,,1,,,,,,,,,,,,,,,*78

$WIND,,,T,,,R*12

$OWN,0,261187000,0,-100000.0,10.7,15.946237,54.929996,357.2,358.0,0.0,0.0,,1,,,,,,,,,,,,,,,*77

$WIND,,,T,,,R*12

$OWN,0,261187000,0,0.0,10.7,15.946232,54.930046,357.1,358.0,0.0,0.0,,1,,,,,,,,,,,,,,,*61

$WIND,,,T,,,R*12

$OWN,0,261187000,0,0.0,10.7,15.946227,54.930096,357.1,358.0,0.0,0.0,,1,,,,,,,,,,,,,,,*68

$WIND,,,T,,,R*12

$OWN,0,261187000,0,-100000.0,10.7,15.946221,54.930145,357.0,358.0,0.0,0.0,,1,,,,,,,,,,,,,,,*7C

$WIND,,,T,,,R*12

$OWN,0,261187000,0,-100000.0,10.8,15.946214,54.930195,356.7,357.0,0.0,0.0,,1,,,,,,,,,,,,,,,*71

$WIND,,,T,,,R*12

$OWN,0,261187000,0,-100000.0,10.8,15.946205,54.930248,356.4,357.0,0.0,0.0,,1,,,,,,,,,,,,,,,*71

$WIND,,,T,,,R*12

$OWN,0,261187000,0,-100000.0,10.8,15.946195,54.930298,356.2,357.0,0.0,0.0,,1,,,,,,,,,,,,,,,*70

$WIND,,,T,,,R*12

$OWN,0,261187000,0,-100000.0,10.8,15.946187,54.930347,356.0,356.0,0.0,0.0,,1,,,,,,,,,,,,,,,*73

$WIND,,,T,,,R*12

$OWN,0,261187000,0,-100000.0,10.8,15.946178,54.930397,355.9,355.0,0.0,0.0,,1,,,,,,,,,,,,,,,*77

$WIND,,,T,,,R*12

$OWN,0,261187000,0,-100000.0,10.8,15.946168,54.930447,355.8,355.0,0.0,0.0,,1,,,,,,,,,,,,,,,*7D

$WIND,,,T,,,R*12

$OWN,0,261187000,0,-100000.0,10.9,15.946161,54.930500,355.8,355.0,0.0,0.0,,1,,,,,,,,,,,,,,,*77

$WIND,,,T,,,R*12

$OWN,0,261187000,0,0.0,10.9,15.946157,54.930550,355.8,354.0,0.0,0.0,,1,,,,,,,,,,,,,,,*6A

$WIND,,,T,,,R*12

$OWN,0,261187000,0,0.0,10.9,15.946148,54.930599,355.8,354.0,0.0,0.0,,1,,,,,,,,,,,,,,,*61

$WIND,,,T,,,R*12

$OWN,0,261187000,0,100000.0,10.9,15.946140,54.930653,355.6,354.0,0.0,0.0,,1,,,,,,,,,,,,,,,*53

$WIND,,,T,,,R*12

$OWN,0,261187000,0,100000.0,10.9,15.946132,54.930702,355.4,355.0,0.0,0.0,,1,,,,,,,,,,,,,,,*50

$WIND,,,T,,,R*12

$OWN,0,261187000,0,100000.0,10.9,15.946132,54.930702,355.4,355.0,0.0,0.0,,1,,,,,,,,,,,,,,,*50

$WIND,,,T,,,R*12

$OWN,0,261187000,0,100000.0,10.9,15.946120,54.930752,355.1,355.0,0.0,0.0,,1,,,,,,,,,,,,,,,*53

$WIND,,,T,,,R*12

$OWN,0,261187000,0,100000.0,10.9,15.946107,54.930805,354.7,356.0,0.0,0.0,,1,,,,,,,,,,,,,,,*5F

$WIND,,,T,,,R*12

$OWN,0,261187000,0,100000.0,10.9,15.946090,54.930855,354.3,357.0,0.0,0.0,,1,,,,,,,,,,,,,,,*50

$WIND,,,T,,,R*12

$OWN,0,261187000,0,100000.0,10.9,15.946075,54.930904,353.9,357.0,0.0,0.0,,1,,,,,,,,,,,,,,,*53

$WIND,,,T,,,R*12

$OWN,0,261187000,0,100000.0,10.9,15.946063,54.930954,353.8,358.0,0.0,0.0,,1,,,,,,,,,,,,,,,*5F

$WIND,,,T,,,R*12

$OWN,0,261187000,0,100000.0,10.9,15.946050,54.931004,353.7,359.0,0.0,0.0,,1,,,,,,,,,,,,,,,*5C

$WIND,,,T,,,R*12

$OWN,0,261187000,0,100000.0,11.0,15.946042,54.931053,353.8,359.0,0.0,0.0,,1,,,,,,,,,,,,,,,*5A

$WIND,,,T,,,R*12

$OWN,0,261187000,0,100000.0,11.0,15.946035,54.931107,354.0,0.0,0.0,0.0,,1,,,,,,,,,,,,,,,*5A

$WIND,,,T,,,R*12

$OWN,0,261187000,0,100000.0,11.0,15.946029,54.931156,354.3,0.0,0.0,0.0,,1,,,,,,,,,,,,,,,*50

$WIND,,,T,,,R*12

$OWN,0,261187000,0,0.0,10.9,15.946023,54.931206,354.4,0.0,0.0,0.0,,1,,,,,,,,,,,,,,,*62

$WIND,,,T,,,R*12

$OWN,0,261187000,0,0.0,11.0,15.946016,54.931255,354.5,0.0,0.0,0.0,,1,,,,,,,,,,,,,,,*6B

$WIND,,,T,,,R*12

$OWN,0,261187000,0,0.0,11.0,15.946010,54.931309,354.6,0.0,0.0,0.0,,1,,,,,,,,,,,,,,,*66

$WIND,,,T,,,R*12

$OWN,0,261187000,0,0.0,11.0,15.946002,54.931358,354.6,0.0,0.0,0.0,,1,,,,,,,,,,,,,,,*61

$WIND,,,T,,,R*12

$OWN,0,261187000,0,-100000.0,11.0,15.945995,54.931408,354.7,0.0,0.0,0.0,,1,,,,,,,,,,,,,,,*7A

$WIND,,,T,,,R*12

$OWN,0,261187000,0,-100000.0,11.0,15.945989,54.931458,354.9,0.0,0.0,0.0,,1,,,,,,,,,,,,,,,*7C

$WIND,,,T,,,R*12

$OWN,0,261187000,0,0.0,11.0,15.945987,54.931511,355.3,0.0,0.0,0.0,,1,,,,,,,,,,,,,,,*69

$WIND,,,T,,,R*12

$OWN,0,261187000,0,0.0,11.0,15.945985,54.931561,355.7,0.0,0.0,0.0,,1,,,,,,,,,,,,,,,*68

$WIND,,,T,,,R*12

$OWN,0,261187000,0,0.0,10.9,15.945983,54.931660,356.3,0.0,0.0,0.0,,1,,,,,,,,,,,,,,,*63

$WIND,,,T,,,R*12

$OWN,0,261187000,0,100000.0,11.0,15.945975,54.931763,356.5,0.0,0.0,0.0,,1,,,,,,,,,,,,,,,*57

$WIND,,,T,,,R*12

$OWN,0,261187000,0,100000.0,11.0,15.945970,54.931812,356.4,0.0,0.0,0.0,,1,,,,,,,,,,,,,,,*5A

$WIND,,,T,,,R*12

$OWN,0,261187000,0,100000.0,11.0,15.945963,54.931862,356.2,1.0,0.0,0.0,,1,,,,,,,,,,,,,,,*58

$WIND,,,T,,,R*12

$OWN,0,261187000,0,100000.0,11.0,15.945955,54.931915,356.2,1.0,0.0,0.0,,1,,,,,,,,,,,,,,,*5C

$WIND,,,T,,,R*12

$OWN,0,261187000,0,100000.0,11.0,15.945949,54.931965,356.2,1.0,0.0,0.0,,1,,,,,,,,,,,,,,,*56

$WIND,,,T,,,R*12

$OWN,0,261187000,0,100000.0,11.0,15.945943,54.932018,356.3,1.0,0.0,0.0,,1,,,,,,,,,,,,,,,*5D

$WIND,,,T,,,R*12

$OWN,0,261187000,0,0.0,11.0,15.945940,54.932068,356.5,2.0,0.0,0.0,,1,,,,,,,,,,,,,,,*6D

$WIND,,,T,,,R*12

$OWN,0,261187000,0,0.0,11.0,15.945938,54.932117,356.7,2.0,0.0,0.0,,1,,,,,,,,,,,,,,,*69

$WIND,,,T,,,R*12

$OWN,0,261187000,0,0.0,11.0,15.945938,54.932171,357.0,2.0,0.0,0.0,,1,,,,,,,,,,,,,,,*6F

$WIND,,,T,,,R*12

$OWN,0,261187000,0,0.0,11.0,15.945938,54.932220,357.3,2.0,0.0,0.0,,1,,,,,,,,,,,,,,,*6B

$WIND,,,T,,,R*12

$OWN,0,261187000,0,0.0,11.0,15.945938,54.932270,357.5,2.0,0.0,0.0,,1,,,,,,,,,,,,,,,*68

$WIND,,,T,,,R*12

$OWN,0,261187000,0,0.0,11.0,15.945936,54.932323,357.7,2.0,0.0,0.0,,1,,,,,,,,,,,,,,,*63

$WIND,,,T,,,R*12

$OWN,0,261187000,0,0.0,11.0,15.945935,54.932373,357.7,2.0,0.0,0.0,,1,,,,,,,,,,,,,,,*65

$WIND,,,T,,,R*12

$OWN,0,261187000,0,0.0,11.0,15.945931,54.932426,357.8,2.0,0.0,0.0,,1,,,,,,,,,,,,,,,*69

$WIND,,,T,,,R*12

$OWN,0,261187000,0,0.0,11.0,15.945930,54.932476,357.9,2.0,0.0,0.0,,1,,,,,,,,,,,,,,,*6C

$WIND,,,T,,,R*12

$OWN,0,261187000,0,0.0,11.0,15.945930,54.932476,357.9,2.0,0.0,0.0,,1,,,,,,,,,,,,,,,*6C

$WIND,,,T,,,R*12

$OWN,0,261187000,0,0.0,11.0,15.945927,54.932526,357.9,2.0,0.0,0.0,,1,,,,,,,,,,,,,,,*6E

$WIND,,,T,,,R*12

$OWN,0,261187000,0,0.0,11.0,15.945925,54.932579,358.0,2.0,0.0,0.0,,1,,,,,,,,,,,,,,,*60

$WIND,,,T,,,R*12

$OWN,0,261187000,0,0.0,11.1,15.945924,54.932629,358.1,2.0,0.0,0.0,,1,,,,,,,,,,,,,,,*67

$WIND,,,T,,,R*12

$OWN,0,261187000,0,-100000.0,11.1,15.945922,54.932682,358.2,2.0,0.0,0.0,,1,,,,,,,,,,,,,,,*7F

$WIND,,,T,,,R*12

