
$WIND,,,T,,,R*12


$AIS,0,273399760,3,-0.0,0.0,15.349275,54.830135,236.2,231.0,-38207.54,-7016.37,,1,,,,,,,,,,,,,,,*49


$OWN,0,261187000,0,100000.0,11.3,15.944048,54.894699,357.3,358.0,0.0,0.0,,5,9161247,SNHA   ,NAWIGATOR XXI       ,99,17,43,4,6,2,5,21,12,0,3.4,SZCZECIN            *44


$WIND,,,T,,,R*12


$AIS,0,273399760,3,-0.0,0.0,15.349275,54.830135,236.2,231.0,-38207.11,-7022.32,,1,,,,,,,,,,,,,,,*4A


$OWN,0,261187000,0,100000.0,11.3,15.944043,54.894753,357.3,359.0,0.0,0.0,,5,9161247,SNHA   ,NAWIGATOR XXI       ,99,17,43,4,6,2,5,21,12,0,3.4,SZCZECIN            *49


$WIND,,,T,,,R*12


$AIS,0,273399760,3,-0.0,0.0,15.349275,54.830135,236.2,231.0,-38206.80,-7028.26,,1,,,,,,,,,,,,,,,*4C


$OWN,0,261187000,0,100000.0,11.3,15.944038,54.894802,357.3,0.0,0.0,0.0,,5,9161247,SNHA   ,NAWIGATOR XXI       ,99,17,43,4,6,2,5,21,12,0,3.4,SZCZECIN            *41


$WIND,,,T,,,R*12


$AIS,0,273399760,3,-0.0,0.0,15.349275,54.830135,236.2,231.0,-38206.50,-7033.78,,1,,,,,,,,,,,,,,,*40


$OWN,0,261187000,0,100000.0,11.3,15.944035,54.894855,357.4,1.0,0.0,0.0,,5,9161247,SNHA   ,NAWIGATOR XXI       ,99,17,43,4,6,2,5,21,12,0,3.4,SZCZECIN            *48


$WIND,,,T,,,R*12


$AIS,0,273399760,3,-0.0,0.0,15.349275,54.830135,236.2,231.0,-38206.25,-7039.73,,1,,,,,,,,,,,,,,,*43


$OWN,0,261187000,0,100000.0,11.3,15.944032,54.894909,357.5,3.0,0.0,0.0,,5,9161247,SNHA   ,NAWIGATOR XXI       ,99,17,43,4,6,2,5,21,12,0,3.4,SZCZECIN            *44


$WIND,,,T,,,R*12


$AIS,0,273399760,3,-0.0,0.0,15.349275,54.830135,236.2,231.0,-38206.07,-7045.67,,1,,,,,,,,,,,,,,,*4D


$OWN,0,261187000,0,100000.0,11.3,15.944030,54.894958,357.6,4.0,0.0,0.0,,5,9161247,SNHA   ,NAWIGATOR XXI       ,99,17,43,4,6,2,5,21,12,0,3.4,SZCZECIN            *46


$WIND,,,T,,,R*12


$AIS,0,273399760,3,-0.0,0.0,15.349275,54.830135,236.2,231.0,-38205.95,-7051.19,,1,,,,,,,,,,,,,,,*49


$OWN,0,261187000,0,100000.0,11.3,15.944028,54.895012,357.7,6.0,0.0,0.0,,5,9161247,SNHA   ,NAWIGATOR XXI       ,99,17,43,4,6,2,5,21,12,0,3.4,SZCZECIN            *4A


$WIND,,,T,,,R*12


$OWN,0,261187000,0,100000.0,11.3,15.944027,54.895061,357.9,9.0,0.0,0.0,,5,9161247,SNHA   ,NAWIGATOR XXI       ,99,17,43,4,6,2,5,21,12,0,3.4,SZCZECIN            *40


$WIND,,,T,,,R*12


$OWN,0,261187000,0,100000.0,11.3,15.944028,54.895115,358.2,11.0,0.0,0.0,,5,9161247,SNHA   ,NAWIGATOR XXI       ,99,17,43,4,6,2,5,21,12,0,3.4,SZCZECIN            *70


$WIND,,,T,,,R*12


$OWN,0,261187000,0,100000.0,11.2,15.944030,54.895164,358.6,14.0,0.0,0.0,,5,9161247,SNHA   ,NAWIGATOR XXI       ,99,17,43,4,6,2,5,21,12,0,3.4,SZCZECIN            *7F


$WIND,,,T,,,R*12


$OWN,0,261187000,0,100000.0,11.2,15.944036,54.895214,359.2,16.0,0.0,0.0,,5,9161247,SNHA   ,NAWIGATOR XXI       ,99,17,43,4,6,2,5,21,12,0,3.4,SZCZECIN            *7A


$WIND,,,T,,,R*12


$OWN,0,261187000,0,100000.0,11.1,15.944048,54.895264,0.0,19.0,0.0,0.0,,5,9161247,SNHA   ,NAWIGATOR XXI       ,99,17,43,4,6,2,5,21,12,0,3.4,SZCZECIN            *75


$WIND,,,T,,,R*12


$OWN,0,261187000,0,100000.0,11.0,15.944061,54.895313,1.0,22.0,0.0,0.0,,5,9161247,SNHA   ,NAWIGATOR XXI       ,99,17,43,4,6,2,5,21,12,0,3.4,SZCZECIN            *77


$WIND,,,T,,,R*12


$OWN,0,261187000,0,100000.0,11.0,15.944081,54.895359,2.3,25.0,0.0,0.0,,5,9161247,SNHA   ,NAWIGATOR XXI       ,99,17,43,4,6,2,5,21,12,0,3.4,SZCZECIN            *70


$WIND,,,T,,,R*12


$OWN,0,261187000,0,100000.0,10.9,15.944107,54.895405,3.7,29.0,0.0,0.0,,5,9161247,SNHA   ,NAWIGATOR XXI       ,99,17,43,4,6,2,5,21,12,0,3.4,SZCZECIN            *70


$WIND,,,T,,,R*12


$OWN,0,261187000,0,100000.0,10.8,15.944134,54.895447,5.1,32.0,0.0,0.0,,5,9161247,SNHA   ,NAWIGATOR XXI       ,99,17,43,4,6,2,5,21,12,0,3.4,SZCZECIN            *7D


$WIND,,,T,,,R*12


$OWN,0,261187000,0,100000.0,10.6,15.944163,54.895489,6.5,35.0,0.0,0.0,,5,9161247,SNHA   ,NAWIGATOR XXI       ,99,17,43,4,6,2,5,21,12,0,3.4,SZCZECIN            *73


$WIND,,,T,,,R*12


$OWN,0,261187000,0,100000.0,10.5,15.944193,54.895535,7.9,39.0,0.0,0.0,,5,9161247,SNHA   ,NAWIGATOR XXI       ,99,17,43,4,6,2,5,21,12,0,3.4,SZCZECIN            *78


$WIND,,,T,,,R*12


$OWN,0,261187000,0,100000.0,10.2,15.944265,54.895611,11.4,45.0,0.0,0.0,,5,9161247,SNHA   ,NAWIGATOR XXI       ,99,17,43,4,6,2,5,21,12,0,3.4,SZCZECIN            *41


$WIND,,,T,,,R*12


$OWN,0,261187000,0,100000.0,10.0,15.944306,54.895645,13.5,49.0,0.0,0.0,,5,9161247,SNHA   ,NAWIGATOR XXI       ,99,17,43,4,6,2,5,21,12,0,3.4,SZCZECIN            *49


$WIND,,,T,,,R*12


$OWN,0,261187000,0,100000.0,9.8,15.944351,54.895676,15.6,52.0,0.0,0.0,,5,9161247,SNHA   ,NAWIGATOR XXI       ,99,17,43,4,6,2,5,21,12,0,3.4,SZCZECIN            *74


$WIND,,,T,,,R*12


$OWN,0,261187000,0,100000.0,9.7,15.944398,54.895706,17.7,56.0,0.0,0.0,,5,9161247,SNHA   ,NAWIGATOR XXI       ,99,17,43,4,6,2,5,21,12,0,3.4,SZCZECIN            *7F


$WIND,,,T,,,R*12


$OWN,0,261187000,0,100000.0,9.5,15.944445,54.895737,19.9,59.0,0.0,0.0,,5,9161247,SNHA   ,NAWIGATOR XXI       ,99,17,43,4,6,2,5,21,12,0,3.4,SZCZECIN            *77


$WIND,,,T,,,R*12


$OWN,0,261187000,0,100000.0,9.3,15.944495,54.895763,22.1,62.0,0.0,0.0,,5,9161247,SNHA   ,NAWIGATOR XXI       ,99,17,43,4,6,2,5,21,12,0,3.4,SZCZECIN            *75


$WIND,,,T,,,R*12


$OWN,0,261187000,0,100000.0,9.1,15.944545,54.895786,24.4,66.0,0.0,0.0,,5,9161247,SNHA   ,NAWIGATOR XXI       ,99,17,43,4,6,2,5,21,12,0,3.4,SZCZECIN            *77


$WIND,,,T,,,R*12


$OWN,0,261187000,0,100000.0,9.1,15.944545,54.895786,24.4,66.0,0.0,0.0,,5,9161247,SNHA   ,NAWIGATOR XXI       ,99,17,43,4,6,2,5,21,12,0,3.4,SZCZECIN            *77


$WIND,,,T,,,R*12


$OWN,0,261187000,0,100000.0,8.9,15.944596,54.895809,26.8,69.0,0.0,0.0,,5,9161247,SNHA   ,NAWIGATOR XXI       ,99,17,43,4,6,2,5,21,12,0,3.4,SZCZECIN            *79


$WIND,,,T,,,R*12


$OWN,0,261187000,0,100000.0,8.7,15.944650,54.895828,29.3,72.0,0.0,0.0,,5,9161247,SNHA   ,NAWIGATOR XXI       ,99,17,43,4,6,2,5,21,12,0,3.4,SZCZECIN            *73


$WIND,,,T,,,R*12


$OWN,0,261187000,0,100000.0,8.5,15.944703,54.895844,31.9,75.0,0.0,0.0,,5,9161247,SNHA   ,NAWIGATOR XXI       ,99,17,43,4,6,2,5,21,12,0,3.4,SZCZECIN            *78


$WIND,,,T,,,R*12


$OWN,0,261187000,0,100000.0,8.3,15.944757,54.895859,34.5,78.0,0.0,0.0,,5,9161247,SNHA   ,NAWIGATOR XXI       ,99,17,43,4,6,2,5,21,12,0,3.4,SZCZECIN            *77


$WIND,,,T,,,R*12


$OWN,0,261187000,0,100000.0,8.1,15.944812,54.895874,37.1,82.0,0.0,0.0,,5,9161247,SNHA   ,NAWIGATOR XXI       ,99,17,43,4,6,2,5,21,12,0,3.4,SZCZECIN            *76


$WIND,,,T,,,R*12


$AIS,0,273418870,0,0.0,0.4,15.291017,54.827648,96.3,45.0,-42001.10,-7396.05,,1,,,,,,,,,,,,,,,*61


$OWN,0,261187000,0,100000.0,7.9,15.944865,54.895885,39.8,85.0,0.0,0.0,,5,9161247,SNHA   ,NAWIGATOR XXI       ,99,17,43,4,6,2,5,21,12,0,3.4,SZCZECIN            *7F


$WIND,,,T,,,R*12


$AIS,0,273418870,0,0.0,0.4,15.291017,54.827648,96.3,45.0,-42004.53,-7397.29,,1,,,,,,,,,,,,,,,*6C


$OWN,0,261187000,0,100000.0,7.7,15.944920,54.895893,42.5,88.0,0.0,0.0,,5,9161247,SNHA   ,NAWIGATOR XXI       ,99,17,43,4,6,2,5,21,12,0,3.4,SZCZECIN            *7A


$WIND,,,T,,,R*12


$AIS,0,273418870,0,0.0,0.4,15.291017,54.827648,96.3,45.0,-42008.02,-7398.10,,1,,,,,,,,,,,,,,,*61


$AIS,0,273370640,3,-4.5,0.1,15.355525,54.832783,21.6,343.0,-37859.12,-6863.51,,1,,,,,,,,,,,,,,,*78


$OWN,0,261187000,0,100000.0,7.5,15.944975,54.895901,45.1,91.0,0.0,0.0,,5,9161247,SNHA   ,NAWIGATOR XXI       ,99,17,43,4,6,2,5,21,12,0,3.4,SZCZECIN            *79


$WIND,,,T,,,R*12


$AIS,0,273418870,0,0.0,0.4,15.291017,54.827648,96.3,45.0,-42011.57,-7398.92,,1,,,,,,,,,,,,,,,*63


$AIS,0,273370640,3,-4.5,0.1,15.355525,54.832783,21.6,343.0,-37862.67,-6864.33,,1,,,,,,,,,,,,,,,*71


$OWN,0,261187000,0,100000.0,7.4,15.945026,54.895908,47.7,94.0,0.0,0.0,,5,9161247,SNHA   ,NAWIGATOR XXI       ,99,17,43,4,6,2,5,21,12,0,3.4,SZCZECIN            *7E


$WIND,,,T,,,R*12


$AIS,0,273418870,0,0.0,0.4,15.291017,54.827648,96.3,45.0,-42014.88,-7399.74,,1,,,,,,,,,,,,,,,*6D


$AIS,0,273370640,3,-4.5,0.1,15.355525,54.832783,21.6,343.0,-37865.98,-6865.15,,1,,,,,,,,,,,,,,,*73


$OWN,0,261187000,0,100000.0,7.2,15.945080,54.895912,50.4,100.0,0.0,0.0,,5,9161247,SNHA   ,NAWIGATOR XXI       ,99,17,43,4,6,2,5,21,12,0,3.4,SZCZECIN            *46


$WIND,,,T,,,R*12


$AIS,0,273418870,0,0.0,0.4,15.291017,54.827648,96.3,45.0,-42018.31,-7400.13,,1,,,,,,,,,,,,,,,*65


$AIS,0,273370640,3,-4.5,0.1,15.355525,54.832783,21.6,343.0,-37869.41,-6865.55,,1,,,,,,,,,,,,,,,*7F


$OWN,0,261187000,0,100000.0,7.0,15.945131,54.895916,53.3,100.0,0.0,0.0,,5,9161247,SNHA   ,NAWIGATOR XXI       ,99,17,43,4,6,2,5,21,12,0,3.4,SZCZECIN            *4F


$WIND,,,T,,,R*12


$AIS,0,273418870,0,0.0,0.4,15.291017,54.827648,96.3,45.0,-42021.62,-7400.52,,1,,,,,,,,,,,,,,,*6C


$AIS,0,273370640,3,-4.5,0.1,15.355525,54.832783,21.6,343.0,-37872.72,-6865.95,,1,,,,,,,,,,,,,,,*79


$OWN,0,261187000,0,100000.0,6.9,15.945184,54.895916,56.3,103.0,0.0,0.0,,5,9161247,SNHA   ,NAWIGATOR XXI       ,99,17,43,4,6,2,5,21,12,0,3.4,SZCZECIN            *4F


$WIND,,,T,,,R*12


$AIS,0,273418870,0,0.0,0.4,15.291017,54.827648,96.3,45.0,-42024.99,-7400.49,,1,,,,,,,,,,,,,,,*67


$AIS,0,273370640,3,-4.5,0.1,15.355525,54.832783,21.6,343.0,-37876.09,-6865.92,,1,,,,,,,,,,,,,,,*76


$AIS,0,273399760,3,0.0,0.0,15.349280,54.830132,236.2,231.0,-38279.71,-7157.54,,1,,,,,,,,,,,,,,,*66


$OWN,0,261187000,0,100000.0,6.7,15.945233,54.895916,59.2,107.0,0.0,0.0,,5,9161247,SNHA   ,NAWIGATOR XXI       ,99,17,43,4,6,2,5,21,12,0,3.4,SZCZECIN            *44


$WIND,,,T,,,R*12


$AIS,0,273418870,0,0.0,0.4,15.291017,54.827648,96.3,45.0,-42031.30,-7400.01,,1,,,,,,,,,,,,,,,*6C


$AIS,0,273370640,3,-4.5,0.1,15.355525,54.832783,21.6,343.0,-37882.39,-6865.44,,1,,,,,,,,,,,,,,,*75


$AIS,0,273399760,3,0.0,0.0,15.349280,54.830132,236.2,231.0,-38286.02,-7157.06,,1,,,,,,,,,,,,,,,*65


$OWN,0,261187000,0,100000.0,6.5,15.945282,54.895912,62.1,110.0,0.0,0.0,,1,,,,,,,,,,,,,,,*50


$WIND,,,T,,,R*12


$AIS,0,273418870,0,0.0,0.4,15.291017,54.827648,96.3,45.0,-42034.36,-7399.56,,1,,,,,,,,,,,,,,,*6A


$AIS,0,273370640,3,-4.5,0.1,15.355525,54.832783,21.6,343.0,-37885.46,-6864.99,,1,,,,,,,,,,,,,,,*7B


$AIS,0,273399760,3,0.0,0.0,15.349280,54.830132,236.2,231.0,-38289.08,-7156.61,,1,,,,,,,,,,,,,,,*60


$OWN,0,261187000,0,100000.0,6.4,15.945330,54.895908,65.0,113.0,0.0,0.0,,1,,,,,,,,,,,,,,,*57


$WIND,,,T,,,R*12


$AIS,0,273370640,3,-4.5,0.1,15.355525,54.832783,21.6,343.0,-37888.58,-6864.54,,1,,,,,,,,,,,,,,,*78


$AIS,0,273399760,3,0.0,0.0,15.349280,54.830132,236.2,231.0,-38292.20,-7156.16,,1,,,,,,,,,,,,,,,*60


$OWN,0,261187000,0,100000.0,6.3,15.945378,54.895905,67.9,119.0,0.0,0.0,,1,,,,,,,,,,,,,,,*50


$WIND,,,T,,,R*12


$AIS,0,273370640,3,3.6,0.0,15.355516,54.832790,,343.0,-37889.13,-6863.69,,1,,,,,,,,,,,,,,,*4E


$AIS,0,273399760,3,0.0,0.0,15.349280,54.830132,236.2,231.0,-38292.20,-7156.16,,1,,,,,,,,,,,,,,,*60


$OWN,0,261187000,0,100000.0,6.1,15.945425,54.895901,70.7,122.0,0.0,0.0,,1,,,,,,,,,,,,,,,*59


$WIND,,,T,,,R*12


$AIS,0,273370640,3,3.6,0.0,15.355516,54.832790,,343.0,-37892.13,-6863.24,,1,,,,,,,,,,,,,,,*4D


$AIS,0,273399760,3,0.0,0.0,15.349280,54.830132,236.2,231.0,-38295.21,-7155.71,,1,,,,,,,,,,,,,,,*64


$AIS,0,273392360,0,0.0,0.1,15.394255,54.826996,236.0,81.0,-35408.92,-7528.27,,1,,,,,,,,,,,,,,,*51


$OWN,0,261187000,0,100000.0,6.0,15.945468,54.895893,73.6,124.0,0.0,0.0,,1,,,,,,,,,,,,,,,*5F


$WIND,,,T,,,R*12


$AIS,0,273370640,3,3.6,0.0,15.355516,54.832790,,343.0,-37894.88,-6862.36,,1,,,,,,,,,,,,,,,*4B


$AIS,0,273399760,3,0.0,0.0,15.349280,54.830132,236.2,231.0,-38297.96,-7154.83,,1,,,,,,,,,,,,,,,*66


$AIS,0,273392360,0,0.0,0.1,15.394255,54.826996,236.0,81.0,-35411.67,-7527.40,,1,,,,,,,,,,,,,,,*5D


$OWN,0,261187000,0,100000.0,5.8,15.945555,54.895878,79.4,127.0,0.0,0.0,,1,,,,,,,,,,,,,,,*55


$WIND,,,T,,,R*12


$AIS,0,273370640,3,3.6,0.0,15.355516,54.832790,,343.0,-37900.46,-6860.62,,1,,,,,,,,,,,,,,,*46


$AIS,0,273399760,3,0.0,0.0,15.349280,54.830132,236.2,231.0,-38303.54,-7153.09,,1,,,,,,,,,,,,,,,*61


$AIS,0,273392360,0,0.0,0.1,15.394255,54.826996,236.0,81.0,-35417.25,-7525.66,,1,,,,,,,,,,,,,,,*5B


$OWN,0,261187000,0,100000.0,5.7,15.945595,54.895866,82.4,130.0,0.0,0.0,,1,,,,,,,,,,,,,,,*5B


$WIND,,,T,,,R*12


$AIS,0,273370640,3,3.6,0.0,15.355516,54.832790,,343.0,-37903.03,-6859.32,,1,,,,,,,,,,,,,,,*4B


$AIS,0,273399760,3,0.0,0.0,15.349280,54.830132,236.2,231.0,-38306.11,-7151.79,,1,,,,,,,,,,,,,,,*60


$AIS,0,273392360,0,0.0,0.1,15.394255,54.826996,236.0,81.0,-35419.82,-7524.37,,1,,,,,,,,,,,,,,,*5D


$AIS,0,273397740,3,0.0,0.0,15.340300,54.831902,153.7,246.0,-38881.31,-6949.89,,1,,,,,,,,,,,,,,,*6A


$OWN,0,261187000,0,100000.0,5.6,15.945633,54.895855,85.5,133.0,0.0,0.0,,1,,,,,,,,,,,,,,,*50


$WIND,,,T,,,R*12


$AIS,0,273370640,3,3.6,0.0,15.355516,54.832790,,343.0,-37905.48,-6858.03,,1,,,,,,,,,,,,,,,*41


$AIS,0,273399760,3,0.0,0.0,15.349280,54.830132,236.2,231.0,-38308.56,-7150.50,,1,,,,,,,,,,,,,,,*67


$AIS,0,273392360,0,0.0,0.1,15.394255,54.826996,236.0,81.0,-35422.27,-7523.07,,1,,,,,,,,,,,,,,,*5E


$AIS,0,273397740,3,0.0,0.0,15.340300,54.831902,153.7,246.0,-38883.76,-6948.60,,1,,,,,,,,,,,,,,,*6D


$OWN,0,261187000,0,100000.0,5.6,15.945633,54.895855,85.5,136.0,0.0,0.0,,1,,,,,,,,,,,,,,,*55


$WIND,,,T,,,R*12


$AIS,0,273370640,3,3.6,0.0,15.355516,54.832790,,343.0,-37905.48,-6858.03,,1,,,,,,,,,,,,,,,*41


$AIS,0,273399760,3,0.0,0.0,15.349287,54.830128,236.2,231.0,-38308.14,-7150.93,,1,,,,,,,,,,,,,,,*62


$AIS,0,273392360,0,0.0,0.1,15.394255,54.826996,236.0,81.0,-35422.27,-7523.07,,1,,,,,,,,,,,,,,,*5E


$AIS,0,273397740,3,0.0,0.0,15.340300,54.831902,153.7,246.0,-38883.76,-6948.60,,1,,,,,,,,,,,,,,,*6D


$OWN,0,261187000,0,100000.0,5.5,15.945672,54.895844,88.5,139.0,0.0,0.0,,1,,,,,,,,,,,,,,,*51


$WIND,,,T,,,R*12


$AIS,0,273370640,3,3.6,0.0,15.355516,54.832790,,343.0,-37907.99,-6856.73,,1,,,,,,,,,,,,,,,*46


$AIS,0,273399760,3,0.0,0.0,15.349287,54.830128,236.2,231.0,-38310.65,-7149.63,,1,,,,,,,,,,,,,,,*6A


$AIS,0,273392360,0,0.0,0.1,15.394255,54.826996,236.0,81.0,-35424.78,-7521.78,,1,,,,,,,,,,,,,,,*58


$AIS,0,273397740,3,0.0,0.0,15.340300,54.831902,153.7,246.0,-38886.27,-6947.30,,1,,,,,,,,,,,,,,,*66


$OWN,0,261187000,0,100000.0,5.4,15.945708,54.895828,91.5,142.0,0.0,0.0,,1,,,,,,,,,,,,,,,*52


$WIND,,,T,,,R*12


$AIS,0,273370640,3,3.6,0.0,15.355516,54.832790,,343.0,-37910.32,-6855.02,,1,,,,,,,,,,,,,,,*44


$AIS,0,273399760,3,0.0,0.0,15.349287,54.830128,236.2,231.0,-38312.98,-7147.91,,1,,,,,,,,,,,,,,,*69


$AIS,0,273392360,0,0.0,0.1,15.394255,54.826996,236.0,81.0,-35427.11,-7520.06,,1,,,,,,,,,,,,,,,*5C


$AIS,0,273397740,3,0.0,0.0,15.340300,54.831902,153.7,246.0,-38888.60,-6945.58,,1,,,,,,,,,,,,,,,*67


$AIS,0,273418870,0,0.0,0.4,15.291057,54.827648,98.1,46.0,-42056.11,-7390.44,,1,,,,,,,,,,,,,,,*6A


$AIS,0,229630000,0,0.0,11.0,15.046500,55.401833,85.0,83.0,-56943.91,56676.87,,1,,,,,,,,,,,,,,,*4D


$OWN,0,261187000,0,100000.0,5.3,15.945742,54.895813,94.5,144.0,0.0,0.0,,1,,,,,,,,,,,,,,,*50


$WIND,,,T,,,R*12


$AIS,0,273370640,3,3.6,0.0,15.355516,54.832790,,343.0,-37912.47,-6853.30,,1,,,,,,,,,,,,,,,*43


$AIS,0,273399760,3,0.0,0.0,15.349287,54.830128,236.2,231.0,-38315.12,-7146.20,,1,,,,,,,,,,,,,,,*67


$AIS,0,273392360,0,0.0,0.1,15.394255,54.826996,236.0,81.0,-35429.26,-7518.35,,1,,,,,,,,,,,,,,,*5D


$AIS,0,273397740,3,0.0,0.0,15.340300,54.831902,153.7,246.0,-38890.74,-6943.87,,1,,,,,,,,,,,,,,,*6F


$AIS,0,273418870,0,0.0,0.4,15.291057,54.827648,98.1,46.0,-42058.26,-7388.72,,1,,,,,,,,,,,,,,,*6C


$AIS,0,229630000,0,0.0,11.0,15.046500,55.401833,85.0,83.0,-56946.02,56678.60,,1,,,,,,,,,,,,,,,*45


$OWN,0,261187000,0,100000.0,5.2,15.945773,54.895798,97.4,147.0,0.0,0.0,,1,,,,,,,,,,,,,,,*5E


$WIND,,,T,,,R*12


$AIS,0,273370640,3,0.7,0.1,15.355496,54.832783,336.6,343.0,-37917.80,-6850.71,,1,,,,,,,,,,,,,,,*6D


$AIS,0,273399760,3,0.0,0.0,15.349287,54.830128,236.2,231.0,-38319.16,-7142.77,,1,,,,,,,,,,,,,,,*69


$AIS,0,273392360,0,0.0,0.1,15.394255,54.826996,236.0,81.0,-35433.30,-7514.92,,1,,,,,,,,,,,,,,,*50


$AIS,0,273397740,3,0.0,0.0,15.340300,54.831902,153.7,246.0,-38894.79,-6940.44,,1,,,,,,,,,,,,,,,*6A


$AIS,0,273418870,0,0.0,0.4,15.291057,54.827648,98.1,46.0,-42062.30,-7385.29,,1,,,,,,,,,,,,,,,*61


$AIS,0,229630000,0,0.0,11.0,15.046500,55.401833,85.0,83.0,-56950.01,56682.05,,1,,,,,,,,,,,,,,,*47


$OWN,0,261187000,0,100000.0,5.1,15.945805,54.895782,100.4,147.0,0.0,0.0,,1,,,,,,,,,,,,,,,*67


$WIND,,,T,,,R*12


$AIS,0,273370640,3,0.7,0.1,15.355496,54.832783,336.6,343.0,-37919.76,-6848.99,,1,,,,,,,,,,,,,,,*65


$AIS,0,273399760,3,0.0,0.0,15.349287,54.830128,236.2,231.0,-38321.12,-7141.05,,1,,,,,,,,,,,,,,,*60


$AIS,0,273397740,3,0.0,0.0,15.340300,54.831902,153.7,246.0,-38896.75,-6938.72,,1,,,,,,,,,,,,,,,*6E


$AIS,0,273418870,0,0.0,0.4,15.291057,54.827648,98.1,46.0,-42064.26,-7383.57,,1,,,,,,,,,,,,,,,*6F


$AIS,0,229630000,0,0.0,11.0,15.046500,55.401833,85.0,83.0,-56951.94,56683.77,,1,,,,,,,,,,,,,,,*4E


$OWN,0,261187000,0,100000.0,5.0,15.945835,54.895767,103.3,150.0,0.0,0.0,,1,,,,,,,,,,,,,,,*6C


$WIND,,,T,,,R*12


$AIS,0,273370640,3,0.7,0.1,15.355496,54.832783,336.6,343.0,-37921.60,-6846.86,,1,,,,,,,,,,,,,,,*69


$AIS,0,273399760,3,0.0,0.0,15.349287,54.830128,236.2,231.0,-38322.96,-7138.91,,1,,,,,,,,,,,,,,,*6C


$AIS,0,273397740,3,0.0,0.0,15.340300,54.831902,153.7,246.0,-38898.58,-6936.58,,1,,,,,,,,,,,,,,,*69


$AIS,0,273418870,0,0.0,0.4,15.291057,54.827648,98.1,46.0,-42066.10,-7381.43,,1,,,,,,,,,,,,,,,*6F


$AIS,0,229630000,0,0.0,11.0,15.046500,55.401833,85.0,83.0,-56953.75,56685.92,,1,,,,,,,,,,,,,,,*4E


$OWN,0,261187000,0,100000.0,5.0,15.945864,54.895748,106.1,153.0,0.0,0.0,,1,,,,,,,,,,,,,,,*61


$WIND,,,T,,,R*12


$AIS,0,273370640,3,0.7,0.1,15.355496,54.832783,336.6,343.0,-37923.38,-6845.14,,1,,,,,,,,,,,,,,,*6E


$AIS,0,273399760,3,0.0,0.0,15.349287,54.830128,236.2,231.0,-38324.74,-7137.20,,1,,,,,,,,,,,,,,,*63


$AIS,0,273397740,3,0.0,0.0,15.340300,54.831902,153.7,246.0,-38900.36,-6934.87,,1,,,,,,,,,,,,,,,*61


$AIS,0,273418870,0,0.0,0.4,15.291057,54.827648,98.1,46.0,-42067.88,-7379.72,,1,,,,,,,,,,,,,,,*6A


$AIS,0,229630000,0,0.0,11.0,15.046500,55.401833,85.0,83.0,-56955.50,56687.64,,1,,,,,,,,,,,,,,,*44


$OWN,0,261187000,0,100000.0,4.9,15.945891,54.895733,108.9,156.0,0.0,0.0,,1,,,,,,,,,,,,,,,*6C


$WIND,,,T,,,R*12


$AIS,0,273370640,3,0.7,0.1,15.355496,54.832783,336.6,343.0,-37923.38,-6845.14,,1,,,,,,,,,,,,,,,*6E


$AIS,0,273399760,3,0.0,0.0,15.349287,54.830128,236.2,231.0,-38324.74,-7137.20,,1,,,,,,,,,,,,,,,*63


$AIS,0,273397740,3,0.0,0.0,15.340300,54.831902,153.7,246.0,-38900.36,-6934.87,,1,,,,,,,,,,,,,,,*61


$AIS,0,273418870,0,0.0,0.4,15.291057,54.827648,98.1,46.0,-42067.88,-7379.72,,1,,,,,,,,,,,,,,,*6A


$AIS,0,229630000,0,0.0,11.0,15.046500,55.401833,85.0,83.0,-56955.50,56687.64,,1,,,,,,,,,,,,,,,*44


$OWN,0,261187000,0,100000.0,4.8,15.945917,54.895714,111.8,158.0,0.0,0.0,,1,,,,,,,,,,,,,,,*60


$WIND,,,T,,,R*12


$AIS,0,273370640,3,0.7,0.1,15.355496,54.832783,336.6,343.0,-37925.03,-6843.01,,1,,,,,,,,,,,,,,,*62


$AIS,0,273399760,3,0.0,0.0,15.349294,54.830124,236.2,231.0,-38325.97,-7135.49,,1,,,,,,,,,,,,,,,*6C


$AIS,0,273418870,0,0.0,0.4,15.291057,54.827648,98.1,46.0,-42069.53,-7377.58,,1,,,,,,,,,,,,,,,*64


$AIS,0,229630000,0,0.0,11.0,15.046500,55.401833,85.0,83.0,-56957.13,56689.78,,1,,,,,,,,,,,,,,,*42


$OWN,0,261187000,0,100000.0,4.8,15.945940,54.895699,114.8,161.0,0.0,0.0,,1,,,,,,,,,,,,,,,*69


$WIND,,,T,,,R*12


$AIS,0,273370640,3,0.7,0.1,15.355496,54.832783,336.6,343.0,-37926.50,-6841.30,,1,,,,,,,,,,,,,,,*67


$AIS,0,273399760,3,0.0,0.0,15.349294,54.830124,236.2,231.0,-38327.44,-7133.78,,1,,,,,,,,,,,,,,,*64


$AIS,0,273418870,0,0.0,0.4,15.291057,54.827648,98.1,46.0,-42071.00,-7375.87,,1,,,,,,,,,,,,,,,*6B


$AIS,0,229630000,0,0.0,11.0,15.046500,55.401833,85.0,83.0,-56958.58,56691.50,,1,,,,,,,,,,,,,,,*41


$OWN,0,261187000,0,100000.0,4.7,15.945960,54.895676,117.9,164.0,0.0,0.0,,1,,,,,,,,,,,,,,,*62


$WIND,,,T,,,R*12


$AIS,0,273370640,3,0.7,0.1,15.355496,54.832783,336.6,343.0,-37927.79,-6838.74,,1,,,,,,,,,,,,,,,*63


$AIS,0,273399760,3,0.0,0.0,15.349294,54.830124,236.2,231.0,-38328.72,-7131.22,,1,,,,,,,,,,,,,,,*63


$AIS,0,273418870,0,0.0,0.4,15.291057,54.827648,98.1,46.0,-42072.29,-7373.31,,1,,,,,,,,,,,,,,,*68


$AIS,0,229630000,0,0.0,11.0,15.046500,55.401833,85.0,83.0,-56959.85,56694.06,,1,,,,,,,,,,,,,,,*46


$OWN,0,261187000,0,100000.0,4.6,15.945978,54.895657,120.9,167.0,0.0,0.0,,1,,,,,,,,,,,,,,,*6E


$WIND,,,T,,,R*12


$AIS,0,273370640,3,0.7,0.1,15.355496,54.832783,336.6,343.0,-37928.95,-6836.61,,1,,,,,,,,,,,,,,,*64


$AIS,0,273399760,3,0.0,0.0,15.349294,54.830124,236.2,231.0,-38329.89,-7129.09,,1,,,,,,,,,,,,,,,*66


$AIS,0,273418870,0,0.0,0.4,15.291057,54.827648,98.1,46.0,-42073.45,-7371.17,,1,,,,,,,,,,,,,,,*65


$AIS,0,229630000,0,0.0,11.0,15.046500,55.401833,85.0,83.0,-56961.00,56696.20,,1,,,,,,,,,,,,,,,*46


$OWN,0,261187000,0,100000.0,4.6,15.945996,54.895638,123.8,169.0,0.0,0.0,,1,,,,,,,,,,,,,,,*6B


$WIND,,,T,,,R*12


$AIS,0,273370640,3,0.7,0.1,15.355496,54.832783,336.6,343.0,-37930.11,-6834.47,,1,,,,,,,,,,,,,,,*67


$AIS,0,273399760,3,0.0,0.0,15.349294,54.830124,236.2,231.0,-38331.05,-7126.96,,1,,,,,,,,,,,,,,,*62


$OWN,0,261187000,0,100000.0,4.5,15.946012,54.895618,126.8,172.0,0.0,0.0,,1,,,,,,,,,,,,,,,*63


$WIND,,,T,,,R*12


$AIS,0,273370640,3,0.7,0.1,15.355496,54.832783,336.6,343.0,-37931.09,-6832.34,,1,,,,,,,,,,,,,,,*6D


$AIS,0,273399760,3,0.0,0.0,15.349294,54.830124,236.2,231.0,-38332.03,-7124.83,,1,,,,,,,,,,,,,,,*61


$OWN,0,261187000,0,100000.0,4.5,15.946025,54.895599,129.8,175.0,0.0,0.0,,1,,,,,,,,,,,,,,,*65


$WIND,,,T,,,R*12


$AIS,0,273370640,3,-6.4,0.1,15.355496,54.832787,186.9,343.0,-37932.81,-6827.24,,1,,,,,,,,,,,,,,,*41


$AIS,0,273399760,3,0.0,0.0,15.349294,54.830124,236.2,231.0,-38333.75,-7120.15,,1,,,,,,,,,,,,,,,*6A


$AIS,0,273392360,0,0.0,0.1,15.394268,54.827003,179.5,79.0,-35447.45,-7491.04,,1,,,,,,,,,,,,,,,*52


$OWN,0,261187000,0,100000.0,4.4,15.946038,54.895576,132.6,177.0,0.0,0.0,,1,,,,,,,,,,,,,,,*6F


$WIND,,,T,,,R*12


$AIS,0,273370640,3,-6.4,0.1,15.355496,54.832787,186.9,343.0,-37933.48,-6825.11,,1,,,,,,,,,,,,,,,*41


$AIS,0,273399760,3,0.0,0.0,15.349294,54.830124,236.2,231.0,-38334.42,-7118.02,,1,,,,,,,,,,,,,,,*64


$AIS,0,273392360,0,0.0,0.1,15.394268,54.827003,179.5,79.0,-35448.12,-7488.91,,1,,,,,,,,,,,,,,,*5B


$OWN,0,261187000,0,100000.0,4.4,15.946049,54.895557,135.4,182.0,0.0,0.0,,1,,,,,,,,,,,,,,,*65


$WIND,,,T,,,R*12


$AIS,0,273370640,3,-6.4,0.1,15.355496,54.832787,186.9,343.0,-37933.48,-6825.11,,1,,,,,,,,,,,,,,,*41


$AIS,0,273399760,3,0.0,0.0,15.349294,54.830124,236.2,231.0,-38334.42,-7118.02,,1,,,,,,,,,,,,,,,*64


$AIS,0,273392360,0,0.0,0.1,15.394268,54.827003,179.5,79.0,-35448.12,-7488.91,,1,,,,,,,,,,,,,,,*5B


$AIS,0,259016000,0,0.0,12.1,15.561067,55.324749,282.0,283.0,-24427.37,47828.37,,1,,,,,,,,,,,,,,,*43


$OWN,0,261187000,0,100000.0,4.4,15.946058,54.895535,138.3,185.0,0.0,0.0,,1,,,,,,,,,,,,,,,*6C


$WIND,,,T,,,R*12


$AIS,0,273370640,3,-6.4,0.1,15.355496,54.832787,186.9,343.0,-37934.09,-6822.56,,1,,,,,,,,,,,,,,,*47


$AIS,0,273399760,3,0.0,0.0,15.349294,54.830124,236.2,231.0,-38335.03,-7115.47,,1,,,,,,,,,,,,,,,*6C


$AIS,0,273392360,0,0.0,0.1,15.394268,54.827003,179.5,79.0,-35448.73,-7486.36,,1,,,,,,,,,,,,,,,*5F


$AIS,0,259016000,0,0.0,12.1,15.561067,55.324749,282.0,283.0,-24427.98,47830.92,,1,,,,,,,,,,,,,,,*40


$AIS,0,273397740,3,0.0,0.0,15.340300,54.831882,153.7,246.0,-38911.10,-6914.83,,1,,,,,,,,,,,,,,,*6A


$OWN,0,261187000,0,100000.0,4.3,15.946065,54.895515,141.2,188.0,0.0,0.0,,1,,,,,,,,,,,,,,,*65


$WIND,,,T,,,R*12


$AIS,0,273370640,3,-6.4,0.1,15.355496,54.832787,186.9,343.0,-37934.52,-6820.43,,1,,,,,,,,,,,,,,,*4F


$AIS,0,273392360,0,0.0,0.1,15.394268,54.827003,179.5,79.0,-35449.16,-7484.23,,1,,,,,,,,,,,,,,,*5B


$AIS,0,259016000,0,0.0,12.1,15.561067,55.324749,282.0,283.0,-24428.40,47833.05,,1,,,,,,,,,,,,,,,*47


$AIS,0,273397740,3,0.0,0.0,15.340300,54.831882,153.7,246.0,-38911.53,-6912.70,,1,,,,,,,,,,,,,,,*67


$OWN,0,261187000,0,100000.0,4.3,15.946072,54.895493,144.1,191.0,0.0,0.0,,1,,,,,,,,,,,,,,,*62


$WIND,,,T,,,R*12


$AIS,0,273370640,3,-6.4,0.1,15.355496,54.832787,186.9,343.0,-37934.95,-6817.88,,1,,,,,,,,,,,,,,,*47


$AIS,0,273392360,0,0.0,0.1,15.394268,54.827003,179.5,79.0,-35449.59,-7481.68,,1,,,,,,,,,,,,,,,*5A


$AIS,0,259016000,0,0.0,12.1,15.561067,55.324749,282.0,283.0,-24428.82,47835.60,,1,,,,,,,,,,,,,,,*4C


$AIS,0,273397740,3,0.0,0.0,15.340300,54.831882,153.7,246.0,-38911.96,-6910.15,,1,,,,,,,,,,,,,,,*6F


$OWN,0,261187000,0,100000.0,4.3,15.946072,54.895493,144.1,191.0,0.0,0.0,,1,,,,,,,,,,,,,,,*62


$WIND,,,T,,,R*12


$AIS,0,273370640,3,-6.4,0.1,15.355496,54.832787,186.9,343.0,-37935.20,-6815.75,,1,,,,,,,,,,,,,,,*48


$AIS,0,273392360,0,0.0,0.1,15.394268,54.827003,179.5,79.0,-35449.84,-7479.56,,1,,,,,,,,,,,,,,,*50


$AIS,0,259016000,0,0.0,12.1,15.561067,55.324749,282.0,283.0,-24429.07,47837.72,,1,,,,,,,,,,,,,,,*41


$AIS,0,273397740,3,0.0,0.0,15.340300,54.831882,153.7,246.0,-38912.20,-6908.02,,1,,,,,,,,,,,,,,,*6E


$OWN,0,261187000,0,100000.0,4.3,15.946075,54.895473,147.0,193.0,0.0,0.0,,1,,,,,,,,,,,,,,,*6B


$WIND,,,T,,,R*12


$AIS,0,273370640,3,-6.4,0.1,15.355496,54.832787,186.9,343.0,-37935.26,-6813.21,,1,,,,,,,,,,,,,,,*49


$AIS,0,273392360,0,0.0,0.1,15.394268,54.827003,179.5,79.0,-35449.90,-7477.01,,1,,,,,,,,,,,,,,,*59


$AIS,0,259016000,0,0.0,12.1,15.561067,55.324749,282.0,283.0,-24429.13,47840.27,,1,,,,,,,,,,,,,,,*44


$AIS,0,273397740,3,0.0,0.0,15.340300,54.831882,153.7,246.0,-38912.26,-6905.48,,1,,,,,,,,,,,,,,,*6B


$OWN,0,261187000,0,100000.0,4.2,15.946076,54.895451,149.8,196.0,0.0,0.0,,1,,,,,,,,,,,,,,,*6A


$WIND,,,T,,,R*12


$AIS,0,273370640,3,-6.4,0.1,15.355496,54.832787,186.9,343.0,-37935.38,-6811.08,,1,,,,,,,,,,,,,,,*4F


$AIS,0,273392360,0,0.0,0.1,15.394268,54.827003,179.5,79.0,-35450.02,-7474.89,,1,,,,,,,,,,,,,,,*59


$AIS,0,259016000,0,0.0,12.1,15.561067,55.324749,282.0,283.0,-24429.25,47842.39,,1,,,,,,,,,,,,,,,*4C


$AIS,0,273397740,3,0.0,0.0,15.340300,54.831882,153.7,246.0,-38912.39,-6903.35,,1,,,,,,,,,,,,,,,*69


$OWN,0,261187000,0,100000.0,4.2,15.946078,54.895432,152.7,198.0,0.0,0.0,,1,,,,,,,,,,,,,,,*6A


$WIND,,,T,,,R*12


$AIS,0,273370640,3,-6.4,0.1,15.355496,54.832787,186.9,343.0,-37935.20,-6808.54,,1,,,,,,,,,,,,,,,*47


$AIS,0,273392360,0,0.0,0.1,15.394268,54.827003,179.5,79.0,-35449.84,-7472.34,,1,,,,,,,,,,,,,,,*5F


$AIS,0,259016000,0,0.0,12.1,15.561067,55.324749,282.0,283.0,-24429.07,47844.94,,1,,,,,,,,,,,,,,,*4D


$AIS,0,273397740,3,0.0,0.0,15.340300,54.831882,153.7,246.0,-38912.20,-6900.81,,1,,,,,,,,,,,,,,,*6D


$OWN,0,261187000,0,100000.0,4.2,15.946075,54.895409,155.5,201.0,0.0,0.0,,1,,,,,,,,,,,,,,,*69


$WIND,,,T,,,R*12


$AIS,0,273370640,3,6.4,0.0,15.355516,54.832790,,343.0,-37933.78,-6806.00,,1,,,,,,,,,,,,,,,*48


$AIS,0,259016000,0,0.0,12.1,15.561067,55.324749,282.0,283.0,-24428.95,47847.06,,1,,,,,,,,,,,,,,,*4F


$AIS,0,273397740,3,0.0,0.0,15.340300,54.831882,153.7,246.0,-38912.08,-6898.69,,1,,,,,,,,,,,,,,,*61


$OWN,0,261187000,0,100000.0,4.2,15.946074,54.895390,158.3,204.0,0.0,0.0,,1,,,,,,,,,,,,,,,*61


$WIND,,,T,,,R*12


$AIS,0,273370640,3,6.4,0.0,15.355516,54.832790,,343.0,-37933.48,-6803.46,,1,,,,,,,,,,,,,,,*4C


$AIS,0,259016000,0,0.0,12.1,15.561067,55.324749,282.0,283.0,-24428.64,47849.60,,1,,,,,,,,,,,,,,,*4F


$AIS,0,273397740,3,0.0,0.0,15.340300,54.831882,153.7,246.0,-38911.77,-6896.14,,1,,,,,,,,,,,,,,,*6E


$OWN,0,261187000,0,100000.0,4.2,15.946069,54.895367,161.1,206.0,0.0,0.0,,1,,,,,,,,,,,,,,,*6F


$WIND,,,T,,,R*12


$AIS,0,273370640,3,6.4,0.0,15.355516,54.832790,,343.0,-37933.11,-6801.34,,1,,,,,,,,,,,,,,,*47


$AIS,0,273397740,3,0.0,0.0,15.340300,54.831882,153.7,246.0,-38911.41,-6894.02,,1,,,,,,,,,,,,,,,*6E


$OWN,0,261187000,0,100000.0,4.1,15.946056,54.895329,166.6,209.0,0.0,0.0,,1,,,,,,,,,,,,,,,*65


$WIND,,,T,,,R*12


$AIS,0,273370640,3,6.4,0.0,15.355516,54.832790,,343.0,-37932.68,-6799.22,,1,,,,,,,,,,,,,,,*41


$AIS,0,273397740,3,0.0,0.0,15.340300,54.831882,153.7,246.0,-38910.98,-6891.90,,1,,,,,,,,,,,,,,,*65


$OWN,0,261187000,0,100000.0,4.1,15.946047,54.895306,169.3,211.0,0.0,0.0,,1,,,,,,,,,,,,,,,*6B


$WIND,,,T,,,R*12


$AIS,0,273370640,3,6.4,0.0,15.355516,54.832790,,343.0,-37932.07,-6796.68,,1,,,,,,,,,,,,,,,*49


$OWN,0,261187000,0,100000.0,4.1,15.946036,54.895287,172.1,214.0,0.0,0.0,,1,,,,,,,,,,,,,,,*68


$WIND,,,T,,,R*12


$AIS,0,273370640,3,6.4,0.0,15.355516,54.832790,,343.0,-37931.39,-6794.56,,1,,,,,,,,,,,,,,,*48


$OWN,0,261187000,0,100000.0,4.1,15.946025,54.895267,174.8,216.0,0.0,0.0,,1,,,,,,,,,,,,,,,*69


$WIND,,,T,,,R*12


$AIS,0,273370640,3,6.4,0.0,15.355516,54.832790,,343.0,-37930.66,-6792.45,,1,,,,,,,,,,,,,,,*47


$OWN,0,261187000,0,100000.0,4.1,15.946012,54.895248,177.3,219.0,0.0,0.0,,1,,,,,,,,,,,,,,,*67


$WIND,,,T,,,R*12


$AIS,0,273370640,3,6.4,0.0,15.355516,54.832790,,343.0,-37929.80,-6790.33,,1,,,,,,,,,,,,,,,*44


$OWN,0,261187000,0,100000.0,4.0,15.945996,54.895229,180.1,221.0,0.0,0.0,,1,,,,,,,,,,,,,,,*66


$WIND,,,T,,,R*12


$AIS,0,273370640,3,6.4,0.0,15.355516,54.832790,,343.0,-37928.82,-6788.22,,1,,,,,,,,,,,,,,,*4E


$OWN,0,261187000,0,100000.0,4.0,15.945980,54.895210,182.9,224.0,0.0,0.0,,1,,,,,,,,,,,,,,,*64


$WIND,,,T,,,R*12


$AIS,0,273370640,3,6.4,0.0,15.355516,54.832790,,343.0,-37927.78,-6786.10,,1,,,,,,,,,,,,,,,*4B


$OWN,0,261187000,0,100000.0,4.0,15.945963,54.895195,185.5,226.0,0.0,0.0,,1,,,,,,,,,,,,,,,*6E


$WIND,,,T,,,R*12


$OWN,0,261187000,0,100000.0,4.0,15.945943,54.895176,188.1,229.0,0.0,0.0,,1,,,,,,,,,,,,,,,*67


$WIND,,,T,,,R*12


$AIS,0,259016000,0,0.0,12.1,15.559334,55.324966,282.0,282.0,-24530.47,47895.59,,1,,,,,,,,,,,,,,,*41


$OWN,0,261187000,0,100000.0,4.0,15.945924,54.895161,190.8,234.0,0.0,0.0,,1,,,,,,,,,,,,,,,*6C


$WIND,,,T,,,R*12


$AIS,0,259016000,0,0.0,12.1,15.559334,55.324966,282.0,282.0,-24529.26,47897.28,,1,,,,,,,,,,,,,,,*4A


$OWN,0,261187000,0,100000.0,4.0,15.945902,54.895142,193.4,236.0,0.0,0.0,,1,,,,,,,,,,,,,,,*64


$WIND,,,T,,,R*12


$AIS,0,259016000,0,0.0,12.1,15.559334,55.324966,282.0,282.0,-24527.87,47899.39,,1,,,,,,,,,,,,,,,*41


$OWN,0,261187000,0,100000.0,4.0,15.945855,54.895111,198.7,239.0,0.0,0.0,,1,,,,,,,,,,,,,,,*66


$WIND,,,T,,,R*12


$AIS,0,259016000,0,0.0,12.1,15.559334,55.324966,282.0,282.0,-24524.90,47902.77,,1,,,,,,,,,,,,,,,*4D


$OWN,0,261187000,0,100000.0,4.0,15.945830,54.895100,201.3,242.0,0.0,0.0,,1,,,,,,,,,,,,,,,*6E


$WIND,,,T,,,R*12


$AIS,0,259016000,0,0.0,12.1,15.559334,55.324966,282.0,282.0,-24523.33,47904.04,,1,,,,,,,,,,,,,,,*41


$OWN,0,261187000,0,100000.0,4.0,15.945805,54.895084,203.9,244.0,0.0,0.0,,1,,,,,,,,,,,,,,,*6B


$WIND,,,T,,,R*12


$AIS,0,259016000,0,0.0,12.1,15.559334,55.324966,282.0,282.0,-24521.70,47905.73,,1,,,,,,,,,,,,,,,*45


$OWN,0,261187000,0,100000.0,4.0,15.945805,54.895084,203.9,244.0,0.0,0.0,,1,,,,,,,,,,,,,,,*6B


$WIND,,,T,,,R*12


$AIS,0,259016000,0,0.0,12.1,15.559334,55.324966,282.0,282.0,-24521.70,47905.73,,1,,,,,,,,,,,,,,,*45


$OWN,0,261187000,0,100000.0,4.0,15.945777,54.895069,206.5,247.0,0.0,0.0,,1,,,,,,,,,,,,,,,*68


$WIND,,,T,,,R*12


$AIS,0,259016000,0,0.0,12.1,15.559334,55.324966,282.0,282.0,-24519.94,47907.42,,1,,,,,,,,,,,,,,,*44


$AIS,0,273418870,0,0.0,0.4,15.291180,54.827644,96.8,46.0,-42052.62,-7306.42,,1,,,,,,,,,,,,,,,*63


$OWN,0,261187000,0,100000.0,4.0,15.945750,54.895058,209.1,249.0,0.0,0.0,,1,,,,,,,,,,,,,,,*6A


$WIND,,,T,,,R*12


$AIS,0,259016000,0,0.0,12.1,15.559334,55.324966,282.0,282.0,-24518.25,47908.68,,1,,,,,,,,,,,,,,,*48


$AIS,0,273418870,0,0.0,0.4,15.291180,54.827644,96.8,46.0,-42050.91,-7305.16,,1,,,,,,,,,,,,,,,*6F


$OWN,0,261187000,0,100000.0,4.0,15.945720,54.895046,211.8,252.0,0.0,0.0,,1,,,,,,,,,,,,,,,*68


$WIND,,,T,,,R*12


$AIS,0,259016000,0,0.0,12.1,15.559334,55.324966,282.0,282.0,-24516.31,47909.94,,1,,,,,,,,,,,,,,,*41


$AIS,0,273418870,0,0.0,0.4,15.291180,54.827644,96.8,46.0,-42048.95,-7303.91,,1,,,,,,,,,,,,,,,*6B


$OWN,0,261187000,0,100000.0,4.0,15.945692,54.895035,214.4,254.0,0.0,0.0,,1,,,,,,,,,,,,,,,*6B


$WIND,,,T,,,R*12


$AIS,0,273418870,0,0.0,0.4,15.291180,54.827644,96.8,46.0,-42047.17,-7302.65,,1,,,,,,,,,,,,,,,*64


$OWN,0,261187000,0,100000.0,4.0,15.945662,54.895027,217.0,257.0,0.0,0.0,,1,,,,,,,,,,,,,,,*63


$WIND,,,T,,,R*12


$AIS,0,273418870,0,0.0,0.4,15.291180,54.827644,96.8,46.0,-42043.19,-7300.99,,1,,,,,,,,,,,,,,,*6F


$OWN,0,261187000,0,100000.0,4.0,15.945630,54.895020,219.6,260.0,0.0,0.0,,1,,,,,,,,,,,,,,,*6F


$WIND,,,T,,,R*12


$AIS,0,273418870,0,0.0,0.4,15.291180,54.827644,96.8,46.0,-42041.04,-7299.74,,1,,,,,,,,,,,,,,,*63


$OWN,0,261187000,0,100000.0,4.0,15.945597,54.895008,222.4,262.0,0.0,0.0,,1,,,,,,,,,,,,,,,*63


$WIND,,,T,,,R*12


$AIS,0,273418870,0,0.0,0.4,15.291180,54.827644,96.8,46.0,-42039.02,-7298.91,,1,,,,,,,,,,,,,,,*60


$OWN,0,261187000,0,100000.0,3.9,15.945565,54.895000,225.0,265.0,0.0,0.0,,1,,,,,,,,,,,,,,,*6C


$WIND,,,T,,,R*12


$AIS,0,273418870,0,0.0,0.4,15.291180,54.827644,96.8,46.0,-42036.88,-7298.50,,1,,,,,,,,,,,,,,,*60


$OWN,0,261187000,0,100000.0,4.0,15.945532,54.894997,227.7,268.0,0.0,0.0,,1,,,,,,,,,,,,,,,*6E


$WIND,,,T,,,R*12


$AIS,0,273418870,0,0.0,0.4,15.291180,54.827644,96.8,46.0,-42034.61,-7297.68,,1,,,,,,,,,,,,,,,*61


$OWN,0,261187000,0,100000.0,3.9,15.945497,54.894989,230.1,270.0,0.0,0.0,,1,,,,,,,,,,,,,,,*68


$WIND,,,T,,,R*12


$AIS,0,273418870,0,0.0,0.4,15.291180,54.827644,96.8,46.0,-42032.47,-7297.27,,1,,,,,,,,,,,,,,,*68


$OWN,0,261187000,0,100000.0,3.9,15.945463,54.894985,232.7,273.0,0.0,0.0,,1,,,,,,,,,,,,,,,*68


$WIND,,,T,,,R*12


$OWN,0,261187000,0,100000.0,4.0,15.945394,54.894978,237.9,275.0,0.0,0.0,,1,,,,,,,,,,,,,,,*66


$WIND,,,T,,,R*12


$OWN,0,261187000,0,100000.0,3.9,15.945360,54.894974,240.6,278.0,0.0,0.0,,1,,,,,,,,,,,,,,,*6D


$WIND,,,T,,,R*12


$OWN,0,261187000,0,100000.0,3.9,15.945325,54.894974,243.3,280.0,0.0,0.0,,1,,,,,,,,,,,,,,,*6D


$WIND,,,T,,,R*12


$OWN,0,261187000,0,100000.0,3.9,15.945289,54.894970,245.9,283.0,0.0,0.0,,1,,,,,,,,,,,,,,,*61


$WIND,,,T,,,R*12


$OWN,0,261187000,0,100000.0,3.9,15.945289,54.894970,245.9,286.0,0.0,0.0,,1,,,,,,,,,,,,,,,*64


$WIND,,,T,,,R*12


$OWN,0,261187000,0,100000.0,3.9,15.945253,54.894974,248.6,288.0,0.0,0.0,,1,,,,,,,,,,,,,,,*6B


$WIND,,,T,,,R*12


$OWN,0,261187000,0,100000.0,3.9,15.945185,54.894978,253.9,291.0,0.0,0.0,,1,,,,,,,,,,,,,,,*62


$WIND,,,T,,,R*12


$OWN,0,261187000,0,100000.0,3.9,15.945150,54.894981,256.6,293.0,0.0,0.0,,1,,,,,,,,,,,,,,,*64


$WIND,,,T,,,R*12


$OWN,0,261187000,0,100000.0,3.9,15.945117,54.894985,259.0,296.0,0.0,0.0,,1,,,,,,,,,,,,,,,*6F


$WIND,,,T,,,R*12


$OWN,0,261187000,0,100000.0,3.9,15.945084,54.894989,261.6,299.0,0.0,0.0,,1,,,,,,,,,,,,,,,*6A


$WIND,,,T,,,R*12


$OWN,0,261187000,0,100000.0,3.9,15.945048,54.894997,264.2,301.0,0.0,0.0,,1,,,,,,,,,,,,,,,*64


$WIND,,,T,,,R*12


$OWN,0,261187000,0,100000.0,3.9,15.945015,54.895000,266.8,304.0,0.0,0.0,,1,,,,,,,,,,,,,,,*67


$WIND,,,T,,,R*12


$OWN,0,261187000,0,100000.0,3.9,15.944983,54.895008,269.5,307.0,0.0,0.0,,1,,,,,,,,,,,,,,,*69


$WIND,,,T,,,R*12


$OWN,0,261187000,0,100000.0,3.9,15.944953,54.895020,272.2,309.0,0.0,0.0,,1,,,,,,,,,,,,,,,*6D


$WIND,,,T,,,R*12


$OWN,0,261187000,0,100000.0,3.9,15.944953,54.895020,272.2,312.0,0.0,0.0,,1,,,,,,,,,,,,,,,*67


$WIND,,,T,,,R*12


$OWN,0,261187000,0,100000.0,3.9,15.944921,54.895027,274.9,315.0,0.0,0.0,,1,,,,,,,,,,,,,,,*6F


$WIND,,,T,,,R*12


$OWN,0,261187000,0,100000.0,3.9,15.944893,54.895039,277.8,317.0,0.0,0.0,,1,,,,,,,,,,,,,,,*68


$WIND,,,T,,,R*12


$OWN,0,261187000,0,100000.0,3.9,15.944863,54.895050,280.5,320.0,0.0,0.0,,1,,,,,,,,,,,,,,,*69


$WIND,,,T,,,R*12


$OWN,0,261187000,0,100000.0,3.9,15.944835,54.895061,283.3,323.0,0.0,0.0,,1,,,,,,,,,,,,,,,*6E


$WIND,,,T,,,R*12


$OWN,0,261187000,0,100000.0,3.9,15.944810,54.895077,286.1,326.0,0.0,0.0,,1,,,,,,,,,,,,,,,*6C


$WIND,,,T,,,R*12


$OWN,0,261187000,0,100000.0,3.9,15.944783,54.895088,288.7,328.0,0.0,0.0,,1,,,,,,,,,,,,,,,*6F


$WIND,,,T,,,R*12


$OWN,0,261187000,0,100000.0,3.9,15.944758,54.895103,291.5,331.0,0.0,0.0,,1,,,,,,,,,,,,,,,*69


$WIND,,,T,,,R*12


$OWN,0,261187000,0,100000.0,3.9,15.944735,54.895115,294.1,334.0,0.0,0.0,,1,,,,,,,,,,,,,,,*61


$WIND,,,T,,,R*12


$OWN,0,261187000,0,100000.0,3.9,15.944714,54.895134,296.8,337.0,0.0,0.0,,1,,,,,,,,,,,,,,,*69


$WIND,,,T,,,R*12


$OWN,0,261187000,0,100000.0,3.9,15.944692,54.895149,299.5,340.0,0.0,0.0,,1,,,,,,,,,,,,,,,*6E


$WIND,,,T,,,R*12


$OWN,0,261187000,0,100000.0,3.9,15.944674,54.895164,302.3,343.0,0.0,0.0,,1,,,,,,,,,,,,,,,*6F


$WIND,,,T,,,R*12


$OWN,0,261187000,0,100000.0,3.9,15.944655,54.895184,305.0,345.0,0.0,0.0,,1,,,,,,,,,,,,,,,*60


$WIND,,,T,,,R*12


$OWN,0,261187000,0,100000.0,3.9,15.944638,54.895199,307.8,345.0,0.0,0.0,,1,,,,,,,,,,,,,,,*6D


$WIND,,,T,,,R*12


$OWN,0,261187000,0,100000.0,3.9,15.944623,54.895218,310.4,348.0,0.0,0.0,,1,,,,,,,,,,,,,,,*6A


$WIND,,,T,,,R*12


$OWN,0,261187000,0,100000.0,3.9,15.944609,54.895233,313.1,351.0,0.0,0.0,,1,,,,,,,,,,,,,,,*65


$WIND,,,T,,,R*12


$OWN,0,261187000,0,100000.0,3.9,15.944596,54.895252,315.7,353.0,0.0,0.0,,1,,,,,,,,,,,,,,,*65


$WIND,,,T,,,R*12


$OWN,0,261187000,0,100000.0,3.9,15.944585,54.895275,318.2,355.0,0.0,0.0,,1,,,,,,,,,,,,,,,*6C


$WIND,,,T,,,R*12


$OWN,0,261187000,0,100000.0,3.9,15.944573,54.895290,320.8,357.0,0.0,0.0,,1,,,,,,,,,,,,,,,*6D


$WIND,,,T,,,R*12


$OWN,0,261187000,0,100000.0,4.0,15.944555,54.895332,325.8,1.0,0.0,0.0,,1,,,,,,,,,,,,,,,*6B


$WIND,,,T,,,R*12


$OWN,0,261187000,0,100000.0,4.0,15.944549,54.895355,328.4,3.0,0.0,0.0,,1,,,,,,,,,,,,,,,*64


$WIND,,,T,,,R*12


$OWN,0,261187000,0,100000.0,4.0,15.944543,54.895374,330.8,4.0,0.0,0.0,,1,,,,,,,,,,,,,,,*6F


$WIND,,,T,,,R*12


$OWN,0,261187000,0,100000.0,4.1,15.944538,54.895397,333.4,5.0,0.0,0.0,,1,,,,,,,,,,,,,,,*61


$WIND,,,T,,,R*12


$OWN,0,261187000,0,100000.0,4.1,15.944538,54.895397,333.4,7.0,0.0,0.0,,1,,,,,,,,,,,,,,,*63


$WIND,,,T,,,R*12


$OWN,0,261187000,0,100000.0,4.1,15.944536,54.895420,335.8,8.0,0.0,0.0,,1,,,,,,,,,,,,,,,*63


$WIND,,,T,,,R*12


