

$AIS,0,273397740,3,100000.0,0.8,15.341850,54.833984,156.5,160.0,-40664.79,3900.86,,1,,,,,,,,,,,,,,,*7C


$AIS,0,371281000,0,0.0,9.6,15.651605,54.738266,263.1,260.0,-20817.87,-6885.91,,1,,,,,,,,,,,,,,,*6B


$AIS,0,273370640,3,2.9,0.0,15.355489,54.832829,,343.0,-39789.91,3764.42,,1,,,,,,,,,,,,,,,*68


$OWN,0,261187000,0,100000.0,11.3,15.974952,54.800529,176.9,180.0,0.0,0.0,,1,,,,,,,,,,,,,,,*59


$WIND,,,T,,,R*12


$AIS,0,273397740,3,100000.0,0.8,15.341850,54.833984,156.5,160.0,-40665.34,3906.38,,1,,,,,,,,,,,,,,,*77


$AIS,0,371281000,0,0.0,9.6,15.651605,54.738266,263.1,260.0,-20818.43,-6880.39,,1,,,,,,,,,,,,,,,*6B


$AIS,0,273370640,3,2.9,0.0,15.355489,54.832829,,343.0,-39790.46,3769.94,,1,,,,,,,,,,,,,,,*6C


$OWN,0,261187000,0,100000.0,11.3,15.974958,54.800476,176.8,180.0,0.0,0.0,,1,,,,,,,,,,,,,,,*59


$WIND,,,T,,,R*12


$AIS,0,371281000,0,0.0,9.6,15.651605,54.738266,263.1,260.0,-20818.86,-6874.44,,1,,,,,,,,,,,,,,,*63


$AIS,0,273370640,3,2.9,0.0,15.355489,54.832829,,343.0,-39790.89,3775.88,,1,,,,,,,,,,,,,,,*6F


$OWN,0,261187000,0,100000.0,11.3,15.974963,54.800423,176.7,181.0,0.0,0.0,,1,,,,,,,,,,,,,,,*5F


$WIND,,,T,,,R*12


$AIS,0,371281000,0,0.0,9.6,15.651605,54.738266,263.1,260.0,-20819.16,-6868.50,,1,,,,,,,,,,,,,,,*63


$AIS,0,273370640,3,2.9,0.0,15.355489,54.832829,,343.0,-39791.19,3781.83,,1,,,,,,,,,,,,,,,*67


$AIS,0,273399760,3,0.0,0.0,15.349564,54.830208,225.6,231.0,-40174.39,3493.60,,1,,,,,,,,,,,,,,,*49


$OWN,0,261187000,0,100000.0,11.3,15.974968,54.800369,176.9,182.0,0.0,0.0,,1,,,,,,,,,,,,,,,*50


$WIND,,,T,,,R*12


$AIS,0,371281000,0,0.0,9.6,15.651605,54.738266,263.1,260.0,-20819.47,-6862.55,,1,,,,,,,,,,,,,,,*68


$AIS,0,273370640,3,2.9,0.0,15.355489,54.832829,,343.0,-39791.50,3787.78,,1,,,,,,,,,,,,,,,*68


$AIS,0,273399760,3,0.0,0.0,15.349564,54.830208,225.6,231.0,-40174.69,3499.54,,1,,,,,,,,,,,,,,,*41


$OWN,0,261187000,0,100000.0,11.3,15.974968,54.800320,177.1,183.0,0.0,0.0,,1,,,,,,,,,,,,,,,*55


$WIND,,,T,,,R*12


$AIS,0,371281000,0,0.0,9.6,15.651605,54.738266,263.1,260.0,-20819.47,-6857.04,,1,,,,,,,,,,,,,,,*6A


$AIS,0,273370640,3,2.9,0.0,15.355489,54.832829,,343.0,-39791.50,3793.29,,1,,,,,,,,,,,,,,,*69


$AIS,0,273399760,3,0.0,0.0,15.349564,54.830208,225.6,231.0,-40174.69,3505.06,,1,,,,,,,,,,,,,,,*42


$OWN,0,261187000,0,100000.0,11.3,15.974970,54.800266,177.4,184.0,0.0,0.0,,1,,,,,,,,,,,,,,,*5D


$WIND,,,T,,,R*12


$AIS,0,371281000,0,0.0,9.6,15.651605,54.738266,263.1,260.0,-20819.59,-6851.09,,1,,,,,,,,,,,,,,,*6E


$AIS,0,273370640,3,2.9,0.0,15.355489,54.832829,,343.0,-39791.62,3799.24,,1,,,,,,,,,,,,,,,*6F


$AIS,0,273399760,3,0.0,0.0,15.349564,54.830208,225.6,231.0,-40174.82,3511.00,,1,,,,,,,,,,,,,,,*44


$OWN,0,261187000,0,100000.0,11.3,15.974972,54.800213,177.6,185.0,0.0,0.0,,1,,,,,,,,,,,,,,,*5E


$WIND,,,T,,,R*12


$AIS,0,273370640,3,2.9,0.0,15.355489,54.832829,,343.0,-39791.74,3805.18,,1,,,,,,,,,,,,,,,*6D


$AIS,0,273399760,3,0.0,0.0,15.349564,54.830208,225.6,231.0,-40174.94,3516.95,,1,,,,,,,,,,,,,,,*48


$OWN,0,261187000,0,100000.0,11.3,15.974972,54.800163,177.8,187.0,0.0,0.0,,1,,,,,,,,,,,,,,,*56


$WIND,,,T,,,R*12


$AIS,0,273399760,3,0.0,0.0,15.349564,54.830208,225.6,231.0,-40174.94,3522.47,,1,,,,,,,,,,,,,,,*40


$AIS,0,273212470,3,0.0,0.0,15.326225,54.826260,231.5,250.0,-41678.19,3096.76,,1,,,,,,,,,,,,,,,*44


$OWN,0,261187000,0,100000.0,11.3,15.974972,54.800110,178.0,189.0,0.0,0.0,,1,,,,,,,,,,,,,,,*5B


$WIND,,,T,,,R*12


$AIS,0,273399760,3,0.0,0.0,15.349564,54.830208,225.6,231.0,-40174.94,3528.41,,1,,,,,,,,,,,,,,,*4C


$AIS,0,273212470,3,0.0,0.0,15.326225,54.826260,231.5,250.0,-41678.19,3102.70,,1,,,,,,,,,,,,,,,*4E


$OWN,0,261187000,0,100000.0,11.3,15.974972,54.800056,178.2,191.0,0.0,0.0,,1,,,,,,,,,,,,,,,*53


$WIND,,,T,,,R*12


$AIS,0,273399760,3,0.0,0.0,15.349564,54.830208,225.6,231.0,-40174.94,3534.35,,1,,,,,,,,,,,,,,,*42


$AIS,0,273212470,3,0.0,0.0,15.326225,54.826260,231.5,250.0,-41678.19,3108.65,,1,,,,,,,,,,,,,,,*40


$OWN,0,261187000,0,100000.0,11.3,15.974972,54.800007,178.5,194.0,0.0,0.0,,1,,,,,,,,,,,,,,,*55


$WIND,,,T,,,R*12


$AIS,0,273399760,3,0.0,0.0,15.349564,54.830208,225.6,231.0,-40174.94,3539.87,,1,,,,,,,,,,,,,,,*46


$AIS,0,273212470,3,0.0,0.0,15.326225,54.826260,231.5,250.0,-41678.19,3114.17,,1,,,,,,,,,,,,,,,*48


$OWN,0,261187000,0,100000.0,11.2,15.974968,54.799953,178.9,197.0,0.0,0.0,,1,,,,,,,,,,,,,,,*57


$WIND,,,T,,,R*12


$AIS,0,273399760,3,-0.0,0.0,15.349575,54.830212,225.6,231.0,-40173.95,3546.23,,1,,,,,,,,,,,,,,,*60


$AIS,0,273212470,3,0.0,0.0,15.326225,54.826260,231.5,250.0,-41677.94,3120.11,,1,,,,,,,,,,,,,,,*43


$AIS,0,273418880,0,0.0,0.4,15.457423,54.812725,139.2,79.0,-33260.45,1543.94,,1,,,,,,,,,,,,,,,*79


$OWN,0,261187000,0,100000.0,11.2,15.974961,54.799908,179.5,200.0,0.0,0.0,,1,,,,,,,,,,,,,,,*50


$WIND,,,T,,,R*12


$AIS,0,273399760,3,-0.0,0.0,15.349575,54.830212,225.6,231.0,-40173.53,3551.32,,1,,,,,,,,,,,,,,,*6C


$AIS,0,273212470,3,0.0,0.0,15.326225,54.826260,231.5,250.0,-41677.52,3125.20,,1,,,,,,,,,,,,,,,*4E


$AIS,0,273418880,0,0.0,0.4,15.457423,54.812725,139.2,79.0,-33260.02,1549.03,,1,,,,,,,,,,,,,,,*7E


$OWN,0,261187000,0,100000.0,11.1,15.974950,54.799858,180.4,203.0,0.0,0.0,,1,,,,,,,,,,,,,,,*51


$WIND,,,T,,,R*12


$AIS,0,273399760,3,-0.0,0.0,15.349575,54.830212,225.6,231.0,-40172.79,3556.83,,1,,,,,,,,,,,,,,,*68


$AIS,0,273212470,3,0.0,0.0,15.326225,54.826260,231.5,250.0,-41676.78,3130.71,,1,,,,,,,,,,,,,,,*47


$AIS,0,273418880,0,0.0,0.4,15.457423,54.812725,139.2,79.0,-33259.28,1554.54,,1,,,,,,,,,,,,,,,*72


$OWN,0,261187000,0,100000.0,11.1,15.974934,54.799809,181.4,206.0,0.0,0.0,,1,,,,,,,,,,,,,,,*53


$WIND,,,T,,,R*12


$AIS,0,273399760,3,-0.0,0.0,15.349575,54.830212,225.6,231.0,-40171.75,3562.34,,1,,,,,,,,,,,,,,,*6C


$AIS,0,273212470,3,0.0,0.0,15.326225,54.826260,231.5,250.0,-41675.74,3136.22,,1,,,,,,,,,,,,,,,*48


$AIS,0,273418880,0,0.0,0.4,15.457423,54.812725,139.2,79.0,-33258.24,1560.05,,1,,,,,,,,,,,,,,,*7C


$OWN,0,261187000,0,100000.0,11.0,15.974914,54.799763,182.6,210.0,0.0,0.0,,1,,,,,,,,,,,,,,,*55


$WIND,,,T,,,R*12


$AIS,0,273399760,3,-0.0,0.0,15.349575,54.830212,225.6,231.0,-40170.46,3567.42,,1,,,,,,,,,,,,,,,*69


$AIS,0,273212470,3,0.0,0.0,15.326225,54.826260,231.5,250.0,-41674.45,3141.30,,1,,,,,,,,,,,,,,,*48


$AIS,0,273418880,0,0.0,0.4,15.457423,54.812725,139.2,79.0,-33256.95,1565.14,,1,,,,,,,,,,,,,,,*7D


$OWN,0,261187000,0,100000.0,10.8,15.974890,54.799717,183.8,214.0,0.0,0.0,,1,,,,,,,,,,,,,,,*59


$WIND,,,T,,,R*12


$AIS,0,273399760,3,-0.0,0.0,15.349575,54.830212,225.6,231.0,-40168.93,3572.50,,1,,,,,,,,,,,,,,,*6F


$AIS,0,273212470,3,0.0,0.0,15.326225,54.826260,231.5,250.0,-41672.92,3146.38,,1,,,,,,,,,,,,,,,*4B


$AIS,0,273418880,0,0.0,0.4,15.457423,54.812725,139.2,79.0,-33255.42,1570.22,,1,,,,,,,,,,,,,,,*75


$OWN,0,261187000,0,100000.0,10.7,15.974863,54.799675,185.3,217.0,0.0,0.0,,1,,,,,,,,,,,,,,,*51


$WIND,,,T,,,R*12


$AIS,0,273399760,3,-0.0,0.0,15.349575,54.830212,225.6,231.0,-40167.22,3577.15,,1,,,,,,,,,,,,,,,*6E


$AIS,0,273418880,0,0.0,0.4,15.457423,54.812725,139.2,79.0,-33253.70,1574.87,,1,,,,,,,,,,,,,,,*79


$OWN,0,261187000,0,100000.0,10.6,15.974833,54.799633,186.9,221.0,0.0,0.0,,1,,,,,,,,,,,,,,,*5B


$WIND,,,T,,,R*12


$AIS,0,273399760,3,-0.0,0.0,15.349575,54.830212,225.6,231.0,-40165.32,3581.81,,1,,,,,,,,,,,,,,,*69


$AIS,0,273418880,0,0.0,0.4,15.457423,54.812725,139.2,79.0,-33251.80,1579.53,,1,,,,,,,,,,,,,,,*70


$OWN,0,261187000,0,100000.0,10.4,15.974800,54.799591,188.5,225.0,0.0,0.0,,1,,,,,,,,,,,,,,,*54


$WIND,,,T,,,R*12


$AIS,0,273399760,3,-0.0,0.0,15.349575,54.830212,225.6,231.0,-40163.17,3586.46,,1,,,,,,,,,,,,,,,*64


$AIS,0,273418880,0,0.0,0.4,15.457423,54.812725,139.2,79.0,-33249.66,1584.18,,1,,,,,,,,,,,,,,,*7C


$OWN,0,261187000,0,100000.0,10.3,15.974765,54.799557,190.1,228.0,0.0,0.0,,1,,,,,,,,,,,,,,,*55


$WIND,,,T,,,R*12


$AIS,0,273399760,3,-0.0,0.0,15.349575,54.830212,225.6,231.0,-40160.91,3590.26,,1,,,,,,,,,,,,,,,*68


$AIS,0,273418880,0,0.0,0.4,15.457423,54.812725,139.2,79.0,-33247.39,1587.99,,1,,,,,,,,,,,,,,,*72


$OWN,0,261187000,0,100000.0,9.8,15.974685,54.799488,194.1,232.0,0.0,0.0,,1,,,,,,,,,,,,,,,*65


$WIND,,,T,,,R*12


$AIS,0,273399760,3,-0.0,0.0,15.349585,54.830212,225.6,231.0,-40155.15,3597.85,,1,,,,,,,,,,,,,,,*63


$AIS,0,273418880,0,0.0,0.4,15.457423,54.812725,139.2,79.0,-33242.24,1595.59,,1,,,,,,,,,,,,,,,*74


$OWN,0,261187000,0,100000.0,9.6,15.974642,54.799458,196.2,236.0,0.0,0.0,,1,,,,,,,,,,,,,,,*68


$WIND,,,T,,,R*12


$AIS,0,273399760,3,-0.0,0.0,15.349585,54.830212,225.6,231.0,-40152.39,3601.22,,1,,,,,,,,,,,,,,,*6B


$OWN,0,261187000,0,100000.0,9.4,15.974597,54.799431,198.4,240.0,0.0,0.0,,1,,,,,,,,,,,,,,,*67


$WIND,,,T,,,R*12


$AIS,0,273399760,3,-0.0,0.0,15.349585,54.830212,225.6,231.0,-40149.51,3604.16,,1,,,,,,,,,,,,,,,*6D


$OWN,0,261187000,0,100000.0,9.4,15.974597,54.799431,198.4,243.0,0.0,0.0,,1,,,,,,,,,,,,,,,*64


$WIND,,,T,,,R*12


$AIS,0,273399760,3,-0.0,0.0,15.349585,54.830212,225.6,231.0,-40149.51,3604.16,,1,,,,,,,,,,,,,,,*6D


$OWN,0,261187000,0,100000.0,9.2,15.974550,54.799404,200.7,247.0,0.0,0.0,,1,,,,,,,,,,,,,,,*6A


$WIND,,,T,,,R*12


$AIS,0,273399760,3,-0.0,0.0,15.349585,54.830212,225.6,231.0,-40146.51,3607.11,,1,,,,,,,,,,,,,,,*66


$OWN,0,261187000,0,100000.0,8.9,15.974502,54.799385,203.1,251.0,0.0,0.0,,1,,,,,,,,,,,,,,,*6B


$WIND,,,T,,,R*12


$AIS,0,273399760,3,-0.0,0.0,15.349585,54.830212,225.6,231.0,-40143.38,3609.20,,1,,,,,,,,,,,,,,,*60


$OWN,0,261187000,0,100000.0,8.7,15.974453,54.799362,205.4,251.0,0.0,0.0,,1,,,,,,,,,,,,,,,*6A


$WIND,,,T,,,R*12


$AIS,0,273399760,3,-0.0,0.0,15.349585,54.830212,225.6,231.0,-40137.20,3613.82,,1,,,,,,,,,,,,,,,*69


$OWN,0,261187000,0,100000.0,8.4,15.974405,54.799343,207.8,254.0,0.0,0.0,,1,,,,,,,,,,,,,,,*62


$WIND,,,T,,,R*12


$AIS,0,273399760,3,-0.0,0.0,15.349585,54.830212,225.6,231.0,-40137.20,3613.82,,1,,,,,,,,,,,,,,,*69


$AIS,0,273212470,3,0.0,0.0,15.326223,54.826260,202.6,,-41641.92,3187.69,,1,,,,,,,,,,,,,,,*6E


$OWN,0,261187000,0,100000.0,7.9,15.974307,54.799316,213.0,262.0,0.0,0.0,,1,,,,,,,,,,,,,,,*6D


$WIND,,,T,,,R*12


$AIS,0,273399760,3,-0.0,0.0,15.349585,54.830212,225.6,231.0,-40130.89,3616.73,,1,,,,,,,,,,,,,,,*66


$AIS,0,273212470,3,0.0,0.0,15.326223,54.826260,202.6,,-41635.61,3190.60,,1,,,,,,,,,,,,,,,*6E


$OWN,0,261187000,0,100000.0,7.7,15.974258,54.799305,215.6,265.0,0.0,0.0,,1,,,,,,,,,,,,,,,*6D


$WIND,,,T,,,R*12


$AIS,0,273399760,3,-0.0,0.0,15.349585,54.830212,225.6,231.0,-40127.76,3617.98,,1,,,,,,,,,,,,,,,*64


$AIS,0,273212470,3,0.0,0.0,15.326223,54.826260,202.6,,-41632.48,3191.85,,1,,,,,,,,,,,,,,,*68


$OWN,0,261187000,0,100000.0,7.5,15.974210,54.799294,218.2,269.0,0.0,0.0,,1,,,,,,,,,,,,,,,*6F


$WIND,,,T,,,R*12


$AIS,0,273212470,3,0.0,0.0,15.326223,54.826260,202.6,,-41629.36,3193.09,,1,,,,,,,,,,,,,,,*6D


$OWN,0,261187000,0,100000.0,7.3,15.974162,54.799286,220.9,272.0,0.0,0.0,,1,,,,,,,,,,,,,,,*66


$WIND,,,T,,,R*12


$AIS,0,273212470,3,0.0,0.0,15.326223,54.826260,202.6,,-41626.30,3193.91,,1,,,,,,,,,,,,,,,*65


$OWN,0,261187000,0,100000.0,7.0,15.974113,54.799278,223.6,275.0,0.0,0.0,,1,,,,,,,,,,,,,,,*69


$WIND,,,T,,,R*12


$AIS,0,273212470,3,0.0,0.0,15.326223,54.826260,202.6,,-41623.17,3194.73,,1,,,,,,,,,,,,,,,*6E


$OWN,0,261187000,0,100000.0,7.0,15.974113,54.799278,223.6,275.0,0.0,0.0,,1,,,,,,,,,,,,,,,*69


$WIND,,,T,,,R*12


$AIS,0,273212470,3,0.0,0.0,15.326223,54.826260,202.6,,-41620.17,3195.13,,1,,,,,,,,,,,,,,,*6A


$OWN,0,261187000,0,100000.0,6.8,15.974067,54.799274,226.5,279.0,0.0,0.0,,1,,,,,,,,,,,,,,,*64


$WIND,,,T,,,R*12


$AIS,0,273212470,3,0.0,0.0,15.326223,54.826260,202.6,,-41617.17,3195.53,,1,,,,,,,,,,,,,,,*6A


$OWN,0,261187000,0,100000.0,6.4,15.973977,54.799271,232.2,285.0,0.0,0.0,,1,,,,,,,,,,,,,,,*63


$WIND,,,T,,,R*12


$AIS,0,273212470,3,0.0,0.0,15.326223,54.826260,202.6,,-41614.41,3195.50,,1,,,,,,,,,,,,,,,*69


$OWN,0,261187000,0,100000.0,6.2,15.973933,54.799271,235.1,288.0,0.0,0.0,,1,,,,,,,,,,,,,,,*6C


$WIND,,,T,,,R*12


$AIS,0,273212470,3,0.0,0.0,15.326223,54.826260,202.6,,-41611.59,3195.47,,1,,,,,,,,,,,,,,,*63


$AIS,0,273370640,3,2.9,0.2,15.355469,54.832832,174.0,343.0,-39726.32,3909.88,,1,,,,,,,,,,,,,,,*4D


$OWN,0,261187000,0,100000.0,6.0,15.973888,54.799274,238.2,292.0,0.0,0.0,,1,,,,,,,,,,,,,,,*6F


$WIND,,,T,,,R*12


$AIS,0,273370640,3,2.9,0.2,15.355469,54.832832,174.0,343.0,-39723.44,3909.43,,1,,,,,,,,,,,,,,,*4E


$OWN,0,261187000,0,100000.0,5.8,15.973848,54.799274,241.2,295.0,0.0,0.0,,1,,,,,,,,,,,,,,,*61


$WIND,,,T,,,R*12


$AIS,0,273370640,3,2.9,0.2,15.355469,54.832832,174.0,343.0,-39720.87,3909.40,,1,,,,,,,,,,,,,,,*41


$OWN,0,261187000,0,100000.0,5.8,15.973848,54.799274,241.2,298.0,0.0,0.0,,1,,,,,,,,,,,,,,,*6C


$WIND,,,T,,,R*12


$AIS,0,273370640,3,2.9,0.2,15.355469,54.832832,174.0,343.0,-39720.87,3909.40,,1,,,,,,,,,,,,,,,*41


$OWN,0,261187000,0,100000.0,5.5,15.973768,54.799286,247.2,301.0,0.0,0.0,,1,,,,,,,,,,,,,,,*66


$WIND,,,T,,,R*12


$AIS,0,273370640,3,2.9,0.2,15.355469,54.832832,174.0,343.0,-39715.72,3908.08,,1,,,,,,,,,,,,,,,*40


$OWN,0,261187000,0,100000.0,5.5,15.973768,54.799286,247.2,304.0,0.0,0.0,,1,,,,,,,,,,,,,,,*63


$WIND,,,T,,,R*12


$AIS,0,273370640,3,2.9,0.2,15.355469,54.832832,174.0,343.0,-39715.72,3908.08,,1,,,,,,,,,,,,,,,*40


$OWN,0,261187000,0,100000.0,5.3,15.973730,54.799290,250.2,307.0,0.0,0.0,,5,9161247,SNHA   ,NAWIGATOR XXI       ,99,17,43,4,6,2,5,21,12,0,3.4,SZCZECIN            *7F


$WIND,,,T,,,R*12


$AIS,0,273370640,3,2.9,0.2,15.355469,54.832832,174.0,343.0,-39713.27,3907.64,,1,,,,,,,,,,,,,,,*43


$OWN,0,261187000,0,100000.0,5.1,15.973660,54.799305,256.6,310.0,0.0,0.0,,5,9161247,SNHA   ,NAWIGATOR XXI       ,99,17,43,4,6,2,5,21,12,0,3.4,SZCZECIN            *70


$WIND,,,T,,,R*12


$AIS,0,273370640,3,2.9,0.2,15.355469,54.832832,174.0,343.0,-39708.80,3905.90,,1,,,,,,,,,,,,,,,*4D


$OWN,0,261187000,0,100000.0,4.9,15.973627,54.799316,259.8,313.0,0.0,0.0,,5,9161247,SNHA   ,NAWIGATOR XXI       ,99,17,43,4,6,2,5,21,12,0,3.4,SZCZECIN            *7A


$WIND,,,T,,,R*12


$AIS,0,273370640,3,2.9,0.2,15.355469,54.832832,174.0,343.0,-39706.65,3904.61,,1,,,,,,,,,,,,,,,*47


$OWN,0,261187000,0,100000.0,4.8,15.973595,54.799328,263.2,316.0,0.0,0.0,,5,9161247,SNHA   ,NAWIGATOR XXI       ,99,17,43,4,6,2,5,21,12,0,3.4,SZCZECIN            *7A


$WIND,,,T,,,R*12


$AIS,0,273370640,3,2.9,0.2,15.355469,54.832832,174.0,343.0,-39704.57,3903.32,,1,,,,,,,,,,,,,,,*45


$OWN,0,261187000,0,100000.0,4.7,15.973565,54.799335,266.2,319.0,0.0,0.0,,5,9161247,SNHA   ,NAWIGATOR XXI       ,99,17,43,4,6,2,5,21,12,0,3.4,SZCZECIN            *7C


$WIND,,,T,,,R*12


$OWN,0,261187000,0,100000.0,4.5,15.973536,54.799351,269.6,322.0,0.0,0.0,,5,9161247,SNHA   ,NAWIGATOR XXI       ,99,17,43,4,6,2,5,21,12,0,3.4,SZCZECIN            *79


$WIND,,,T,,,R*12


$OWN,0,261187000,0,100000.0,4.4,15.973510,54.799362,273.1,325.0,0.0,0.0,,5,9161247,SNHA   ,NAWIGATOR XXI       ,99,17,43,4,6,2,5,21,12,0,3.4,SZCZECIN            *77


$WIND,,,T,,,R*12


$OWN,0,261187000,0,100000.0,4.4,15.973510,54.799362,273.1,328.0,0.0,0.0,,5,9161247,SNHA   ,NAWIGATOR XXI       ,99,17,43,4,6,2,5,21,12,0,3.4,SZCZECIN            *7A


$WIND,,,T,,,R*12


$OWN,0,261187000,0,100000.0,4.3,15.973485,54.799374,276.4,331.0,0.0,0.0,,5,9161247,SNHA   ,NAWIGATOR XXI       ,99,17,43,4,6,2,5,21,12,0,3.4,SZCZECIN            *7F


$WIND,,,T,,,R*12


$OWN,0,261187000,0,100000.0,4.2,15.973460,54.799389,279.8,334.0,0.0,0.0,,5,9161247,SNHA   ,NAWIGATOR XXI       ,99,17,43,4,6,2,5,21,12,0,3.4,SZCZECIN            *71


$WIND,,,T,,,R*12


$OWN,0,261187000,0,100000.0,4.1,15.973438,54.799404,283.2,337.0,0.0,0.0,,5,9161247,SNHA   ,NAWIGATOR XXI       ,99,17,43,4,6,2,5,21,12,0,3.4,SZCZECIN            *71


$WIND,,,T,,,R*12


$OWN,0,261187000,0,100000.0,4.1,15.973418,54.799419,286.6,337.0,0.0,0.0,,5,9161247,SNHA   ,NAWIGATOR XXI       ,99,17,43,4,6,2,5,21,12,0,3.4,SZCZECIN            *7E


$WIND,,,T,,,R*12


$OWN,0,261187000,0,100000.0,4.0,15.973398,54.799435,290.0,340.0,0.0,0.0,,5,9161247,SNHA   ,NAWIGATOR XXI       ,99,17,43,4,6,2,5,21,12,0,3.4,SZCZECIN            *7F


$WIND,,,T,,,R*12


$OWN,0,261187000,0,100000.0,3.9,15.973367,54.799465,296.9,346.0,0.0,0.0,,5,9161247,SNHA   ,NAWIGATOR XXI       ,99,17,43,4,6,2,5,21,12,0,3.4,SZCZECIN            *7D


$WIND,,,T,,,R*12


$OWN,0,261187000,0,100000.0,3.8,15.973351,54.799484,300.4,349.0,0.0,0.0,,5,9161247,SNHA   ,NAWIGATOR XXI       ,99,17,43,4,6,2,5,21,12,0,3.4,SZCZECIN            *7A


$WIND,,,T,,,R*12


$OWN,0,261187000,0,100000.0,3.8,15.973338,54.799500,304.0,352.0,0.0,0.0,,5,9161247,SNHA   ,NAWIGATOR XXI       ,99,17,43,4,6,2,5,21,12,0,3.4,SZCZECIN            *72


$WIND,,,T,,,R*12


$OWN,0,261187000,0,100000.0,3.7,15.973330,54.799515,307.4,355.0,0.0,0.0,,5,9161247,SNHA   ,NAWIGATOR XXI       ,99,17,43,4,6,2,5,21,12,0,3.4,SZCZECIN            *71


$WIND,,,T,,,R*12


$OWN,0,261187000,0,100000.0,3.7,15.973330,54.799515,307.4,355.0,0.0,0.0,,5,9161247,SNHA   ,NAWIGATOR XXI       ,99,17,43,4,6,2,5,21,12,0,3.4,SZCZECIN            *71


$WIND,,,T,,,R*12


$OWN,0,261187000,0,100000.0,3.7,15.973320,54.799534,310.9,358.0,0.0,0.0,,5,9161247,SNHA   ,NAWIGATOR XXI       ,99,17,43,4,6,2,5,21,12,0,3.4,SZCZECIN            *75


$WIND,,,T,,,R*12


$OWN,0,261187000,0,100000.0,3.6,15.973313,54.799553,314.4,1.0,0.0,0.0,,5,9161247,SNHA   ,NAWIGATOR XXI       ,99,17,43,4,6,2,5,21,12,0,3.4,SZCZECIN            *73


$WIND,,,T,,,R*12


$AIS,0,273399760,3,0.0,0.0,15.349600,54.830212,225.6,231.0,-40066.07,3589.84,,1,,,,,,,,,,,,,,,*4C


$OWN,0,261187000,0,100000.0,3.6,15.973309,54.799568,317.7,7.0,0.0,0.0,,5,9161247,SNHA   ,NAWIGATOR XXI       ,99,17,43,4,6,2,5,21,12,0,3.4,SZCZECIN            *76


$WIND,,,T,,,R*12


$AIS,0,273399760,3,0.0,0.0,15.349600,54.830212,225.6,231.0,-40065.77,3588.14,,1,,,,,,,,,,,,,,,*40


$OWN,0,261187000,0,100000.0,3.6,15.973304,54.799587,321.2,10.0,0.0,0.0,,5,9161247,SNHA   ,NAWIGATOR XXI       ,99,17,43,4,6,2,5,21,12,0,3.4,SZCZECIN            *4C


$WIND,,,T,,,R*12


$AIS,0,273399760,3,0.0,0.0,15.349600,54.830212,225.6,231.0,-40065.46,3586.01,,1,,,,,,,,,,,,,,,*48


$OWN,0,261187000,0,100000.0,3.5,15.973300,54.799606,324.5,13.0,0.0,0.0,,5,9161247,SNHA   ,NAWIGATOR XXI       ,99,17,43,4,6,2,5,21,12,0,3.4,SZCZECIN            *40


$WIND,,,T,,,R*12


$AIS,0,273399760,3,0.0,0.0,15.349600,54.830212,225.6,231.0,-40065.22,3583.89,,1,,,,,,,,,,,,,,,*4F


$OWN,0,261187000,0,100000.0,3.5,15.973300,54.799622,328.0,16.0,0.0,0.0,,5,9161247,SNHA   ,NAWIGATOR XXI       ,99,17,43,4,6,2,5,21,12,0,3.4,SZCZECIN            *4A


$WIND,,,T,,,R*12


$AIS,0,273399760,3,0.0,0.0,15.349600,54.830212,225.6,231.0,-40065.22,3582.19,,1,,,,,,,,,,,,,,,*47


$OWN,0,261187000,0,100000.0,3.5,15.973302,54.799641,331.6,18.0,0.0,0.0,,5,9161247,SNHA   ,NAWIGATOR XXI       ,99,17,43,4,6,2,5,21,12,0,3.4,SZCZECIN            *4D


$WIND,,,T,,,R*12


$AIS,0,273399760,3,0.0,0.0,15.349600,54.830212,225.6,231.0,-40065.34,3580.07,,1,,,,,,,,,,,,,,,*4D


$OWN,0,261187000,0,100000.0,3.5,15.973305,54.799660,334.9,21.0,0.0,0.0,,5,9161247,SNHA   ,NAWIGATOR XXI       ,99,17,43,4,6,2,5,21,12,0,3.4,SZCZECIN            *49


$WIND,,,T,,,R*12


$AIS,0,273399760,3,0.0,0.0,15.349600,54.830212,225.6,231.0,-40065.52,3577.95,,1,,,,,,,,,,,,,,,*4E


$OWN,0,261187000,0,100000.0,3.5,15.973309,54.799679,338.1,24.0,0.0,0.0,,5,9161247,SNHA   ,NAWIGATOR XXI       ,99,17,43,4,6,2,5,21,12,0,3.4,SZCZECIN            *4C


$WIND,,,T,,,R*12


$AIS,0,273399760,3,0.0,0.0,15.349600,54.830212,225.6,231.0,-40066.07,3574.13,,1,,,,,,,,,,,,,,,*40


$OWN,0,261187000,0,100000.0,3.4,15.973313,54.799694,341.3,24.0,0.0,0.0,,5,9161247,SNHA   ,NAWIGATOR XXI       ,99,17,43,4,6,2,5,21,12,0,3.4,SZCZECIN            *49


$WIND,,,T,,,R*12


$AIS,0,273399760,3,0.0,0.0,15.349600,54.830212,225.6,231.0,-40066.50,3572.01,,1,,,,,,,,,,,,,,,*47


$OWN,0,261187000,0,100000.0,3.4,15.973320,54.799713,344.5,27.0,0.0,0.0,,5,9161247,SNHA   ,NAWIGATOR XXI       ,99,17,43,4,6,2,5,21,12,0,3.4,SZCZECIN            *47


$WIND,,,T,,,R*12


$AIS,0,273399760,3,0.0,0.0,15.349600,54.830212,225.6,231.0,-40067.05,3569.89,,1,,,,,,,,,,,,,,,*4C


$OWN,0,261187000,0,100000.0,3.4,15.973329,54.799732,347.8,33.0,0.0,0.0,,5,9161247,SNHA   ,NAWIGATOR XXI       ,99,17,43,4,6,2,5,21,12,0,3.4,SZCZECIN            *46


$WIND,,,T,,,R*12


$OWN,0,261187000,0,100000.0,3.4,15.973338,54.799747,351.2,35.0,0.0,0.0,,5,9161247,SNHA   ,NAWIGATOR XXI       ,99,17,43,4,6,2,5,21,12,0,3.4,SZCZECIN            *4F


$WIND,,,T,,,R*12


$OWN,0,261187000,0,100000.0,3.4,15.973351,54.799767,354.3,38.0,0.0,0.0,,5,9161247,SNHA   ,NAWIGATOR XXI       ,99,17,43,4,6,2,5,21,12,0,3.4,SZCZECIN            *4B


$WIND,,,T,,,R*12


$OWN,0,261187000,0,100000.0,3.4,15.973363,54.799782,357.6,41.0,0.0,0.0,,5,9161247,SNHA   ,NAWIGATOR XXI       ,99,17,43,4,6,2,5,21,12,0,3.4,SZCZECIN            *49


$WIND,,,T,,,R*12


$OWN,0,261187000,0,100000.0,3.4,15.973380,54.799797,0.9,44.0,0.0,0.0,,5,9161247,SNHA   ,NAWIGATOR XXI       ,99,17,43,4,6,2,5,21,12,0,3.4,SZCZECIN            *4B


$WIND,,,T,,,R*12


$OWN,0,261187000,0,100000.0,3.4,15.973395,54.799812,3.8,47.0,0.0,0.0,,5,9161247,SNHA   ,NAWIGATOR XXI       ,99,17,43,4,6,2,5,21,12,0,3.4,SZCZECIN            *4C


$WIND,,,T,,,R*12


$OWN,0,261187000,0,100000.0,3.4,15.973413,54.799828,6.7,49.0,0.0,0.0,,5,9161247,SNHA   ,NAWIGATOR XXI       ,99,17,43,4,6,2,5,21,12,0,3.4,SZCZECIN            *48


$WIND,,,T,,,R*12


$OWN,0,261187000,0,100000.0,3.4,15.973430,54.799843,9.7,52.0,0.0,0.0,,5,9161247,SNHA   ,NAWIGATOR XXI       ,99,17,43,4,6,2,5,21,12,0,3.4,SZCZECIN            *41


$WIND,,,T,,,R*12


$OWN,0,261187000,0,100000.0,3.4,15.973450,54.799858,12.8,52.0,0.0,0.0,,5,9161247,SNHA   ,NAWIGATOR XXI       ,99,17,43,4,6,2,5,21,12,0,3.4,SZCZECIN            *78


$WIND,,,T,,,R*12


$OWN,0,261187000,0,100000.0,3.4,15.973472,54.799870,15.7,55.0,0.0,0.0,,5,9161247,SNHA   ,NAWIGATOR XXI       ,99,17,43,4,6,2,5,21,12,0,3.4,SZCZECIN            *7D


$WIND,,,T,,,R*12


$OWN,0,261187000,0,100000.0,3.5,15.973494,54.799885,18.5,58.0,0.0,0.0,,5,9161247,SNHA   ,NAWIGATOR XXI       ,99,17,43,4,6,2,5,21,12,0,3.4,SZCZECIN            *7C


$WIND,,,T,,,R*12


$OWN,0,261187000,0,100000.0,3.5,15.973516,54.799896,21.5,60.0,0.0,0.0,,5,9161247,SNHA   ,NAWIGATOR XXI       ,99,17,43,4,6,2,5,21,12,0,3.4,SZCZECIN            *74


$WIND,,,T,,,R*12


$OWN,0,261187000,0,100000.0,3.5,15.973541,54.799908,24.7,63.0,0.0,0.0,,5,9161247,SNHA   ,NAWIGATOR XXI       ,99,17,43,4,6,2,5,21,12,0,3.4,SZCZECIN            *74


$WIND,,,T,,,R*12


$OWN,0,261187000,0,100000.0,3.5,15.973568,54.799919,27.9,66.0,0.0,0.0,,5,9161247,SNHA   ,NAWIGATOR XXI       ,99,17,43,4,6,2,5,21,12,0,3.4,SZCZECIN            *77


$WIND,,,T,,,R*12


$OWN,0,261187000,0,100000.0,3.5,15.973594,54.799927,30.9,69.0,0.0,0.0,,5,9161247,SNHA   ,NAWIGATOR XXI       ,99,17,43,4,6,2,5,21,12,0,3.4,SZCZECIN            *70


$WIND,,,T,,,R*12


$OWN,0,261187000,0,100000.0,3.5,15.973594,54.799927,30.9,71.0,0.0,0.0,,5,9161247,SNHA   ,NAWIGATOR XXI       ,99,17,43,4,6,2,5,21,12,0,3.4,SZCZECIN            *79


$WIND,,,T,,,R*12


$OWN,0,261187000,0,100000.0,3.5,15.973650,54.799946,36.6,74.0,0.0,0.0,,5,9161247,SNHA   ,NAWIGATOR XXI       ,99,17,43,4,6,2,5,21,12,0,3.4,SZCZECIN            *79


$WIND,,,T,,,R*12


$OWN,0,261187000,0,100000.0,3.5,15.973680,54.799953,39.4,78.0,0.0,0.0,,5,9161247,SNHA   ,NAWIGATOR XXI       ,99,17,43,4,6,2,5,21,12,0,3.4,SZCZECIN            *71


$WIND,,,T,,,R*12


$OWN,0,261187000,0,100000.0,3.5,15.973708,54.799961,42.0,80.0,0.0,0.0,,5,9161247,SNHA   ,NAWIGATOR XXI       ,99,17,43,4,6,2,5,21,12,0,3.4,SZCZECIN            *7E


$WIND,,,T,,,R*12


$OWN,0,261187000,0,100000.0,3.5,15.973739,54.799969,44.7,83.0,0.0,0.0,,5,9161247,SNHA   ,NAWIGATOR XXI       ,99,17,43,4,6,2,5,21,12,0,3.4,SZCZECIN            *76


$WIND,,,T,,,R*12


$OWN,0,261187000,0,100000.0,3.6,15.973768,54.799976,47.3,86.0,0.0,0.0,,5,9161247,SNHA   ,NAWIGATOR XXI       ,99,17,43,4,6,2,5,21,12,0,3.4,SZCZECIN            *7D


$WIND,,,T,,,R*12


$OWN,0,261187000,0,100000.0,3.6,15.973800,54.799980,50.0,89.0,0.0,0.0,,5,9161247,SNHA   ,NAWIGATOR XXI       ,99,17,43,4,6,2,5,21,12,0,3.4,SZCZECIN            *7F


$WIND,,,T,,,R*12


$OWN,0,261187000,0,100000.0,3.6,15.973832,54.799988,52.8,92.0,0.0,0.0,,5,9161247,SNHA   ,NAWIGATOR XXI       ,99,17,43,4,6,2,5,21,12,0,3.4,SZCZECIN            *76


$WIND,,,T,,,R*12


$OWN,0,261187000,0,100000.0,3.6,15.973864,54.799992,55.6,95.0,0.0,0.0,,5,9161247,SNHA   ,NAWIGATOR XXI       ,99,17,43,4,6,2,5,21,12,0,3.4,SZCZECIN            *70


$WIND,,,T,,,R*12


$OWN,0,261187000,0,100000.0,3.6,15.973895,54.799992,58.7,97.0,0.0,0.0,,5,9161247,SNHA   ,NAWIGATOR XXI       ,99,17,43,4,6,2,5,21,12,0,3.4,SZCZECIN            *70


$WIND,,,T,,,R*12


$OWN,0,261187000,0,100000.0,3.6,15.973895,54.799992,58.7,100.0,0.0,0.0,,5,9161247,SNHA   ,NAWIGATOR XXI       ,99,17,43,4,6,2,5,21,12,0,3.4,SZCZECIN            *4F


$WIND,,,T,,,R*12


$AIS,0,371281000,0,0.0,9.6,15.643815,54.737713,263.0,260.0,-21256.38,-6880.05,,1,,,,,,,,,,,,,,,*6C


$AIS,0,273370640,3,-0.2,0.1,15.355478,54.832825,166.3,343.0,-39727.43,3828.81,,1,,,,,,,,,,,,,,,*60


$OWN,0,261187000,0,100000.0,3.6,15.973960,54.799992,64.3,103.0,0.0,0.0,,5,9161247,SNHA   ,NAWIGATOR XXI       ,99,17,43,4,6,2,5,21,12,0,3.4,SZCZECIN            *4C


$WIND,,,T,,,R*12


$AIS,0,371281000,0,0.0,9.6,15.643815,54.737713,263.0,260.0,-21258.41,-6880.04,,1,,,,,,,,,,,,,,,*6D


$AIS,0,273370640,3,-0.2,0.1,15.355478,54.832825,166.3,343.0,-39729.45,3828.83,,1,,,,,,,,,,,,,,,*6A


$OWN,0,261187000,0,100000.0,3.6,15.973991,54.799992,67.0,106.0,0.0,0.0,,5,9161247,SNHA   ,NAWIGATOR XXI       ,99,17,43,4,6,2,5,21,12,0,3.4,SZCZECIN            *47


$WIND,,,T,,,R*12


$AIS,0,371281000,0,0.0,9.6,15.643815,54.737713,263.0,260.0,-21260.68,-6880.03,,1,,,,,,,,,,,,,,,*6A


$AIS,0,273370640,3,-0.2,0.1,15.355478,54.832825,166.3,343.0,-39731.72,3828.85,,1,,,,,,,,,,,,,,,*61


$OWN,0,261187000,0,100000.0,3.6,15.974027,54.799992,69.5,109.0,0.0,0.0,,5,9161247,SNHA   ,NAWIGATOR XXI       ,99,17,43,4,6,2,5,21,12,0,3.4,SZCZECIN            *40


$WIND,,,T,,,R*12


$AIS,0,371281000,0,0.0,9.6,15.643815,54.737713,263.0,260.0,-21260.68,-6880.03,,1,,,,,,,,,,,,,,,*6A


$AIS,0,273370640,3,-0.2,0.1,15.355478,54.832825,166.3,343.0,-39731.72,3828.85,,1,,,,,,,,,,,,,,,*61


$OWN,0,261187000,0,100000.0,3.6,15.974058,54.799992,72.0,111.0,0.0,0.0,,5,9161247,SNHA   ,NAWIGATOR XXI       ,99,17,43,4,6,2,5,21,12,0,3.4,SZCZECIN            *4E


$WIND,,,T,,,R*12


$AIS,0,371281000,0,0.0,9.6,15.643815,54.737713,263.0,260.0,-21262.71,-6880.02,,1,,,,,,,,,,,,,,,*61


$AIS,0,273370640,3,-0.2,0.1,15.355478,54.832825,166.3,343.0,-39733.74,3828.86,,1,,,,,,,,,,,,,,,*66


$OWN,0,261187000,0,100000.0,3.6,15.974090,54.799988,74.7,114.0,0.0,0.0,,5,9161247,SNHA   ,NAWIGATOR XXI       ,99,17,43,4,6,2,5,21,12,0,3.4,SZCZECIN            *45


$WIND,,,T,,,R*12


$AIS,0,371281000,0,0.0,9.6,15.643815,54.737713,263.0,260.0,-21264.73,-6879.58,,1,,,,,,,,,,,,,,,*6C


$AIS,0,273370640,3,-0.2,0.1,15.355478,54.832825,166.3,343.0,-39735.76,3829.31,,1,,,,,,,,,,,,,,,*6F


$AIS,0,273399760,3,0.0,0.0,15.349570,54.830185,225.6,231.0,-40117.87,3538.94,,1,,,,,,,,,,,,,,,*41


$OWN,0,261187000,0,100000.0,3.6,15.974122,54.799984,77.3,117.0,0.0,0.0,,5,9161247,SNHA   ,NAWIGATOR XXI       ,99,17,43,4,6,2,5,21,12,0,3.4,SZCZECIN            *45


$WIND,,,T,,,R*12


$AIS,0,371281000,0,0.0,9.6,15.643815,54.737713,263.0,260.0,-21266.82,-6879.15,,1,,,,,,,,,,,,,,,*69


$AIS,0,273370640,3,-0.2,0.1,15.355478,54.832825,166.3,343.0,-39737.84,3829.75,,1,,,,,,,,,,,,,,,*60


$AIS,0,273399760,3,0.0,0.0,15.349570,54.830185,225.6,231.0,-40119.95,3539.38,,1,,,,,,,,,,,,,,,*4B


$OWN,0,261187000,0,100000.0,3.6,15.974154,54.799980,80.0,120.0,0.0,0.0,,1,,,,,,,,,,,,,,,*5A


$WIND,,,T,,,R*12


$AIS,0,371281000,0,0.0,9.6,15.643815,54.737713,263.0,260.0,-21268.85,-6878.71,,1,,,,,,,,,,,,,,,*63


$AIS,0,273370640,3,-0.2,0.1,15.355478,54.832825,166.3,343.0,-39739.86,3830.19,,1,,,,,,,,,,,,,,,*6E


$AIS,0,273399760,3,0.0,0.0,15.349570,54.830185,225.6,231.0,-40121.97,3539.82,,1,,,,,,,,,,,,,,,*43


$OWN,0,261187000,0,100000.0,3.6,15.974185,54.799976,82.7,123.0,0.0,0.0,,1,,,,,,,,,,,,,,,*59


$WIND,,,T,,,R*12


$AIS,0,371281000,0,0.0,9.6,15.643815,54.737713,263.0,260.0,-21270.88,-6878.28,,1,,,,,,,,,,,,,,,*6B


$AIS,0,273370640,3,-0.2,0.1,15.355478,54.832825,166.3,343.0,-39741.88,3830.63,,1,,,,,,,,,,,,,,,*62


$AIS,0,273399760,3,0.0,0.0,15.349570,54.830185,225.6,231.0,-40123.99,3540.26,,1,,,,,,,,,,,,,,,*4F


$OWN,0,261187000,0,100000.0,3.6,15.974215,54.799969,85.5,128.0,0.0,0.0,,1,,,,,,,,,,,,,,,*53


$WIND,,,T,,,R*12


$AIS,0,371281000,0,0.0,9.6,15.643815,54.737713,263.0,260.0,-21272.78,-6877.42,,1,,,,,,,,,,,,,,,*65


$AIS,0,273370640,3,-0.2,0.1,15.355478,54.832825,166.3,343.0,-39743.78,3831.50,,1,,,,,,,,,,,,,,,*6E


$AIS,0,273399760,3,0.0,0.0,15.349570,54.830185,225.6,231.0,-40125.89,3541.13,,1,,,,,,,,,,,,,,,*4F


$OWN,0,261187000,0,100000.0,3.6,15.974245,54.799961,88.2,131.0,0.0,0.0,,1,,,,,,,,,,,,,,,*5C


$WIND,,,T,,,R*12


$AIS,0,273399760,3,0.0,0.0,15.349570,54.830185,225.6,231.0,-40127.85,3542.00,,1,,,,,,,,,,,,,,,*40


$OWN,0,261187000,0,100000.0,3.6,15.974274,54.799953,90.8,134.0,0.0,0.0,,1,,,,,,,,,,,,,,,*59


$WIND,,,T,,,R*12


$AIS,0,273399760,3,0.0,0.0,15.349570,54.830185,225.6,231.0,-40129.69,3542.86,,1,,,,,,,,,,,,,,,*42


$OWN,0,261187000,0,100000.0,3.6,15.974301,54.799942,93.4,137.0,0.0,0.0,,1,,,,,,,,,,,,,,,*56


$WIND,,,T,,,R*12


$AIS,0,273399760,3,0.0,0.0,15.349570,54.830185,225.6,231.0,-40131.47,3544.15,,1,,,,,,,,,,,,,,,*4B


$OWN,0,261187000,0,100000.0,3.6,15.974301,54.799942,93.4,137.0,0.0,0.0,,1,,,,,,,,,,,,,,,*56


$WIND,,,T,,,R*12


$AIS,0,273399760,3,0.0,0.0,15.349570,54.830185,225.6,231.0,-40133.18,3545.01,,1,,,,,,,,,,,,,,,*47


$OWN,0,261187000,0,100000.0,3.6,15.974328,54.799934,96.3,140.0,0.0,0.0,,1,,,,,,,,,,,,,,,*5E


$WIND,,,T,,,R*12


$AIS,0,273399760,3,0.0,0.0,15.349570,54.830185,225.6,231.0,-40134.90,3545.88,,1,,,,,,,,,,,,,,,*41


$OWN,0,261187000,0,100000.0,3.6,15.974355,54.799927,99.0,142.0,0.0,0.0,,1,,,,,,,,,,,,,,,*58


$WIND,,,T,,,R*12


$OWN,0,261187000,0,100000.0,3.6,15.974381,54.799911,101.4,145.0,0.0,0.0,,1,,,,,,,,,,,,,,,*67


$WIND,,,T,,,R*12


$OWN,0,261187000,0,100000.0,3.6,15.974433,54.799889,106.6,148.0,0.0,0.0,,1,,,,,,,,,,,,,,,*61


$WIND,,,T,,,R*12


$OWN,0,261187000,0,100000.0,3.6,15.974457,54.799877,109.2,151.0,0.0,0.0,,1,,,,,,,,,,,,,,,*61


$WIND,,,T,,,R*12


$OWN,0,261187000,0,100000.0,3.6,15.974479,54.799866,112.0,154.0,0.0,0.0,,1,,,,,,,,,,,,,,,*60


$WIND,,,T,,,R*12


$AIS,0,273370640,3,-1.6,0.1,15.355496,54.832809,315.4,343.0,-39759.60,3841.40,,1,,,,,,,,,,,,,,,*60


$AIS,0,371281000,0,0.0,9.7,15.642290,54.737606,263.0,260.0,-21388.03,-6877.30,,1,,,,,,,,,,,,,,,*6A


$OWN,0,261187000,0,100000.0,3.6,15.974499,54.799850,114.7,157.0,0.0,0.0,,1,,,,,,,,,,,,,,,*69


$WIND,,,T,,,R*12


$AIS,0,273370640,3,-1.6,0.1,15.355496,54.832809,315.4,343.0,-39760.89,3843.11,,1,,,,,,,,,,,,,,,*6B


$AIS,0,371281000,0,0.0,9.7,15.642290,54.737606,263.0,260.0,-21389.31,-6875.60,,1,,,,,,,,,,,,,,,*6D


$OWN,0,261187000,0,100000.0,3.6,15.974519,54.799835,117.3,160.0,0.0,0.0,,1,,,,,,,,,,,,,,,*60


$WIND,,,T,,,R*12


$AIS,0,273370640,3,-1.6,0.1,15.355496,54.832809,315.4,343.0,-39762.18,3844.82,,1,,,,,,,,,,,,,,,*6C


$AIS,0,371281000,0,0.0,9.7,15.642290,54.737606,263.0,260.0,-21390.60,-6873.90,,1,,,,,,,,,,,,,,,*68


$OWN,0,261187000,0,100000.0,3.6,15.974539,54.799820,119.8,162.0,0.0,0.0,,1,,,,,,,,,,,,,,,*61


$WIND,,,T,,,R*12


$AIS,0,273370640,3,-1.6,0.1,15.355496,54.832809,315.4,343.0,-39763.46,3846.53,,1,,,,,,,,,,,,,,,*68


$AIS,0,371281000,0,0.0,9.7,15.642290,54.737606,263.0,260.0,-21391.89,-6872.19,,1,,,,,,,,,,,,,,,*6E


$OWN,0,261187000,0,100000.0,3.6,15.974555,54.799809,122.7,165.0,0.0,0.0,,1,,,,,,,,,,,,,,,*60


$WIND,,,T,,,R*12


$AIS,0,273370640,3,-1.6,0.1,15.355496,54.832809,315.4,343.0,-39764.50,3847.81,,1,,,,,,,,,,,,,,,*66


$AIS,0,371281000,0,0.0,9.7,15.642290,54.737606,263.0,260.0,-21392.94,-6870.91,,1,,,,,,,,,,,,,,,*63


$OWN,0,261187000,0,100000.0,3.6,15.974570,54.799793,125.4,168.0,0.0,0.0,,1,,,,,,,,,,,,,,,*62


$WIND,,,T,,,R*12


$AIS,0,273370640,3,-1.6,0.1,15.355496,54.832809,315.4,343.0,-39765.48,3849.52,,1,,,,,,,,,,,,,,,*6E


$AIS,0,371281000,0,0.0,9.7,15.642290,54.737606,263.0,260.0,-21393.92,-6869.21,,1,,,,,,,,,,,,,,,*67


$OWN,0,261187000,0,100000.0,3.6,15.974602,54.799759,130.2,171.0,0.0,0.0,,1,,,,,,,,,,,,,,,*68


$WIND,,,T,,,R*12


$AIS,0,273370640,3,-1.6,0.1,15.355496,54.832809,315.4,343.0,-39767.51,3853.36,,1,,,,,,,,,,,,,,,*6D


$AIS,0,371281000,0,0.0,9.7,15.642290,54.737606,263.0,260.0,-21395.95,-6865.38,,1,,,,,,,,,,,,,,,*62


$AIS,0,273399760,3,-0.2,0.0,15.349582,54.830181,225.6,231.0,-40150.03,3564.27,,1,,,,,,,,,,,,,,,*69


$OWN,0,261187000,0,100000.0,3.6,15.974613,54.799740,132.9,173.0,0.0,0.0,,1,,,,,,,,,,,,,,,*6B


$WIND,,,T,,,R*12


$AIS,0,273370640,3,-1.6,0.1,15.355496,54.832809,315.4,343.0,-39768.24,3855.49,,1,,,,,,,,,,,,,,,*6E


$AIS,0,371281000,0,0.0,9.7,15.642290,54.737606,263.0,260.0,-21396.68,-6863.25,,1,,,,,,,,,,,,,,,*69


$AIS,0,273399760,3,-0.2,0.0,15.349582,54.830181,225.6,231.0,-40150.77,3566.40,,1,,,,,,,,,,,,,,,*69


$OWN,0,261187000,0,100000.0,3.6,15.974625,54.799725,135.7,176.0,0.0,0.0,,1,,,,,,,,,,,,,,,*61


$WIND,,,T,,,R*12


$AIS,0,273370640,3,-1.6,0.1,15.355496,54.832809,315.4,343.0,-39768.98,3857.19,,1,,,,,,,,,,,,,,,*6E


$AIS,0,371281000,0,0.0,9.7,15.642290,54.737606,263.0,260.0,-21397.42,-6861.55,,1,,,,,,,,,,,,,,,*65


$AIS,0,273399760,3,-0.2,0.0,15.349582,54.830181,225.6,231.0,-40151.50,3568.10,,1,,,,,,,,,,,,,,,*66


$OWN,0,261187000,0,100000.0,3.6,15.974633,54.799706,138.3,179.0,0.0,0.0,,1,,,,,,,,,,,,,,,*61


$WIND,,,T,,,R*12


$AIS,0,273370640,3,-1.6,0.1,15.355496,54.832809,315.4,343.0,-39769.53,3859.32,,1,,,,,,,,,,,,,,,*6F


$AIS,0,371281000,0,0.0,9.7,15.642290,54.737606,263.0,260.0,-21397.97,-6859.43,,1,,,,,,,,,,,,,,,*61


$AIS,0,273399760,3,-0.2,0.0,15.349582,54.830181,225.6,231.0,-40152.05,3570.23,,1,,,,,,,,,,,,,,,*6C


$OWN,0,261187000,0,100000.0,3.5,15.974644,54.799690,140.6,182.0,0.0,0.0,,1,,,,,,,,,,,,,,,*62


$WIND,,,T,,,R*12


$AIS,0,273370640,3,-1.6,0.1,15.355496,54.832809,315.4,343.0,-39770.20,3861.02,,1,,,,,,,,,,,,,,,*6B


$AIS,0,371281000,0,0.0,9.7,15.642290,54.737606,263.0,260.0,-21398.65,-6857.73,,1,,,,,,,,,,,,,,,*6E


$AIS,0,273399760,3,-0.2,0.0,15.349582,54.830181,225.6,231.0,-40152.73,3571.93,,1,,,,,,,,,,,,,,,*67


$OWN,0,261187000,0,100000.0,3.5,15.974651,54.799675,143.2,184.0,0.0,0.0,,1,,,,,,,,,,,,,,,*6C


$WIND,,,T,,,R*12


$AIS,0,273399760,3,-0.2,0.0,15.349582,54.830181,225.6,231.0,-40153.22,3573.63,,1,,,,,,,,,,,,,,,*6F


$OWN,0,261187000,0,100000.0,3.5,15.974657,54.799656,146.1,187.0,0.0,0.0,,1,,,,,,,,,,,,,,,*6E


$WIND,,,T,,,R*12


$AIS,0,273399760,3,-0.2,0.0,15.349582,54.830181,225.6,231.0,-40153.58,3575.76,,1,,,,,,,,,,,,,,,*60


$OWN,0,261187000,0,100000.0,3.5,15.974658,54.799637,148.8,190.0,0.0,0.0,,1,,,,,,,,,,,,,,,*67


$WIND,,,T,,,R*12


$AIS,0,273399760,3,-0.2,0.0,15.349582,54.830181,225.6,231.0,-40153.65,3577.88,,1,,,,,,,,,,,,,,,*6D


$OWN,0,261187000,0,100000.0,3.5,15.974658,54.799637,148.8,192.0,0.0,0.0,,1,,,,,,,,,,,,,,,*65


$WIND,,,T,,,R*12


$AIS,0,273399760,3,-0.2,0.0,15.349582,54.830181,225.6,231.0,-40153.89,3579.58,,1,,,,,,,,,,,,,,,*6C


$OWN,0,261187000,0,100000.0,3.5,15.974662,54.799622,151.2,195.0,0.0,0.0,,1,,,,,,,,,,,,,,,*6D


$WIND,,,T,,,R*12


$AIS,0,273399760,3,-0.2,0.0,15.349582,54.830181,225.6,231.0,-40154.01,3581.71,,1,,,,,,,,,,,,,,,*67


$AIS,0,273418880,0,0.0,0.3,15.457625,54.812588,136.1,92.0,-33228.01,1567.47,,1,,,,,,,,,,,,,,,*72


$OWN,0,261187000,0,100000.0,3.5,15.974667,54.799583,156.2,197.0,0.0,0.0,,1,,,,,,,,,,,,,,,*65


$WIND,,,T,,,R*12


$AIS,0,273418880,0,0.0,0.3,15.457625,54.812588,136.1,92.0,-33228.20,1569.59,,1,,,,,,,,,,,,,,,*70


$OWN,0,261187000,0,100000.0,3.5,15.974667,54.799564,158.5,200.0,0.0,0.0,,1,,,,,,,,,,,,,,,*68


$WIND,,,T,,,R*12


$AIS,0,273418880,0,0.0,0.3,15.457625,54.812588,136.1,92.0,-33228.20,1571.71,,1,,,,,,,,,,,,,,,*73


$OWN,0,261187000,0,100000.0,3.5,15.974665,54.799545,160.9,202.0,0.0,0.0,,1,,,,,,,,,,,,,,,*6C


$WIND,,,T,,,R*12


$AIS,0,273418880,0,0.0,0.3,15.457625,54.812588,136.1,92.0,-33228.08,1573.84,,1,,,,,,,,,,,,,,,*71


$OWN,0,261187000,0,100000.0,3.6,15.974664,54.799530,163.4,204.0,0.0,0.0,,1,,,,,,,,,,,,,,,*64


$WIND,,,T,,,R*12


$AIS,0,273418880,0,0.0,0.3,15.457625,54.812588,136.1,92.0,-33228.01,1575.53,,1,,,,,,,,,,,,,,,*74


$OWN,0,261187000,0,100000.0,3.6,15.974660,54.799511,165.8,206.0,0.0,0.0,,1,,,,,,,,,,,,,,,*6B


$WIND,,,T,,,R*12


$AIS,0,273418880,0,0.0,0.3,15.457625,54.812588,136.1,92.0,-33227.77,1577.65,,1,,,,,,,,,,,,,,,*7D


$OWN,0,261187000,0,100000.0,3.6,15.974653,54.799492,168.3,209.0,0.0,0.0,,1,,,,,,,,,,,,,,,*68


$WIND,,,T,,,R*12


$AIS,0,273418880,0,0.0,0.3,15.457625,54.812588,136.1,92.0,-33227.34,1579.77,,1,,,,,,,,,,,,,,,*77


$OWN,0,261187000,0,100000.0,3.6,15.974648,54.799469,170.8,211.0,0.0,0.0,,1,,,,,,,,,,,,,,,*6D


$WIND,,,T,,,R*12


$AIS,0,273418880,0,0.0,0.3,15.457625,54.812588,136.1,92.0,-33227.03,1582.32,,1,,,,,,,,,,,,,,,*76


$OWN,0,261187000,0,100000.0,3.6,15.974640,54.799450,173.1,212.0,0.0,0.0,,1,,,,,,,,,,,,,,,*66


$WIND,,,T,,,R*12


$AIS,0,273418880,0,0.0,0.3,15.457625,54.812588,136.1,92.0,-33226.48,1584.44,,1,,,,,,,,,,,,,,,*7F


$OWN,0,261187000,0,100000.0,3.6,15.974640,54.799450,173.1,212.0,0.0,0.0,,1,,,,,,,,,,,,,,,*66


$WIND,,,T,,,R*12


$AIS,0,273418880,0,0.0,0.3,15.457625,54.812588,136.1,92.0,-33226.48,1584.44,,1,,,,,,,,,,,,,,,*7F


$OWN,0,261187000,0,100000.0,3.7,15.974631,54.799435,175.5,213.0,0.0,0.0,,1,,,,,,,,,,,,,,,*61


$WIND,,,T,,,R*12


$OWN,0,261187000,0,100000.0,3.7,15.974620,54.799412,177.9,214.0,0.0,0.0,,1,,,,,,,,,,,,,,,*6D


$WIND,,,T,,,R*12


$AIS,0,273399760,3,-0.0,0.0,15.349598,54.830181,225.6,231.0,-40150.15,3602.90,,1,,,,,,,,,,,,,,,*68


$OWN,0,261187000,0,100000.0,3.8,15.974610,54.799393,180.1,216.0,0.0,0.0,,1,,,,,,,,,,,,,,,*6D


$WIND,,,T,,,R*12


$AIS,0,273399760,3,-0.0,0.0,15.349598,54.830181,225.6,231.0,-40149.54,3605.01,,1,,,,,,,,,,,,,,,*6A


$OWN,0,261187000,0,100000.0,3.8,15.974598,54.799374,182.3,217.0,0.0,0.0,,1,,,,,,,,,,,,,,,*66


$WIND,,,T,,,R*12


$AIS,0,273399760,3,-0.0,0.0,15.349598,54.830181,225.6,231.0,-40148.74,3607.13,,1,,,,,,,,,,,,,,,*68


$OWN,0,261187000,0,100000.0,3.8,15.974584,54.799355,184.5,218.0,0.0,0.0,,1,,,,,,,,,,,,,,,*67


$WIND,,,T,,,R*12


$AIS,0,273399760,3,-0.0,0.0,15.349598,54.830181,225.6,231.0,-40147.83,3609.24,,1,,,,,,,,,,,,,,,*65


$OWN,0,261187000,0,100000.0,4.0,15.974553,54.799316,188.6,219.0,0.0,0.0,,1,,,,,,,,,,,,,,,*6B


$WIND,,,T,,,R*12


$AIS,0,273399760,3,-0.0,0.0,15.349598,54.830181,225.6,231.0,-40145.87,3613.47,,1,,,,,,,,,,,,,,,*6D


$OWN,0,261187000,0,100000.0,4.0,15.974537,54.799294,190.5,220.0,0.0,0.0,,1,,,,,,,,,,,,,,,*62


$WIND,,,T,,,R*12


$AIS,0,273399760,3,-0.0,0.0,15.349598,54.830181,225.6,231.0,-40144.82,3616.01,,1,,,,,,,,,,,,,,,*6E


$OWN,0,261187000,0,100000.0,4.1,15.974520,54.799274,192.1,221.0,0.0,0.0,,1,,,,,,,,,,,,,,,*6C


$WIND,,,T,,,R*12


$AIS,0,273399760,3,-0.0,0.0,15.349598,54.830181,225.6,231.0,-40143.72,3618.12,,1,,,,,,,,,,,,,,,*6A


$OWN,0,261187000,0,100000.0,4.2,15.974502,54.799252,193.6,223.0,0.0,0.0,,1,,,,,,,,,,,,,,,*6F


$WIND,,,T,,,R*12


$AIS,0,273399760,3,-0.0,0.0,15.349598,54.830181,225.6,231.0,-40142.56,3620.66,,1,,,,,,,,,,,,,,,*65


$OWN,0,261187000,0,100000.0,4.2,15.974483,54.799232,195.4,224.0,0.0,0.0,,1,,,,,,,,,,,,,,,*62


$WIND,,,T,,,R*12


$AIS,0,273399760,3,-0.0,0.0,15.349598,54.830181,225.6,231.0,-40141.39,3622.77,,1,,,,,,,,,,,,,,,*6D


$OWN,0,261187000,0,100000.0,4.3,15.974462,54.799213,197.1,225.0,0.0,0.0,,1,,,,,,,,,,,,,,,*69


$WIND,,,T,,,R*12


$AIS,0,273399760,3,-0.0,0.0,15.349598,54.830181,225.6,231.0,-40139.98,3624.88,,1,,,,,,,,,,,,,,,*6F


$OWN,0,261187000,0,100000.0,4.4,15.974442,54.799191,198.6,226.0,0.0,0.0,,1,,,,,,,,,,,,,,,*6E


$WIND,,,T,,,R*12


$AIS,0,273399760,3,-0.0,0.0,15.349598,54.830181,225.6,231.0,-40138.70,3627.41,,1,,,,,,,,,,,,,,,*6E


$OWN,0,261187000,0,100000.0,4.4,15.974419,54.799171,200.3,227.0,0.0,0.0,,1,,,,,,,,,,,,,,,*68


$WIND,,,T,,,R*12


$OWN,0,261187000,0,100000.0,4.4,15.974419,54.799171,200.3,228.0,0.0,0.0,,1,,,,,,,,,,,,,,,*67


$WIND,,,T,,,R*12


$OWN,0,261187000,0,100000.0,4.5,15.974393,54.799149,202.0,229.0,0.0,0.0,,1,,,,,,,,,,,,,,,*68


$WIND,,,T,,,R*12


$OWN,0,261187000,0,100000.0,4.7,15.974341,54.799110,205.0,230.0,0.0,0.0,,1,,,,,,,,,,,,,,,*66


$WIND,,,T,,,R*12


$OWN,0,261187000,0,100000.0,4.7,15.974314,54.799091,206.4,231.0,0.0,0.0,,1,,,,,,,,,,,,,,,*68


$WIND,,,T,,,R*12


$OWN,0,261187000,0,100000.0,4.8,15.974285,54.799068,207.8,232.0,0.0,0.0,,1,,,,,,,,,,,,,,,*66


$WIND,,,T,,,R*12


