

$OWN,0,261187000,0,100000.0,11.2,15.955662,54.803917,358.9,9.0,0.0,0.0,,1,,,,,,,,,,,,,,,*5B


$WIND,,,T,,,R*12


$OWN,0,261187000,0,100000.0,11.2,15.955665,54.803967,359.2,11.0,0.0,0.0,,1,,,,,,,,,,,,,,,*68


$WIND,,,T,,,R*12


$OWN,0,261187000,0,100000.0,11.2,15.955668,54.804020,359.6,14.0,0.0,0.0,,1,,,,,,,,,,,,,,,*69


$WIND,,,T,,,R*12


$OWN,0,261187000,0,100000.0,11.1,15.955677,54.804070,0.3,17.0,0.0,0.0,,1,,,,,,,,,,,,,,,*68


$WIND,,,T,,,R*12


$OWN,0,261187000,0,100000.0,11.1,15.955688,54.804115,1.0,20.0,0.0,0.0,,1,,,,,,,,,,,,,,,*6C


$WIND,,,T,,,R*12


$OWN,0,261187000,0,100000.0,11.0,15.955702,54.804165,1.8,23.0,0.0,0.0,,1,,,,,,,,,,,,,,,*62


$WIND,,,T,,,R*12


$OWN,0,261187000,0,100000.0,11.0,15.955720,54.804214,2.8,26.0,0.0,0.0,,1,,,,,,,,,,,,,,,*61


$WIND,,,T,,,R*12


$OWN,0,261187000,0,100000.0,11.0,15.955720,54.804214,2.8,29.0,0.0,0.0,,1,,,,,,,,,,,,,,,*6E


$WIND,,,T,,,R*12


$OWN,0,261187000,0,100000.0,10.9,15.955742,54.804260,4.0,33.0,0.0,0.0,,1,,,,,,,,,,,,,,,*64


$WIND,,,T,,,R*12


$OWN,0,261187000,0,100000.0,10.8,15.955767,54.804306,5.3,37.0,0.0,0.0,,1,,,,,,,,,,,,,,,*65


$WIND,,,T,,,R*12


$OWN,0,261187000,0,100000.0,10.7,15.955795,54.804348,6.7,40.0,0.0,0.0,,1,,,,,,,,,,,,,,,*6A


$WIND,,,T,,,R*12


$OWN,0,261187000,0,100000.0,10.4,15.955863,54.804428,10.0,44.0,0.0,0.0,,1,,,,,,,,,,,,,,,*5A


$WIND,,,T,,,R*12


$OWN,0,261187000,0,100000.0,10.3,15.955902,54.804466,11.8,47.0,0.0,0.0,,1,,,,,,,,,,,,,,,*5B


$WIND,,,T,,,R*12


$OWN,0,261187000,0,100000.0,10.1,15.955945,54.804504,13.7,51.0,0.0,0.0,,1,,,,,,,,,,,,,,,*55


$WIND,,,T,,,R*12


$OWN,0,261187000,0,100000.0,10.0,15.955988,54.804535,15.8,54.0,0.0,0.0,,1,,,,,,,,,,,,,,,*5B


$WIND,,,T,,,R*12


$OWN,0,261187000,0,100000.0,9.8,15.956037,54.804565,18.0,58.0,0.0,0.0,,1,,,,,,,,,,,,,,,*69


$WIND,,,T,,,R*12


$OWN,0,261187000,0,100000.0,9.4,15.956137,54.804619,22.5,65.0,0.0,0.0,,1,,,,,,,,,,,,,,,*6E


$WIND,,,T,,,R*12


$OWN,0,261187000,0,100000.0,9.2,15.956186,54.804646,24.9,68.0,0.0,0.0,,1,,,,,,,,,,,,,,,*6F


$WIND,,,T,,,R*12


$OWN,0,261187000,0,100000.0,9.0,15.956240,54.804668,27.3,71.0,0.0,0.0,,1,,,,,,,,,,,,,,,*69


$WIND,,,T,,,R*12


$OWN,0,261187000,0,100000.0,8.8,15.956295,54.804688,29.8,75.0,0.0,0.0,,1,,,,,,,,,,,,,,,*67


$WIND,,,T,,,R*12


$OWN,0,261187000,0,100000.0,8.5,15.956350,54.804703,32.6,78.0,0.0,0.0,,1,,,,,,,,,,,,,,,*69


$WIND,,,T,,,R*12


$OWN,0,261187000,0,100000.0,8.3,15.956405,54.804718,35.3,81.0,0.0,0.0,,1,,,,,,,,,,,,,,,*66


$WIND,,,T,,,R*12


$OWN,0,261187000,0,100000.0,8.1,15.956460,54.804729,38.0,85.0,0.0,0.0,,1,,,,,,,,,,,,,,,*6F


$WIND,,,T,,,R*12


$OWN,0,261187000,0,100000.0,7.9,15.956516,54.804737,40.8,88.0,0.0,0.0,,1,,,,,,,,,,,,,,,*6D


$WIND,,,T,,,R*12


$OWN,0,261187000,0,100000.0,7.9,15.956516,54.804737,40.8,88.0,0.0,0.0,,1,,,,,,,,,,,,,,,*6D


$WIND,,,T,,,R*12


$OWN,0,261187000,0,100000.0,7.7,15.956572,54.804749,43.5,91.0,0.0,0.0,,1,,,,,,,,,,,,,,,*6E


$WIND,,,T,,,R*12


$OWN,0,261187000,0,100000.0,7.6,15.956625,54.804752,46.2,94.0,0.0,0.0,,1,,,,,,,,,,,,,,,*63


$WIND,,,T,,,R*12


$OWN,0,261187000,0,100000.0,7.4,15.956680,54.804760,49.0,98.0,0.0,0.0,,1,,,,,,,,,,,,,,,*6E


$WIND,,,T,,,R*12


$OWN,0,261187000,0,100000.0,7.2,15.956734,54.804764,51.9,101.0,0.0,0.0,,1,,,,,,,,,,,,,,,*53


$WIND,,,T,,,R*12


$OWN,0,261187000,0,100000.0,7.0,15.956785,54.804764,54.7,104.0,0.0,0.0,,1,,,,,,,,,,,,,,,*55


$WIND,,,T,,,R*12


$OWN,0,261187000,0,100000.0,6.7,15.956886,54.804760,60.7,107.0,0.0,0.0,,1,,,,,,,,,,,,,,,*5F


$WIND,,,T,,,R*12


$AIS,0,371281000,0,0.0,9.6,15.708830,54.742908,260.0,258.0,-15969.09,-6854.29,,1,,,,,,,,,,,,,,,*6E


$OWN,0,261187000,0,100000.0,6.5,15.956937,54.804760,63.7,110.0,0.0,0.0,,1,,,,,,,,,,,,,,,*53


$WIND,,,T,,,R*12


$AIS,0,371281000,0,0.0,9.6,15.708830,54.742908,260.0,258.0,-15972.34,-6854.28,,1,,,,,,,,,,,,,,,*6B


$OWN,0,261187000,0,100000.0,6.4,15.956984,54.804752,66.8,113.0,0.0,0.0,,1,,,,,,,,,,,,,,,*52


$WIND,,,T,,,R*12


$AIS,0,371281000,0,0.0,9.6,15.708830,54.742908,260.0,258.0,-15975.35,-6853.42,,1,,,,,,,,,,,,,,,*66


$AIS,0,273370640,3,-0.4,0.0,15.355607,54.832809,,21.0,-38628.73,3287.80,,1,,,,,,,,,,,,,,,*7A


$OWN,0,261187000,0,100000.0,6.2,15.957030,54.804749,69.9,117.0,0.0,0.0,,1,,,,,,,,,,,,,,,*53


$WIND,,,T,,,R*12


$AIS,0,371281000,0,0.0,9.6,15.708830,54.742908,260.0,258.0,-15978.36,-6852.98,,1,,,,,,,,,,,,,,,*6E


$AIS,0,273370640,3,-0.4,0.0,15.355607,54.832809,,21.0,-38631.73,3288.25,,1,,,,,,,,,,,,,,,*72


$OWN,0,261187000,0,100000.0,6.2,15.957030,54.804749,69.9,120.0,0.0,0.0,,1,,,,,,,,,,,,,,,*57


$WIND,,,T,,,R*12


$AIS,0,371281000,0,0.0,9.6,15.708830,54.742908,260.0,258.0,-15978.36,-6852.98,,1,,,,,,,,,,,,,,,*6E


$AIS,0,273370640,3,-0.4,0.0,15.355607,54.832809,,21.0,-38631.73,3288.25,,1,,,,,,,,,,,,,,,*72


$AIS,0,273418880,0,0.0,0.4,15.456020,54.812981,33.7,96.0,-32197.63,1031.08,,1,,,,,,,,,,,,,,,*4B


$OWN,0,261187000,0,100000.0,6.1,15.957073,54.804737,72.8,123.0,0.0,0.0,,1,,,,,,,,,,,,,,,*52


$WIND,,,T,,,R*12


$AIS,0,371281000,0,0.0,9.6,15.708830,54.742908,260.0,258.0,-15981.12,-6851.70,,1,,,,,,,,,,,,,,,*6B


$AIS,0,273370640,3,-0.4,0.0,15.355607,54.832809,,21.0,-38634.49,3289.54,,1,,,,,,,,,,,,,,,*79


$AIS,0,273418880,0,0.0,0.4,15.456020,54.812981,33.7,96.0,-32200.39,1032.38,,1,,,,,,,,,,,,,,,*49


$AIS,0,273399760,3,0.2,0.0,15.349760,54.830276,230.7,231.0,-39012.50,3010.93,,1,,,,,,,,,,,,,,,*42


$OWN,0,261187000,0,100000.0,6.0,15.957118,54.804733,75.6,126.0,0.0,0.0,,1,,,,,,,,,,,,,,,*57


$WIND,,,T,,,R*12


$AIS,0,371281000,0,0.0,9.6,15.708830,54.742908,260.0,258.0,-15984.00,-6851.26,,1,,,,,,,,,,,,,,,*6E


$AIS,0,273370640,3,-0.4,0.0,15.355607,54.832809,,21.0,-38637.37,3289.99,,1,,,,,,,,,,,,,,,*72


$AIS,0,273418880,0,0.0,0.4,15.456020,54.812981,33.7,96.0,-32203.27,1032.82,,1,,,,,,,,,,,,,,,*44


$AIS,0,273399760,3,0.2,0.0,15.349760,54.830276,230.7,231.0,-39015.38,3011.38,,1,,,,,,,,,,,,,,,*4B


$OWN,0,261187000,0,100000.0,5.8,15.957160,54.804722,78.5,129.0,0.0,0.0,,1,,,,,,,,,,,,,,,*52


$WIND,,,T,,,R*12


$AIS,0,371281000,0,0.0,9.6,15.708830,54.742908,260.0,258.0,-15986.71,-6849.98,,1,,,,,,,,,,,,,,,*66


$AIS,0,273370640,3,-0.4,0.0,15.355607,54.832809,,21.0,-38640.06,3291.29,,1,,,,,,,,,,,,,,,*72


$AIS,0,273418880,0,0.0,0.4,15.456020,54.812981,33.7,96.0,-32205.96,1034.11,,1,,,,,,,,,,,,,,,*44


$AIS,0,273399760,3,0.2,0.0,15.349760,54.830276,230.7,231.0,-39018.07,3012.68,,1,,,,,,,,,,,,,,,*4C


$OWN,0,261187000,0,100000.0,5.7,15.957202,54.804710,81.5,132.0,0.0,0.0,,1,,,,,,,,,,,,,,,*57


$WIND,,,T,,,R*12


$AIS,0,371281000,0,0.0,9.6,15.708830,54.742908,260.0,258.0,-15989.41,-6848.70,,1,,,,,,,,,,,,,,,*6D


$AIS,0,273370640,3,-0.4,0.0,15.355607,54.832809,,21.0,-38642.76,3292.59,,1,,,,,,,,,,,,,,,*73


$AIS,0,273418880,0,0.0,0.4,15.456020,54.812981,33.7,96.0,-32208.66,1035.41,,1,,,,,,,,,,,,,,,*42


$AIS,0,273399760,3,0.2,0.0,15.349760,54.830276,230.7,231.0,-39020.77,3013.97,,1,,,,,,,,,,,,,,,*41


$OWN,0,261187000,0,100000.0,5.6,15.957240,54.804699,84.7,135.0,0.0,0.0,,1,,,,,,,,,,,,,,,*50


$WIND,,,T,,,R*12


$AIS,0,371281000,0,0.0,9.6,15.708830,54.742908,260.0,258.0,-15991.86,-6847.42,,1,,,,,,,,,,,,,,,*61


$AIS,0,273370640,3,-0.4,0.0,15.355607,54.832809,,21.0,-38645.21,3293.88,,1,,,,,,,,,,,,,,,*7B


$AIS,0,273418880,0,0.0,0.4,15.456020,54.812981,33.7,96.0,-32211.11,1036.70,,1,,,,,,,,,,,,,,,*4B


$AIS,0,273399760,3,0.2,0.0,15.349760,54.830276,230.7,231.0,-39023.22,3015.27,,1,,,,,,,,,,,,,,,*4F


$OWN,0,261187000,0,100000.0,5.5,15.957276,54.804688,87.8,138.0,0.0,0.0,,1,,,,,,,,,,,,,,,*57


$WIND,,,T,,,R*12


$AIS,0,273370640,3,-0.4,0.0,15.355607,54.832809,,21.0,-38647.54,3295.17,,1,,,,,,,,,,,,,,,*7B


$AIS,0,273418880,0,0.0,0.4,15.456020,54.812981,33.7,96.0,-32213.44,1037.99,,1,,,,,,,,,,,,,,,*4F


$AIS,0,273399760,3,0.2,0.0,15.349760,54.830276,230.7,231.0,-39025.55,3016.56,,1,,,,,,,,,,,,,,,*4C


$OWN,0,261187000,0,100000.0,5.4,15.957314,54.804672,90.7,141.0,0.0,0.0,,1,,,,,,,,,,,,,,,*51


$WIND,,,T,,,R*12


$AIS,0,273370640,3,-0.4,0.0,15.355607,54.832809,,21.0,-38652.07,3298.18,,1,,,,,,,,,,,,,,,*7B


$AIS,0,273418880,0,0.0,0.4,15.456020,54.812981,33.7,96.0,-32217.98,1040.99,,1,,,,,,,,,,,,,,,*4A


$AIS,0,273399760,3,0.2,0.0,15.349760,54.830276,230.7,231.0,-39030.08,3019.57,,1,,,,,,,,,,,,,,,*4E


$OWN,0,261187000,0,100000.0,5.3,15.957347,54.804661,93.7,144.0,0.0,0.0,,1,,,,,,,,,,,,,,,*54


$WIND,,,T,,,R*12


$AIS,0,273418880,0,0.0,0.4,15.456020,54.812981,33.7,96.0,-32220.12,1042.71,,1,,,,,,,,,,,,,,,*48


$AIS,0,273399760,3,0.2,0.0,15.349760,54.830276,230.7,231.0,-39032.23,3021.29,,1,,,,,,,,,,,,,,,*47


$OWN,0,261187000,0,100000.0,5.2,15.957380,54.804646,96.7,147.0,0.0,0.0,,1,,,,,,,,,,,,,,,*5D


$WIND,,,T,,,R*12


$AIS,0,273418880,0,0.0,0.4,15.456020,54.812981,33.7,96.0,-32222.14,1044.42,,1,,,,,,,,,,,,,,,*4A


$AIS,0,273399760,3,0.2,0.0,15.349760,54.830276,230.7,231.0,-39034.25,3023.00,,1,,,,,,,,,,,,,,,*4E


$OWN,0,261187000,0,100000.0,5.1,15.957412,54.804630,99.8,150.0,0.0,0.0,,1,,,,,,,,,,,,,,,*55


$WIND,,,T,,,R*12


$AIS,0,273399760,3,0.2,0.0,15.349760,54.830276,230.7,231.0,-39034.25,3023.00,,1,,,,,,,,,,,,,,,*4E


$OWN,0,261187000,0,100000.0,5.0,15.957440,54.804615,102.9,153.0,0.0,0.0,,1,,,,,,,,,,,,,,,*65


$WIND,,,T,,,R*12


$OWN,0,261187000,0,100000.0,4.9,15.957467,54.804596,105.9,156.0,0.0,0.0,,1,,,,,,,,,,,,,,,*62


$WIND,,,T,,,R*12


$AIS,0,273418880,0,0.0,0.4,15.456038,54.813000,17.8,95.0,-32224.52,1050.38,,1,,,,,,,,,,,,,,,*44


$OWN,0,261187000,0,100000.0,4.9,15.957492,54.804581,108.8,159.0,0.0,0.0,,1,,,,,,,,,,,,,,,*6D


$WIND,,,T,,,R*12


$AIS,0,273418880,0,0.0,0.4,15.456038,54.813000,17.8,95.0,-32226.11,1052.09,,1,,,,,,,,,,,,,,,*41


$OWN,0,261187000,0,100000.0,4.8,15.957517,54.804562,111.7,162.0,0.0,0.0,,1,,,,,,,,,,,,,,,*62


$WIND,,,T,,,R*12


$AIS,0,273418880,0,0.0,0.4,15.456038,54.813000,17.8,95.0,-32227.71,1054.22,,1,,,,,,,,,,,,,,,*49


$OWN,0,261187000,0,100000.0,4.7,15.957539,54.804543,114.6,165.0,0.0,0.0,,1,,,,,,,,,,,,,,,*61


$WIND,,,T,,,R*12


$AIS,0,273418880,0,0.0,0.4,15.456038,54.813000,17.8,95.0,-32229.12,1056.35,,1,,,,,,,,,,,,,,,*46


$AIS,0,371281000,0,0.0,9.6,15.707398,54.742775,260.2,258.0,-16103.29,-6844.47,,1,,,,,,,,,,,,,,,*62


$OWN,0,261187000,0,100000.0,4.7,15.957560,54.804523,117.6,168.0,0.0,0.0,,1,,,,,,,,,,,,,,,*65


$WIND,,,T,,,R*12


$AIS,0,273418880,0,0.0,0.4,15.456038,54.813000,17.8,95.0,-32230.46,1058.49,,1,,,,,,,,,,,,,,,*4A


$AIS,0,371281000,0,0.0,9.6,15.707398,54.742775,260.2,258.0,-16104.64,-6842.35,,1,,,,,,,,,,,,,,,*6F


$OWN,0,261187000,0,100000.0,4.6,15.957579,54.804504,120.5,170.0,0.0,0.0,,1,,,,,,,,,,,,,,,*67


$WIND,,,T,,,R*12


$AIS,0,273418880,0,0.0,0.4,15.456038,54.813000,17.8,95.0,-32231.69,1060.62,,1,,,,,,,,,,,,,,,*44


$AIS,0,371281000,0,0.0,9.6,15.707398,54.742775,260.2,258.0,-16105.86,-6840.22,,1,,,,,,,,,,,,,,,*66


$OWN,0,261187000,0,100000.0,4.5,15.957595,54.804485,123.5,173.0,0.0,0.0,,1,,,,,,,,,,,,,,,*6E


$WIND,,,T,,,R*12


$AIS,0,273418880,0,0.0,0.4,15.456038,54.813000,17.8,95.0,-32232.73,1062.75,,1,,,,,,,,,,,,,,,*48


$AIS,0,371281000,0,0.0,9.6,15.707398,54.742775,260.2,258.0,-16106.91,-6838.09,,1,,,,,,,,,,,,,,,*65


$AIS,0,273370640,3,-7.5,0.2,15.355598,54.832779,252.0,21.0,-38668.58,3314.46,,1,,,,,,,,,,,,,,,*54


$OWN,0,261187000,0,100000.0,4.5,15.957612,54.804466,126.3,176.0,0.0,0.0,,1,,,,,,,,,,,,,,,*69


$WIND,,,T,,,R*12


$AIS,0,273418880,0,0.0,0.4,15.456038,54.813000,17.8,95.0,-32233.83,1064.88,,1,,,,,,,,,,,,,,,*42


$AIS,0,371281000,0,0.0,9.6,15.707398,54.742775,260.2,258.0,-16108.01,-6835.97,,1,,,,,,,,,,,,,,,*68


$AIS,0,273370640,3,-7.5,0.2,15.355598,54.832779,252.0,21.0,-38669.68,3316.59,,1,,,,,,,,,,,,,,,*5A


$OWN,0,261187000,0,100000.0,4.4,15.957623,54.804447,129.3,179.0,0.0,0.0,,1,,,,,,,,,,,,,,,*69


$WIND,,,T,,,R*12


$AIS,0,273418880,0,0.0,0.4,15.456038,54.813000,17.8,95.0,-32234.57,1067.00,,1,,,,,,,,,,,,,,,*4F


$AIS,0,371281000,0,0.0,9.6,15.707398,54.742775,260.2,258.0,-16108.75,-6833.84,,1,,,,,,,,,,,,,,,*6F


$AIS,0,273370640,3,-7.5,0.2,15.355598,54.832779,252.0,21.0,-38670.41,3318.72,,1,,,,,,,,,,,,,,,*5E


$OWN,0,261187000,0,100000.0,4.4,15.957637,54.804428,132.2,182.0,0.0,0.0,,1,,,,,,,,,,,,,,,*6A


$WIND,,,T,,,R*12


$AIS,0,273418880,0,0.0,0.4,15.456038,54.813000,17.8,95.0,-32235.43,1069.13,,1,,,,,,,,,,,,,,,*47


$AIS,0,371281000,0,0.0,9.6,15.707398,54.742775,260.2,258.0,-16109.61,-6831.72,,1,,,,,,,,,,,,,,,*60


$AIS,0,273370640,3,-7.5,0.2,15.355598,54.832779,252.0,21.0,-38671.27,3320.85,,1,,,,,,,,,,,,,,,*5C


$OWN,0,261187000,0,100000.0,4.3,15.957645,54.804405,135.2,185.0,0.0,0.0,,1,,,,,,,,,,,,,,,*67


$WIND,,,T,,,R*12


$AIS,0,371281000,0,0.0,9.6,15.707398,54.742775,260.2,258.0,-16110.16,-6829.17,,1,,,,,,,,,,,,,,,*62


$AIS,0,273370640,3,-7.5,0.2,15.355598,54.832779,252.0,21.0,-38671.82,3323.40,,1,,,,,,,,,,,,,,,*59


$AIS,0,273399760,3,0.0,0.0,15.349760,54.830299,230.7,231.0,-39049.23,3050.73,,1,,,,,,,,,,,,,,,*41


$OWN,0,261187000,0,100000.0,4.3,15.957653,54.804386,138.1,187.0,0.0,0.0,,1,,,,,,,,,,,,,,,*60


$WIND,,,T,,,R*12


$AIS,0,371281000,0,0.0,9.6,15.707398,54.742775,260.2,258.0,-16110.65,-6827.04,,1,,,,,,,,,,,,,,,*6A


$AIS,0,273370640,3,-7.5,0.2,15.355598,54.832779,252.0,21.0,-38672.31,3325.52,,1,,,,,,,,,,,,,,,*57


$AIS,0,273399760,3,0.0,0.0,15.349760,54.830299,230.7,231.0,-39049.72,3052.85,,1,,,,,,,,,,,,,,,*4E


$OWN,0,261187000,0,100000.0,4.2,15.957662,54.804367,140.9,190.0,0.0,0.0,,1,,,,,,,,,,,,,,,*6D


$WIND,,,T,,,R*12


$AIS,0,371281000,0,0.0,9.6,15.707398,54.742775,260.2,258.0,-16111.21,-6824.92,,1,,,,,,,,,,,,,,,*67


$AIS,0,273370640,3,-7.5,0.2,15.355598,54.832779,252.0,21.0,-38672.87,3327.65,,1,,,,,,,,,,,,,,,*5C


$AIS,0,273399760,3,0.0,0.0,15.349760,54.830299,230.7,231.0,-39050.28,3054.98,,1,,,,,,,,,,,,,,,*43


$OWN,0,261187000,0,100000.0,4.2,15.957666,54.804348,143.6,193.0,0.0,0.0,,1,,,,,,,,,,,,,,,*6B


$WIND,,,T,,,R*12


$AIS,0,371281000,0,0.0,9.6,15.707398,54.742775,260.2,258.0,-16111.51,-6822.79,,1,,,,,,,,,,,,,,,*63


$AIS,0,273370640,3,-7.5,0.2,15.355598,54.832779,252.0,21.0,-38673.17,3329.78,,1,,,,,,,,,,,,,,,*56


$AIS,0,273399760,3,0.0,0.0,15.349760,54.830299,230.7,231.0,-39050.58,3057.10,,1,,,,,,,,,,,,,,,*47


$OWN,0,261187000,0,100000.0,4.1,15.957670,54.804325,146.4,196.0,0.0,0.0,,1,,,,,,,,,,,,,,,*66


$WIND,,,T,,,R*12


$AIS,0,273370640,3,-7.5,0.2,15.355598,54.832779,252.0,21.0,-38673.60,3334.45,,1,,,,,,,,,,,,,,,*54


$AIS,0,273399760,3,0.0,0.0,15.349760,54.830299,230.7,231.0,-39051.01,3061.78,,1,,,,,,,,,,,,,,,*41


$OWN,0,261187000,0,100000.0,4.1,15.957673,54.804306,149.3,196.0,0.0,0.0,,1,,,,,,,,,,,,,,,*6C


$WIND,,,T,,,R*12


$AIS,0,273370640,3,-7.5,0.2,15.355598,54.832779,252.0,21.0,-38673.60,3336.57,,1,,,,,,,,,,,,,,,*55


$AIS,0,273399760,3,0.0,0.0,15.349760,54.830299,230.7,231.0,-39051.01,3063.90,,1,,,,,,,,,,,,,,,*45


$OWN,0,261187000,0,100000.0,4.1,15.957673,54.804287,152.2,198.0,0.0,0.0,,1,,,,,,,,,,,,,,,*61


$WIND,,,T,,,R*12


$AIS,0,273399760,3,0.0,0.0,15.349760,54.830299,230.7,231.0,-39050.83,3066.02,,1,,,,,,,,,,,,,,,*40


$OWN,0,261187000,0,100000.0,4.0,15.957670,54.804268,155.1,201.0,0.0,0.0,,1,,,,,,,,,,,,,,,*65


$WIND,,,T,,,R*12


$AIS,0,273399760,3,0.0,0.0,15.349760,54.830299,230.7,231.0,-39050.71,3068.57,,1,,,,,,,,,,,,,,,*43


$OWN,0,261187000,0,100000.0,4.0,15.957668,54.804245,157.8,206.0,0.0,0.0,,1,,,,,,,,,,,,,,,*6F


$WIND,,,T,,,R*12


$AIS,0,273399760,3,0.0,0.0,15.349760,54.830299,230.7,231.0,-39050.71,3068.57,,1,,,,,,,,,,,,,,,*43


$OWN,0,261187000,0,100000.0,4.0,15.957664,54.804230,160.6,209.0,0.0,0.0,,1,,,,,,,,,,,,,,,*64


$WIND,,,T,,,R*12


$AIS,0,273399760,3,0.0,0.0,15.349760,54.830299,230.7,231.0,-39050.40,3070.26,,1,,,,,,,,,,,,,,,*4E


$OWN,0,261187000,0,100000.0,3.9,15.957660,54.804207,163.2,212.0,0.0,0.0,,1,,,,,,,,,,,,,,,*67


$WIND,,,T,,,R*12


$OWN,0,261187000,0,100000.0,3.9,15.957653,54.804192,166.0,215.0,0.0,0.0,,1,,,,,,,,,,,,,,,*68


$WIND,,,T,,,R*12


$OWN,0,261187000,0,100000.0,3.9,15.957645,54.804169,168.8,217.0,0.0,0.0,,1,,,,,,,,,,,,,,,*6F


$WIND,,,T,,,R*12


$OWN,0,261187000,0,100000.0,3.9,15.957633,54.804153,171.6,220.0,0.0,0.0,,1,,,,,,,,,,,,,,,*65


$WIND,,,T,,,R*12


$OWN,0,261187000,0,100000.0,3.8,15.957623,54.804134,174.3,223.0,0.0,0.0,,1,,,,,,,,,,,,,,,*67


$WIND,,,T,,,R*12


$OWN,0,261187000,0,100000.0,3.8,15.957612,54.804115,177.1,223.0,0.0,0.0,,1,,,,,,,,,,,,,,,*67


$WIND,,,T,,,R*12


$OWN,0,261187000,0,100000.0,3.8,15.957597,54.804100,179.9,226.0,0.0,0.0,,1,,,,,,,,,,,,,,,*6E


$WIND,,,T,,,R*12


$OWN,0,261187000,0,100000.0,3.8,15.957582,54.804085,182.5,228.0,0.0,0.0,,1,,,,,,,,,,,,,,,*60


$WIND,,,T,,,R*12


$OWN,0,261187000,0,100000.0,3.7,15.957566,54.804066,185.1,231.0,0.0,0.0,,1,,,,,,,,,,,,,,,*63


$WIND,,,T,,,R*12


$OWN,0,261187000,0,100000.0,3.7,15.957548,54.804050,187.9,234.0,0.0,0.0,,1,,,,,,,,,,,,,,,*65


$WIND,,,T,,,R*12


$OWN,0,261187000,0,100000.0,3.7,15.957530,54.804035,190.7,236.0,0.0,0.0,,1,,,,,,,,,,,,,,,*63


$WIND,,,T,,,R*12


$OWN,0,261187000,0,100000.0,3.7,15.957510,54.804024,193.4,242.0,0.0,0.0,,1,,,,,,,,,,,,,,,*62


$WIND,,,T,,,R*12


$OWN,0,261187000,0,100000.0,3.6,15.957490,54.804008,196.0,244.0,0.0,0.0,,1,,,,,,,,,,,,,,,*63


$WIND,,,T,,,R*12


$OWN,0,261187000,0,100000.0,3.6,15.957468,54.803997,198.8,247.0,0.0,0.0,,1,,,,,,,,,,,,,,,*69


$WIND,,,T,,,R*12


$OWN,0,261187000,0,100000.0,3.6,15.957447,54.803982,201.6,250.0,0.0,0.0,,1,,,,,,,,,,,,,,,*6B


$WIND,,,T,,,R*12


$OWN,0,261187000,0,100000.0,3.6,15.957421,54.803970,204.0,250.0,0.0,0.0,,1,,,,,,,,,,,,,,,*65


$WIND,,,T,,,R*12


$OWN,0,261187000,0,100000.0,3.6,15.957398,54.803959,206.8,252.0,0.0,0.0,,1,,,,,,,,,,,,,,,*63


$WIND,,,T,,,R*12


$AIS,0,273212470,3,0.0,0.0,15.326233,54.826263,152.0,251.0,-40548.72,2664.51,,1,,,,,,,,,,,,,,,*41


$OWN,0,261187000,0,100000.0,3.6,15.957374,54.803951,209.6,255.0,0.0,0.0,,1,,,,,,,,,,,,,,,*6F


$WIND,,,T,,,R*12


$AIS,0,273212470,3,0.0,0.0,15.326233,54.826263,152.0,251.0,-40547.13,2665.35,,1,,,,,,,,,,,,,,,*4A


$OWN,0,261187000,0,100000.0,3.5,15.957348,54.803940,212.2,260.0,0.0,0.0,,1,,,,,,,,,,,,,,,*6B


$WIND,,,T,,,R*12


$AIS,0,273212470,3,0.0,0.0,15.326233,54.826263,152.0,251.0,-40545.48,2666.61,,1,,,,,,,,,,,,,,,*44


$OWN,0,261187000,0,100000.0,3.5,15.957322,54.803932,215.1,263.0,0.0,0.0,,1,,,,,,,,,,,,,,,*65


$WIND,,,T,,,R*12


$AIS,0,273212470,3,0.0,0.0,15.326233,54.826263,152.0,251.0,-40543.82,2667.44,,1,,,,,,,,,,,,,,,*42


$AIS,0,273418880,0,0.0,0.4,15.456099,54.813061,32.9,90.0,-32211.29,1130.94,,1,,,,,,,,,,,,,,,*40


$OWN,0,261187000,0,100000.0,3.5,15.957294,54.803925,217.9,266.0,0.0,0.0,,1,,,,,,,,,,,,,,,*60


$WIND,,,T,,,R*12


$AIS,0,273212470,3,0.0,0.0,15.326233,54.826263,152.0,251.0,-40541.99,2668.27,,1,,,,,,,,,,,,,,,*40


$AIS,0,273418880,0,0.0,0.4,15.456099,54.813061,32.9,90.0,-32209.46,1131.77,,1,,,,,,,,,,,,,,,*4C


$OWN,0,261187000,0,100000.0,3.5,15.957267,54.803917,220.6,268.0,0.0,0.0,,1,,,,,,,,,,,,,,,*68


$WIND,,,T,,,R*12


$AIS,0,273212470,3,0.0,0.0,15.326233,54.826263,152.0,251.0,-40540.27,2669.11,,1,,,,,,,,,,,,,,,*40


$AIS,0,273418880,0,0.0,0.4,15.456099,54.813061,32.9,90.0,-32207.74,1132.61,,1,,,,,,,,,,,,,,,*47


$OWN,0,261187000,0,100000.0,3.5,15.957238,54.803909,223.5,271.0,0.0,0.0,,1,,,,,,,,,,,,,,,*65


$WIND,,,T,,,R*12


$AIS,0,273212470,3,0.0,0.0,15.326233,54.826263,152.0,251.0,-40538.43,2669.94,,1,,,,,,,,,,,,,,,*40


$AIS,0,273418880,0,0.0,0.4,15.456099,54.813061,32.9,90.0,-32205.90,1133.44,,1,,,,,,,,,,,,,,,*49


$OWN,0,261187000,0,100000.0,3.5,15.957210,54.803905,226.3,274.0,0.0,0.0,,1,,,,,,,,,,,,,,,*65


$WIND,,,T,,,R*12


$AIS,0,273212470,3,0.0,0.0,15.326233,54.826263,152.0,251.0,-40536.59,2670.35,,1,,,,,,,,,,,,,,,*46


$AIS,0,273418880,0,0.0,0.4,15.456099,54.813061,32.9,90.0,-32204.06,1133.85,,1,,,,,,,,,,,,,,,*4A


$OWN,0,261187000,0,100000.0,3.4,15.957182,54.803902,229.0,276.0,0.0,0.0,,1,,,,,,,,,,,,,,,*65


$WIND,,,T,,,R*12


$AIS,0,273212470,3,0.0,0.0,15.326233,54.826263,152.0,251.0,-40534.82,2670.76,,1,,,,,,,,,,,,,,,*45


$AIS,0,273418880,0,0.0,0.4,15.456099,54.813061,32.9,90.0,-32202.28,1134.27,,1,,,,,,,,,,,,,,,*4F


$OWN,0,261187000,0,100000.0,3.4,15.957153,54.803894,231.7,279.0,0.0,0.0,,1,,,,,,,,,,,,,,,*66


$WIND,,,T,,,R*12


$AIS,0,273212470,3,0.0,0.0,15.326233,54.826263,152.0,251.0,-40532.98,2671.59,,1,,,,,,,,,,,,,,,*44


$AIS,0,273418880,0,0.0,0.4,15.456099,54.813061,32.9,90.0,-32200.45,1135.10,,1,,,,,,,,,,,,,,,*43


$OWN,0,261187000,0,100000.0,3.4,15.957124,54.803890,234.5,282.0,0.0,0.0,,1,,,,,,,,,,,,,,,*61


$WIND,,,T,,,R*12


$AIS,0,273212470,3,0.0,0.0,15.326233,54.826263,152.0,251.0,-40531.08,2672.00,,1,,,,,,,,,,,,,,,*41


$AIS,0,273418880,0,0.0,0.4,15.456099,54.813061,32.9,90.0,-32198.55,1135.51,,1,,,,,,,,,,,,,,,*45


$OWN,0,261187000,0,100000.0,3.4,15.957095,54.803890,237.2,285.0,0.0,0.0,,1,,,,,,,,,,,,,,,*69


$WIND,,,T,,,R*12


$AIS,0,273418880,0,0.0,0.4,15.456099,54.813061,32.9,90.0,-32196.71,1135.50,,1,,,,,,,,,,,,,,,*4C


$OWN,0,261187000,0,100000.0,3.4,15.957095,54.803890,237.2,285.0,0.0,0.0,,1,,,,,,,,,,,,,,,*69


$WIND,,,T,,,R*12


$AIS,0,273418880,0,0.0,0.4,15.456099,54.813061,32.9,90.0,-32196.71,1135.50,,1,,,,,,,,,,,,,,,*4C


$OWN,0,261187000,0,100000.0,3.4,15.957065,54.803890,240.0,288.0,0.0,0.0,,1,,,,,,,,,,,,,,,*69


$WIND,,,T,,,R*12


$AIS,0,273399760,3,0.0,0.0,15.349736,54.830326,230.7,231.0,-39013.43,3110.69,,1,,,,,,,,,,,,,,,*40


$OWN,0,261187000,0,100000.0,3.4,15.957037,54.803890,242.9,290.0,0.0,0.0,,1,,,,,,,,,,,,,,,*6C


$WIND,,,T,,,R*12


$AIS,0,273399760,3,0.0,0.0,15.349736,54.830326,230.7,231.0,-39011.66,3110.68,,1,,,,,,,,,,,,,,,*44


$OWN,0,261187000,0,100000.0,3.4,15.957005,54.803890,245.8,293.0,0.0,0.0,,1,,,,,,,,,,,,,,,*68


$WIND,,,T,,,R*12


$AIS,0,273399760,3,0.0,0.0,15.349736,54.830326,230.7,231.0,-39009.57,3110.66,,1,,,,,,,,,,,,,,,*41


$OWN,0,261187000,0,100000.0,3.3,15.956946,54.803890,251.6,296.0,0.0,0.0,,1,,,,,,,,,,,,,,,*6E


$WIND,,,T,,,R*12


$AIS,0,273399760,3,0.0,0.0,15.349736,54.830326,230.7,231.0,-39005.84,3110.63,,1,,,,,,,,,,,,,,,*46


$OWN,0,261187000,0,100000.0,3.3,15.956919,54.803894,254.5,298.0,0.0,0.0,,1,,,,,,,,,,,,,,,*68


$WIND,,,T,,,R*12


$AIS,0,273399760,3,0.0,0.0,15.349736,54.830326,230.7,231.0,-39004.06,3110.19,,1,,,,,,,,,,,,,,,*40


$OWN,0,261187000,0,100000.0,3.3,15.956890,54.803898,257.3,304.0,0.0,0.0,,1,,,,,,,,,,,,,,,*65


$WIND,,,T,,,R*12


$AIS,0,273399760,3,0.0,0.0,15.349736,54.830326,230.7,231.0,-39002.22,3109.75,,1,,,,,,,,,,,,,,,*42


$OWN,0,261187000,0,100000.0,3.3,15.956861,54.803902,260.2,307.0,0.0,0.0,,1,,,,,,,,,,,,,,,*6F


$WIND,,,T,,,R*12


$AIS,0,273399760,3,0.0,0.0,15.349736,54.830326,230.7,231.0,-39000.38,3109.31,,1,,,,,,,,,,,,,,,*4B


$OWN,0,261187000,0,100000.0,3.3,15.956833,54.803909,263.2,309.0,0.0,0.0,,1,,,,,,,,,,,,,,,*6E


$WIND,,,T,,,R*12


$AIS,0,273399760,3,0.0,0.0,15.349736,54.830326,230.7,231.0,-38998.55,3108.44,,1,,,,,,,,,,,,,,,*4A


$OWN,0,261187000,0,100000.0,3.3,15.956805,54.803913,266.1,312.0,0.0,0.0,,1,,,,,,,,,,,,,,,*6C


$WIND,,,T,,,R*12


$AIS,0,273399760,3,0.0,0.0,15.349736,54.830326,230.7,231.0,-38996.77,3108.00,,1,,,,,,,,,,,,,,,*44


$OWN,0,261187000,0,100000.0,3.3,15.956805,54.803913,266.1,312.0,0.0,0.0,,1,,,,,,,,,,,,,,,*6C


$WIND,,,T,,,R*12


$AIS,0,273399760,3,0.0,0.0,15.349736,54.830326,230.7,231.0,-38996.77,3108.00,,1,,,,,,,,,,,,,,,*44


$OWN,0,261187000,0,100000.0,3.3,15.956780,54.803921,269.0,315.0,0.0,0.0,,1,,,,,,,,,,,,,,,*66


$WIND,,,T,,,R*12


$OWN,0,261187000,0,100000.0,3.3,15.956754,54.803928,271.9,317.0,0.0,0.0,,1,,,,,,,,,,,,,,,*64


$WIND,,,T,,,R*12


$OWN,0,261187000,0,100000.0,3.3,15.956728,54.803936,274.8,320.0,0.0,0.0,,1,,,,,,,,,,,,,,,*60


$WIND,,,T,,,R*12


$OWN,0,261187000,0,100000.0,3.3,15.956703,54.803944,277.6,323.0,0.0,0.0,,1,,,,,,,,,,,,,,,*62


$WIND,,,T,,,R*12


$OWN,0,261187000,0,100000.0,3.3,15.956680,54.803955,280.7,325.0,0.0,0.0,,1,,,,,,,,,,,,,,,*67


$WIND,,,T,,,R*12


$OWN,0,261187000,0,100000.0,3.3,15.956615,54.803989,289.4,331.0,0.0,0.0,,1,,,,,,,,,,,,,,,*65


$WIND,,,T,,,R*12


$OWN,0,261187000,0,100000.0,3.3,15.956594,54.804001,292.2,333.0,0.0,0.0,,1,,,,,,,,,,,,,,,*6F


$WIND,,,T,,,R*12


$OWN,0,261187000,0,100000.0,3.3,15.956573,54.804012,295.0,335.0,0.0,0.0,,1,,,,,,,,,,,,,,,*67


$WIND,,,T,,,R*12


$OWN,0,261187000,0,100000.0,3.3,15.956555,54.804028,297.7,337.0,0.0,0.0,,1,,,,,,,,,,,,,,,*6D


$WIND,,,T,,,R*12


$OWN,0,261187000,0,100000.0,3.3,15.956535,54.804043,300.5,337.0,0.0,0.0,,1,,,,,,,,,,,,,,,*6B


$WIND,,,T,,,R*12


$OWN,0,261187000,0,100000.0,3.4,15.956518,54.804058,303.4,339.0,0.0,0.0,,1,,,,,,,,,,,,,,,*65


$WIND,,,T,,,R*12


$OWN,0,261187000,0,100000.0,3.4,15.956502,54.804073,306.1,341.0,0.0,0.0,,1,,,,,,,,,,,,,,,*68


$WIND,,,T,,,R*12


$OWN,0,261187000,0,100000.0,3.4,15.956487,54.804089,308.9,342.0,0.0,0.0,,5,9161247,SNHA   ,NAWIGATOR XXI       ,99,17,43,4,6,2,5,21,12,0,3.4,SZCZECIN            *71


$WIND,,,T,,,R*12


$OWN,0,261187000,0,100000.0,3.5,15.956471,54.804104,311.6,345.0,0.0,0.0,,5,9161247,SNHA   ,NAWIGATOR XXI       ,99,17,43,4,6,2,5,21,12,0,3.4,SZCZECIN            *7D


$WIND,,,T,,,R*12


$OWN,0,261187000,0,100000.0,3.5,15.956458,54.804123,314.2,347.0,0.0,0.0,,5,9161247,SNHA   ,NAWIGATOR XXI       ,99,17,43,4,6,2,5,21,12,0,3.4,SZCZECIN            *70


$WIND,,,T,,,R*12


$OWN,0,261187000,0,100000.0,3.5,15.956445,54.804138,316.9,348.0,0.0,0.0,,5,9161247,SNHA   ,NAWIGATOR XXI       ,99,17,43,4,6,2,5,21,12,0,3.4,SZCZECIN            *70


$WIND,,,T,,,R*12


$OWN,0,261187000,0,100000.0,3.6,15.956433,54.804157,319.3,349.0,0.0,0.0,,5,9161247,SNHA   ,NAWIGATOR XXI       ,99,17,43,4,6,2,5,21,12,0,3.4,SZCZECIN            *7F


$WIND,,,T,,,R*12


$OWN,0,261187000,0,100000.0,3.6,15.956420,54.804176,321.8,350.0,0.0,0.0,,5,9161247,SNHA   ,NAWIGATOR XXI       ,99,17,43,4,6,2,5,21,12,0,3.4,SZCZECIN            *76


$WIND,,,T,,,R*12


$OWN,0,261187000,0,100000.0,3.7,15.956410,54.804195,324.0,351.0,0.0,0.0,,5,9161247,SNHA   ,NAWIGATOR XXI       ,99,17,43,4,6,2,5,21,12,0,3.4,SZCZECIN            *75


$WIND,,,T,,,R*12


$OWN,0,261187000,0,100000.0,3.7,15.956410,54.804195,324.0,351.0,0.0,0.0,,5,9161247,SNHA   ,NAWIGATOR XXI       ,99,17,43,4,6,2,5,21,12,0,3.4,SZCZECIN            *75


$WIND,,,T,,,R*12


$OWN,0,261187000,0,100000.0,3.8,15.956388,54.804237,328.2,352.0,0.0,0.0,,5,9161247,SNHA   ,NAWIGATOR XXI       ,99,17,43,4,6,2,5,21,12,0,3.4,SZCZECIN            *7A


$WIND,,,T,,,R*12


$OWN,0,261187000,0,100000.0,3.9,15.956380,54.804256,330.1,353.0,0.0,0.0,,5,9161247,SNHA   ,NAWIGATOR XXI       ,99,17,43,4,6,2,5,21,12,0,3.4,SZCZECIN            *7F


$WIND,,,T,,,R*12


$OWN,0,261187000,0,100000.0,3.9,15.956380,54.804256,330.1,354.0,0.0,0.0,,5,9161247,SNHA   ,NAWIGATOR XXI       ,99,17,43,4,6,2,5,21,12,0,3.4,SZCZECIN            *78


$WIND,,,T,,,R*12


$OWN,0,261187000,0,100000.0,4.0,15.956370,54.804279,332.0,355.0,0.0,0.0,,5,9161247,SNHA   ,NAWIGATOR XXI       ,99,17,43,4,6,2,5,21,12,0,3.4,SZCZECIN            *76


$WIND,,,T,,,R*12


$OWN,0,261187000,0,100000.0,4.1,15.956362,54.804302,333.8,355.0,0.0,0.0,,5,9161247,SNHA   ,NAWIGATOR XXI       ,99,17,43,4,6,2,5,21,12,0,3.4,SZCZECIN            *70


$WIND,,,T,,,R*12


$OWN,0,261187000,0,100000.0,4.1,15.956353,54.804325,335.6,356.0,0.0,0.0,,5,9161247,SNHA   ,NAWIGATOR XXI       ,99,17,43,4,6,2,5,21,12,0,3.4,SZCZECIN            *7C


$WIND,,,T,,,R*12


$OWN,0,261187000,0,100000.0,4.3,15.956342,54.804371,339.0,358.0,0.0,0.0,,5,9161247,SNHA   ,NAWIGATOR XXI       ,99,17,43,4,6,2,5,21,12,0,3.4,SZCZECIN            *7B


$WIND,,,T,,,R*12


$OWN,0,261187000,0,100000.0,4.4,15.956335,54.804398,340.5,358.0,0.0,0.0,,5,9161247,SNHA   ,NAWIGATOR XXI       ,99,17,43,4,6,2,5,21,12,0,3.4,SZCZECIN            *70


$WIND,,,T,,,R*12


$OWN,0,261187000,0,100000.0,4.5,15.956330,54.804420,342.1,359.0,0.0,0.0,,5,9161247,SNHA   ,NAWIGATOR XXI       ,99,17,43,4,6,2,5,21,12,0,3.4,SZCZECIN            *77


$WIND,,,T,,,R*12


$OWN,0,261187000,0,100000.0,4.5,15.956330,54.804420,342.1,359.0,0.0,0.0,,5,9161247,SNHA   ,NAWIGATOR XXI       ,99,17,43,4,6,2,5,21,12,0,3.4,SZCZECIN            *77


$WIND,,,T,,,R*12


$OWN,0,261187000,0,100000.0,4.6,15.956326,54.804443,343.4,0.0,0.0,0.0,,5,9161247,SNHA   ,NAWIGATOR XXI       ,99,17,43,4,6,2,5,21,12,0,3.4,SZCZECIN            *7D


$WIND,,,T,,,R*12


$OWN,0,261187000,0,100000.0,4.8,15.956318,54.804497,346.0,2.0,0.0,0.0,,5,9161247,SNHA   ,NAWIGATOR XXI       ,99,17,43,4,6,2,5,21,12,0,3.4,SZCZECIN            *74


$WIND,,,T,,,R*12


