$OWN,0,261187000,0,-100000.0,11.1,15.940842,54.994404,319.3,317.0,0.0,0.0,,1,,,,,,,,,,,,,,,*7E

$WIND,,,T,,,R*12

$OWN,0,261187000,0,-100000.0,11.1,15.940779,54.994442,319.0,316.0,0.0,0.0,,1,,,,,,,,,,,,,,,*79

$WIND,,,T,,,R*12

$OWN,0,261187000,0,-100000.0,11.2,15.940715,54.994480,318.6,316.0,0.0,0.0,,1,,,,,,,,,,,,,,,*79

$WIND,,,T,,,R*12

$OWN,0,261187000,0,-100000.0,11.2,15.940650,54.994514,318.2,315.0,0.0,0.0,,1,,,,,,,,,,,,,,,*72

$WIND,,,T,,,R*12

$OWN,0,261187000,0,-100000.0,11.2,15.940587,54.994553,317.8,314.0,0.0,0.0,,1,,,,,,,,,,,,,,,*7C

$WIND,,,T,,,R*12

$OWN,0,261187000,0,-100000.0,11.2,15.940521,54.994587,317.5,314.0,0.0,0.0,,1,,,,,,,,,,,,,,,*74

$WIND,,,T,,,R*12

$OWN,0,261187000,0,-100000.0,11.2,15.940458,54.994625,317.2,313.0,0.0,0.0,,1,,,,,,,,,,,,,,,*70

$WIND,,,T,,,R*12

$OWN,0,261187000,0,-100000.0,11.2,15.940393,54.994656,316.8,313.0,0.0,0.0,,1,,,,,,,,,,,,,,,*7F

$WIND,,,T,,,R*12

$OWN,0,261187000,0,-100000.0,11.2,15.940327,54.994694,316.5,313.0,0.0,0.0,,1,,,,,,,,,,,,,,,*73

$WIND,,,T,,,R*12

$OWN,0,261187000,0,-100000.0,11.2,15.940327,54.994694,316.5,313.0,0.0,0.0,,1,,,,,,,,,,,,,,,*73

$WIND,,,T,,,R*12

$OWN,0,261187000,0,0.0,11.2,15.940260,54.994728,316.1,313.0,0.0,0.0,,1,,,,,,,,,,,,,,,*6F

$WIND,,,T,,,R*12

$OWN,0,261187000,0,0.0,11.2,15.940193,54.994762,315.7,313.0,0.0,0.0,,1,,,,,,,,,,,,,,,*6B

$WIND,,,T,,,R*12

$OWN,0,261187000,0,0.0,11.2,15.940126,54.994797,315.2,313.0,0.0,0.0,,1,,,,,,,,,,,,,,,*6A

$WIND,,,T,,,R*12

$OWN,0,261187000,0,0.0,11.2,15.940057,54.994831,314.7,313.0,0.0,0.0,,1,,,,,,,,,,,,,,,*6A

$WIND,,,T,,,R*12

$OWN,0,261187000,0,0.0,11.2,15.939986,54.994862,314.2,313.0,0.0,0.0,,1,,,,,,,,,,,,,,,*62

$WIND,,,T,,,R*12

$OWN,0,261187000,0,100000.0,11.2,15.939919,54.994896,313.8,313.0,0.0,0.0,,1,,,,,,,,,,,,,,,*53

$WIND,,,T,,,R*12

$OWN,0,261187000,0,100000.0,11.2,15.939850,54.994926,313.5,313.0,0.0,0.0,,1,,,,,,,,,,,,,,,*58

$WIND,,,T,,,R*12

$OWN,0,261187000,0,100000.0,11.2,15.939782,54.994961,313.3,313.0,0.0,0.0,,1,,,,,,,,,,,,,,,*5D

$WIND,,,T,,,R*12

$OWN,0,261187000,0,100000.0,11.2,15.939647,54.995033,313.1,314.0,0.0,0.0,,1,,,,,,,,,,,,,,,*5F

$WIND,,,T,,,R*12

$OWN,0,261187000,0,100000.0,11.2,15.939580,54.995068,312.9,314.0,0.0,0.0,,1,,,,,,,,,,,,,,,*50

$WIND,,,T,,,R*12

$OWN,0,261187000,0,100000.0,11.2,15.939511,54.995098,312.8,314.0,0.0,0.0,,1,,,,,,,,,,,,,,,*56

$WIND,,,T,,,R*12

$OWN,0,261187000,0,100000.0,11.2,15.939444,54.995132,312.5,314.0,0.0,0.0,,1,,,,,,,,,,,,,,,*5B

$WIND,,,T,,,R*12

$OWN,0,261187000,0,100000.0,11.2,15.939373,54.995167,312.3,315.0,0.0,0.0,,1,,,,,,,,,,,,,,,*5F

$WIND,,,T,,,R*12

$OWN,0,261187000,0,100000.0,11.2,15.939373,54.995167,312.3,315.0,0.0,0.0,,1,,,,,,,,,,,,,,,*5F

$WIND,,,T,,,R*12

$OWN,0,261187000,0,100000.0,11.2,15.939235,54.995235,312.1,315.0,0.0,0.0,,1,,,,,,,,,,,,,,,*5A

$WIND,,,T,,,R*12

$OWN,0,261187000,0,100000.0,11.2,15.939168,54.995270,312.0,315.0,0.0,0.0,,1,,,,,,,,,,,,,,,*51

$WIND,,,T,,,R*12

$OWN,0,261187000,0,100000.0,11.2,15.939100,54.995304,312.1,315.0,0.0,0.0,,1,,,,,,,,,,,,,,,*5C

$WIND,,,T,,,R*12

$OWN,0,261187000,0,0.0,11.2,15.939034,54.995338,312.1,316.0,0.0,0.0,,1,,,,,,,,,,,,,,,*67

$WIND,,,T,,,R*12

$OWN,0,261187000,0,0.0,11.2,15.938900,54.995407,312.1,316.0,0.0,0.0,,1,,,,,,,,,,,,,,,*63

$WIND,,,T,,,R*12

$OWN,0,261187000,0,0.0,11.2,15.938833,54.995441,312.2,316.0,0.0,0.0,,1,,,,,,,,,,,,,,,*63

$WIND,,,T,,,R*12

$OWN,0,261187000,0,0.0,11.2,15.938766,54.995480,312.3,316.0,0.0,0.0,,1,,,,,,,,,,,,,,,*60

$WIND,,,T,,,R*12

$OWN,0,261187000,0,0.0,11.2,15.938700,54.995514,312.4,316.0,0.0,0.0,,1,,,,,,,,,,,,,,,*6B

$WIND,,,T,,,R*12

$OWN,0,261187000,0,100000.0,11.2,15.938633,54.995548,312.5,316.0,0.0,0.0,,1,,,,,,,,,,,,,,,*53

$WIND,,,T,,,R*12

$OWN,0,261187000,0,0.0,11.2,15.938568,54.995583,312.5,316.0,0.0,0.0,,1,,,,,,,,,,,,,,,*68

$WIND,,,T,,,R*12

$OWN,0,261187000,0,0.0,11.2,15.938503,54.995621,312.6,316.0,0.0,0.0,,1,,,,,,,,,,,,,,,*6D

$WIND,,,T,,,R*12

$OWN,0,261187000,0,0.0,11.3,15.938438,54.995655,312.7,316.0,0.0,0.0,,1,,,,,,,,,,,,,,,*67

$WIND,,,T,,,R*12

$OWN,0,261187000,0,0.0,11.2,15.938370,54.995689,312.6,316.0,0.0,0.0,,1,,,,,,,,,,,,,,,*6D

$WIND,,,T,,,R*12

$OWN,0,261187000,0,0.0,11.2,15.938305,54.995724,312.6,316.0,0.0,0.0,,1,,,,,,,,,,,,,,,*69

$WIND,,,T,,,R*12

$OWN,0,261187000,0,-100000.0,11.2,15.938236,54.995758,312.6,316.0,0.0,0.0,,1,,,,,,,,,,,,,,,*7F

$WIND,,,T,,,R*12

$OWN,0,261187000,0,0.0,11.3,15.938170,54.995796,312.6,316.0,0.0,0.0,,1,,,,,,,,,,,,,,,*61

$WIND,,,T,,,R*12

$OWN,0,261187000,0,0.0,11.3,15.938105,54.995831,312.7,315.0,0.0,0.0,,1,,,,,,,,,,,,,,,*63

$WIND,,,T,,,R*12

$OWN,0,261187000,0,0.0,11.2,15.938040,54.995865,312.9,315.0,0.0,0.0,,1,,,,,,,,,,,,,,,*6D

$WIND,,,T,,,R*12

$OWN,0,261187000,0,-100000.0,11.2,15.937975,54.995903,313.0,315.0,0.0,0.0,,1,,,,,,,,,,,,,,,*78

$WIND,,,T,,,R*12

$OWN,0,261187000,0,0.0,11.3,15.937910,54.995937,313.1,315.0,0.0,0.0,,1,,,,,,,,,,,,,,,*60

$WIND,,,T,,,R*12

$OWN,0,261187000,0,0.0,11.3,15.937845,54.995972,313.2,315.0,0.0,0.0,,1,,,,,,,,,,,,,,,*63

$WIND,,,T,,,R*12

$OWN,0,261187000,0,0.0,11.3,15.937778,54.996010,313.1,315.0,0.0,0.0,,1,,,,,,,,,,,,,,,*6F

$WIND,,,T,,,R*12

$OWN,0,261187000,0,0.0,11.3,15.937710,54.996044,312.9,315.0,0.0,0.0,,1,,,,,,,,,,,,,,,*69

$WIND,,,T,,,R*12

$OWN,0,261187000,0,0.0,11.2,15.937643,54.996078,312.8,315.0,0.0,0.0,,1,,,,,,,,,,,,,,,*61

$WIND,,,T,,,R*12

$OWN,0,261187000,0,0.0,11.3,15.937575,54.996113,312.7,315.0,0.0,0.0,,1,,,,,,,,,,,,,,,*65

$WIND,,,T,,,R*12

$OWN,0,261187000,0,0.0,11.3,15.937575,54.996113,312.7,315.0,0.0,0.0,,1,,,,,,,,,,,,,,,*65

$WIND,,,T,,,R*12

$OWN,0,261187000,0,0.0,11.3,15.937507,54.996147,312.6,315.0,0.0,0.0,,1,,,,,,,,,,,,,,,*60

$WIND,,,T,,,R*12

$OWN,0,261187000,0,0.0,11.3,15.937440,54.996181,312.6,315.0,0.0,0.0,,1,,,,,,,,,,,,,,,*68

$WIND,,,T,,,R*12

$OWN,0,261187000,0,0.0,11.3,15.937373,54.996216,312.7,315.0,0.0,0.0,,1,,,,,,,,,,,,,,,*63

$WIND,,,T,,,R*12

$OWN,0,261187000,0,0.0,11.3,15.937306,54.996250,312.8,315.0,0.0,0.0,,1,,,,,,,,,,,,,,,*6C

$WIND,,,T,,,R*12

$OWN,0,261187000,0,0.0,11.3,15.937242,54.996288,312.8,315.0,0.0,0.0,,1,,,,,,,,,,,,,,,*68

$WIND,,,T,,,R*12

$OWN,0,261187000,0,0.0,11.3,15.937175,54.996323,312.9,315.0,0.0,0.0,,1,,,,,,,,,,,,,,,*6E

$WIND,,,T,,,R*12

$OWN,0,261187000,0,0.0,11.3,15.937108,54.996357,312.8,315.0,0.0,0.0,,1,,,,,,,,,,,,,,,*66

$WIND,,,T,,,R*12

$OWN,0,261187000,0,0.0,11.3,15.937041,54.996395,312.7,315.0,0.0,0.0,,1,,,,,,,,,,,,,,,*6B

$WIND,,,T,,,R*12

$OWN,0,261187000,0,0.0,11.3,15.936905,54.996464,312.6,315.0,0.0,0.0,,1,,,,,,,,,,,,,,,*6B

$WIND,,,T,,,R*12

$OWN,0,261187000,0,0.0,11.3,15.936836,54.996498,312.5,315.0,0.0,0.0,,1,,,,,,,,,,,,,,,*6A

$WIND,,,T,,,R*12

$OWN,0,261187000,0,0.0,11.3,15.936770,54.996532,312.5,315.0,0.0,0.0,,1,,,,,,,,,,,,,,,*66

$WIND,,,T,,,R*12

$OWN,0,261187000,0,0.0,11.3,15.936704,54.996567,312.6,315.0,0.0,0.0,,1,,,,,,,,,,,,,,,*66

$WIND,,,T,,,R*12

$OWN,0,261187000,0,0.0,11.3,15.936638,54.996605,312.7,315.0,0.0,0.0,,1,,,,,,,,,,,,,,,*6E

$WIND,,,T,,,R*12

$OWN,0,261187000,0,0.0,11.3,15.936572,54.996639,312.7,315.0,0.0,0.0,,1,,,,,,,,,,,,,,,*6C

$WIND,,,T,,,R*12

$OWN,0,261187000,0,-100000.0,11.3,15.936505,54.996674,312.7,315.0,0.0,0.0,,1,,,,,,,,,,,,,,,*79

$WIND,,,T,,,R*12

$OWN,0,261187000,0,0.0,11.3,15.936439,54.996712,312.7,315.0,0.0,0.0,,1,,,,,,,,,,,,,,,*6A

$WIND,,,T,,,R*12

$OWN,0,261187000,0,-100000.0,11.3,15.936370,54.996742,312.6,315.0,0.0,0.0,,1,,,,,,,,,,,,,,,*78

$WIND,,,T,,,R*12

$OWN,0,261187000,0,-100000.0,11.3,15.936303,54.996777,312.5,315.0,0.0,0.0,,1,,,,,,,,,,,,,,,*79

$WIND,,,T,,,R*12

$OWN,0,261187000,0,-100000.0,11.3,15.936235,54.996815,312.5,315.0,0.0,0.0,,1,,,,,,,,,,,,,,,*76

$WIND,,,T,,,R*12

$OWN,0,261187000,0,-100000.0,11.3,15.936235,54.996815,312.5,315.0,0.0,0.0,,1,,,,,,,,,,,,,,,*76

$WIND,,,T,,,R*12

$OWN,0,261187000,0,-100000.0,11.3,15.936169,54.996849,312.5,314.0,0.0,0.0,,1,,,,,,,,,,,,,,,*74

$WIND,,,T,,,R*12

$OWN,0,261187000,0,-100000.0,11.3,15.936102,54.996883,312.6,314.0,0.0,0.0,,1,,,,,,,,,,,,,,,*7C

$WIND,,,T,,,R*12

$OWN,0,261187000,0,-100000.0,11.3,15.936035,54.996922,312.6,314.0,0.0,0.0,,1,,,,,,,,,,,,,,,*73

$WIND,,,T,,,R*12

$OWN,0,261187000,0,-100000.0,11.3,15.935966,54.996956,312.5,313.0,0.0,0.0,,1,,,,,,,,,,,,,,,*78

$WIND,,,T,,,R*12

$OWN,0,261187000,0,-100000.0,11.3,15.935899,54.996990,312.4,313.0,0.0,0.0,,1,,,,,,,,,,,,,,,*72

$WIND,,,T,,,R*12

$OWN,0,261187000,0,-100000.0,11.3,15.935830,54.997025,312.2,312.0,0.0,0.0,,1,,,,,,,,,,,,,,,*70

$WIND,,,T,,,R*12

$OWN,0,261187000,0,-100000.0,11.3,15.935760,54.997059,312.1,312.0,0.0,0.0,,1,,,,,,,,,,,,,,,*72

$WIND,,,T,,,R*12

$OWN,0,261187000,0,-100000.0,11.3,15.935690,54.997093,311.8,311.0,0.0,0.0,,1,,,,,,,,,,,,,,,*73

$WIND,,,T,,,R*12

$OWN,0,261187000,0,-100000.0,11.3,15.935550,54.997158,311.4,310.0,0.0,0.0,,1,,,,,,,,,,,,,,,*77

$WIND,,,T,,,R*12

$OWN,0,261187000,0,-100000.0,11.3,15.935478,54.997192,311.2,309.0,0.0,0.0,,1,,,,,,,,,,,,,,,*74

$WIND,,,T,,,R*12

$OWN,0,261187000,0,-100000.0,11.3,15.935407,54.997223,310.9,308.0,0.0,0.0,,1,,,,,,,,,,,,,,,*7E

$WIND,,,T,,,R*12

$OWN,0,261187000,0,-100000.0,11.3,15.935335,54.997257,310.6,307.0,0.0,0.0,,1,,,,,,,,,,,,,,,*7B

$WIND,,,T,,,R*12

$OWN,0,261187000,0,-100000.0,11.3,15.935262,54.997288,310.3,306.0,0.0,0.0,,1,,,,,,,,,,,,,,,*7E

$WIND,,,T,,,R*12

$OWN,0,261187000,0,-100000.0,11.3,15.935188,54.997318,309.9,306.0,0.0,0.0,,1,,,,,,,,,,,,,,,*73

$WIND,,,T,,,R*12

$OWN,0,261187000,0,-100000.0,11.3,15.935188,54.997318,309.9,306.0,0.0,0.0,,1,,,,,,,,,,,,,,,*73

$WIND,,,T,,,R*12

$OWN,0,261187000,0,-100000.0,11.3,15.935115,54.997349,309.4,305.0,0.0,0.0,,1,,,,,,,,,,,,,,,*7D

$WIND,,,T,,,R*12

$OWN,0,261187000,0,-100000.0,11.3,15.935040,54.997379,308.9,304.0,0.0,0.0,,1,,,,,,,,,,,,,,,*72

$WIND,,,T,,,R*12

$OWN,0,261187000,0,-100000.0,11.3,15.934965,54.997406,308.4,303.0,0.0,0.0,,1,,,,,,,,,,,,,,,*78

$WIND,,,T,,,R*12

$OWN,0,261187000,0,-100000.0,11.3,15.934887,54.997433,307.9,301.0,0.0,0.0,,1,,,,,,,,,,,,,,,*73

$WIND,,,T,,,R*12

$OWN,0,261187000,0,-100000.0,11.3,15.934812,54.997463,307.4,300.0,0.0,0.0,,1,,,,,,,,,,,,,,,*76

$WIND,,,T,,,R*12

$OWN,0,261187000,0,-100000.0,11.3,15.934735,54.997490,306.8,299.0,0.0,0.0,,1,,,,,,,,,,,,,,,*7C

$WIND,,,T,,,R*12

$OWN,0,261187000,0,-100000.0,11.3,15.934657,54.997517,306.3,298.0,0.0,0.0,,1,,,,,,,,,,,,,,,*7D

$WIND,,,T,,,R*12

$OWN,0,261187000,0,-100000.0,11.3,15.934578,54.997543,305.6,297.0,0.0,0.0,,1,,,,,,,,,,,,,,,*7B

$WIND,,,T,,,R*12

$OWN,0,261187000,0,-100000.0,11.3,15.934499,54.997566,305.0,296.0,0.0,0.0,,1,,,,,,,,,,,,,,,*75

$WIND,,,T,,,R*12

$OWN,0,261187000,0,-100000.0,11.3,15.934420,54.997593,304.4,296.0,0.0,0.0,,1,,,,,,,,,,,,,,,*78

$WIND,,,T,,,R*12

$OWN,0,261187000,0,-100000.0,11.2,15.934340,54.997616,303.8,295.0,0.0,0.0,,1,,,,,,,,,,,,,,,*7E

$WIND,,,T,,,R*12

$OWN,0,261187000,0,-100000.0,11.2,15.934260,54.997639,303.1,295.0,0.0,0.0,,1,,,,,,,,,,,,,,,*79

$WIND,,,T,,,R*12

$OWN,0,261187000,0,-100000.0,11.2,15.934180,54.997662,302.4,295.0,0.0,0.0,,1,,,,,,,,,,,,,,,*7E

$WIND,,,T,,,R*12

$OWN,0,261187000,0,-100000.0,11.2,15.934098,54.997684,301.7,295.0,0.0,0.0,,1,,,,,,,,,,,,,,,*7E

$WIND,,,T,,,R*12

$OWN,0,261187000,0,-100000.0,11.2,15.934016,54.997704,301.0,294.0,0.0,0.0,,1,,,,,,,,,,,,,,,*77

$WIND,,,T,,,R*12

$OWN,0,261187000,0,0.0,11.2,15.933933,54.997723,300.2,294.0,0.0,0.0,,1,,,,,,,,,,,,,,,*64

$WIND,,,T,,,R*12

$OWN,0,261187000,0,0.0,11.2,15.933851,54.997742,299.5,294.0,0.0,0.0,,1,,,,,,,,,,,,,,,*60

$WIND,,,T,,,R*12

$OWN,0,261187000,0,0.0,11.2,15.933768,54.997765,298.9,294.0,0.0,0.0,,1,,,,,,,,,,,,,,,*6D

$WIND,,,T,,,R*12

$OWN,0,261187000,0,0.0,11.2,15.933685,54.997780,298.4,294.0,0.0,0.0,,1,,,,,,,,,,,,,,,*69

$WIND,,,T,,,R*12

$OWN,0,261187000,0,0.0,11.2,15.933603,54.997803,298.0,294.0,0.0,0.0,,1,,,,,,,,,,,,,,,*67

$WIND,,,T,,,R*12

$OWN,0,261187000,0,0.0,11.2,15.933520,54.997822,297.6,294.0,0.0,0.0,,1,,,,,,,,,,,,,,,*6F

$WIND,,,T,,,R*12

$OWN,0,261187000,0,0.0,11.2,15.933436,54.997845,297.2,294.0,0.0,0.0,,1,,,,,,,,,,,,,,,*6C

$WIND,,,T,,,R*12

$OWN,0,261187000,0,100000.0,11.2,15.933355,54.997864,296.8,294.0,0.0,0.0,,1,,,,,,,,,,,,,,,*57

$WIND,,,T,,,R*12

$OWN,0,261187000,0,100000.0,11.2,15.933270,54.997887,296.4,295.0,0.0,0.0,,1,,,,,,,,,,,,,,,*51

$WIND,,,T,,,R*12

$AIS,0,246530000,0,0.0,11.1,15.348433,54.788883,75.7,75.0,-37607.12,-23100.47,,1,,,,,,,,,,,,,,,*65

$OWN,0,261187000,0,100000.0,11.2,15.933187,54.997902,295.9,295.0,0.0,0.0,,1,,,,,,,,,,,,,,,*58

$WIND,,,T,,,R*12

$AIS,0,246530000,0,0.0,11.1,15.348433,54.788883,75.7,75.0,-37601.72,-23102.21,,1,,,,,,,,,,,,,,,*67

$OWN,0,261187000,0,100000.0,11.2,15.933104,54.997921,295.5,295.0,0.0,0.0,,1,,,,,,,,,,,,,,,*5E

$WIND,,,T,,,R*12

$AIS,0,246530000,0,0.0,11.1,15.348433,54.788883,75.7,75.0,-37596.39,-23104.38,,1,,,,,,,,,,,,,,,*6B

$OWN,0,261187000,0,100000.0,11.2,15.933019,54.997940,295.2,295.0,0.0,0.0,,1,,,,,,,,,,,,,,,*53

$WIND,,,T,,,R*12

$AIS,0,246530000,0,0.0,11.1,15.348433,54.788883,75.7,75.0,-37590.93,-23106.54,,1,,,,,,,,,,,,,,,*65

$OWN,0,261187000,0,100000.0,11.2,15.932935,54.997959,294.9,296.0,0.0,0.0,,1,,,,,,,,,,,,,,,*54

$WIND,,,T,,,R*12

$AIS,0,246530000,0,0.0,11.1,15.348433,54.788883,75.7,75.0,-37585.53,-23108.71,,1,,,,,,,,,,,,,,,*64

$AIS,0,273392360,0,0.0,0.0,15.393768,54.826580,205.4,82.0,-34638.11,-18937.40,,1,,,,,,,,,,,,,,,*66

$OWN,0,261187000,0,100000.0,11.2,15.932852,54.997982,294.8,296.0,0.0,0.0,,1,,,,,,,,,,,,,,,*53

$WIND,,,T,,,R*12

$AIS,0,246530000,0,0.0,11.1,15.348433,54.788883,75.7,75.0,-37580.20,-23111.30,,1,,,,,,,,,,,,,,,*68

$AIS,0,273392360,0,0.0,0.0,15.393768,54.826580,205.4,82.0,-34632.78,-18939.98,,1,,,,,,,,,,,,,,,*68

$OWN,0,261187000,0,100000.0,11.2,15.932770,54.998001,294.7,297.0,0.0,0.0,,1,,,,,,,,,,,,,,,*5F

$WIND,,,T,,,R*12

$AIS,0,246530000,0,0.0,11.1,15.348433,54.788883,75.7,75.0,-37574.92,-23113.47,,1,,,,,,,,,,,,,,,*68

$AIS,0,273392360,0,0.0,0.0,15.393768,54.826580,205.4,82.0,-34627.51,-18942.15,,1,,,,,,,,,,,,,,,*6E

$OWN,0,261187000,0,100000.0,11.2,15.932685,54.998020,294.6,297.0,0.0,0.0,,1,,,,,,,,,,,,,,,*56

$WIND,,,T,,,R*12

$AIS,0,246530000,0,0.0,11.1,15.348433,54.788883,75.7,75.0,-37569.47,-23115.64,,1,,,,,,,,,,,,,,,*6B

$AIS,0,273392360,0,0.0,0.0,15.393768,54.826580,205.4,82.0,-34622.06,-18944.31,,1,,,,,,,,,,,,,,,*69

$OWN,0,261187000,0,100000.0,11.2,15.932603,54.998043,294.6,298.0,0.0,0.0,,1,,,,,,,,,,,,,,,*52

$WIND,,,T,,,R*12

$AIS,0,246530000,0,0.0,11.1,15.348433,54.788883,75.7,75.0,-37564.19,-23118.23,,1,,,,,,,,,,,,,,,*63

$AIS,0,273392360,0,0.0,0.0,15.393768,54.826580,205.4,82.0,-34616.79,-18946.90,,1,,,,,,,,,,,,,,,*6F

$OWN,0,261187000,0,100000.0,11.2,15.932522,54.998066,294.6,298.0,0.0,0.0,,1,,,,,,,,,,,,,,,*55

$WIND,,,T,,,R*12

$AIS,0,246530000,0,0.0,11.1,15.348433,54.788883,75.7,75.0,-37558.98,-23120.82,,1,,,,,,,,,,,,,,,*65

$AIS,0,273392360,0,0.0,0.0,15.393768,54.826580,205.4,82.0,-34611.58,-18949.49,,1,,,,,,,,,,,,,,,*60

$OWN,0,261187000,0,100000.0,11.2,15.932440,54.998085,294.5,298.0,0.0,0.0,,1,,,,,,,,,,,,,,,*5E

$WIND,,,T,,,R*12

$AIS,0,273392360,0,0.0,0.0,15.393768,54.826580,205.4,82.0,-34606.31,-18951.65,,1,,,,,,,,,,,,,,,*6E

$OWN,0,261187000,0,100000.0,11.2,15.932357,54.998108,294.5,299.0,0.0,0.0,,1,,,,,,,,,,,,,,,*5A

$WIND,,,T,,,R*12

$AIS,0,273392360,0,0.0,0.0,15.393768,54.826580,205.4,82.0,-34600.98,-18954.24,,1,,,,,,,,,,,,,,,*6B

$OWN,0,261187000,0,100000.0,11.2,15.932275,54.998127,294.5,299.0,0.0,0.0,,1,,,,,,,,,,,,,,,*56

$WIND,,,T,,,R*12

$AIS,0,273392360,0,0.0,0.0,15.393768,54.826580,205.4,82.0,-34595.71,-18956.40,,1,,,,,,,,,,,,,,,*63

$OWN,0,261187000,0,100000.0,11.2,15.932194,54.998150,294.5,300.0,0.0,0.0,,1,,,,,,,,,,,,,,,*5B

$WIND,,,T,,,R*12

$AIS,0,273392360,0,0.0,0.0,15.393768,54.826580,205.4,82.0,-34590.51,-18958.99,,1,,,,,,,,,,,,,,,*6E

$OWN,0,261187000,0,100000.0,11.2,15.932110,54.998173,294.6,301.0,0.0,0.0,,1,,,,,,,,,,,,,,,*54

$WIND,,,T,,,R*12

$OWN,0,261187000,0,100000.0,11.2,15.932030,54.998196,294.8,301.0,0.0,0.0,,1,,,,,,,,,,,,,,,*52

$WIND,,,T,,,R*12

$OWN,0,261187000,0,100000.0,11.2,15.931871,54.998241,295.2,302.0,0.0,0.0,,1,,,,,,,,,,,,,,,*5D

$WIND,,,T,,,R*12

$OWN,0,261187000,0,100000.0,11.2,15.931791,54.998268,295.6,303.0,0.0,0.0,,1,,,,,,,,,,,,,,,*52

$WIND,,,T,,,R*12

$OWN,0,261187000,0,100000.0,11.2,15.931713,54.998291,295.9,303.0,0.0,0.0,,1,,,,,,,,,,,,,,,*51

$WIND,,,T,,,R*12

$OWN,0,261187000,0,100000.0,11.2,15.931635,54.998318,296.2,304.0,0.0,0.0,,1,,,,,,,,,,,,,,,*5B

$WIND,,,T,,,R*12

$OWN,0,261187000,0,100000.0,11.2,15.931559,54.998341,296.5,305.0,0.0,0.0,,1,,,,,,,,,,,,,,,*58

$WIND,,,T,,,R*12

$OWN,0,261187000,0,100000.0,11.2,15.931559,54.998341,296.5,306.0,0.0,0.0,,1,,,,,,,,,,,,,,,*5B

$WIND,,,T,,,R*12

$OWN,0,261187000,0,100000.0,11.2,15.931481,54.998367,296.9,307.0,0.0,0.0,,1,,,,,,,,,,,,,,,*56

$WIND,,,T,,,R*12

$OWN,0,261187000,0,100000.0,11.2,15.931405,54.998394,297.3,308.0,0.0,0.0,,1,,,,,,,,,,,,,,,*52

$WIND,,,T,,,R*12

$OWN,0,261187000,0,100000.0,11.2,15.931330,54.998421,297.7,308.0,0.0,0.0,,1,,,,,,,,,,,,,,,*5E

$WIND,,,T,,,R*12

$OWN,0,261187000,0,100000.0,11.1,15.931255,54.998447,298.2,309.0,0.0,0.0,,1,,,,,,,,,,,,,,,*54

$WIND,,,T,,,R*12

$OWN,0,261187000,0,100000.0,11.1,15.931180,54.998474,298.7,310.0,0.0,0.0,,1,,,,,,,,,,,,,,,*52

$WIND,,,T,,,R*12

$OWN,0,261187000,0,100000.0,11.1,15.931108,54.998505,299.3,311.0,0.0,0.0,,1,,,,,,,,,,,,,,,*51

$WIND,,,T,,,R*12

$OWN,0,261187000,0,100000.0,11.1,15.931037,54.998531,299.9,312.0,0.0,0.0,,1,,,,,,,,,,,,,,,*52

$WIND,,,T,,,R*12

$OWN,0,261187000,0,100000.0,11.1,15.930966,54.998562,300.5,313.0,0.0,0.0,,1,,,,,,,,,,,,,,,*54

$WIND,,,T,,,R*12

$OWN,0,261187000,0,100000.0,11.0,15.930832,54.998631,301.8,315.0,0.0,0.0,,1,,,,,,,,,,,,,,,*5A

$WIND,,,T,,,R*12

$OWN,0,261187000,0,100000.0,11.0,15.930765,54.998665,302.4,316.0,0.0,0.0,,1,,,,,,,,,,,,,,,*5A

$WIND,,,T,,,R*12

$OWN,0,261187000,0,100000.0,11.0,15.930700,54.998699,303.1,317.0,0.0,0.0,,1,,,,,,,,,,,,,,,*5F

$WIND,,,T,,,R*12

$OWN,0,261187000,0,100000.0,11.0,15.930635,54.998734,303.8,318.0,0.0,0.0,,1,,,,,,,,,,,,,,,*58

$WIND,,,T,,,R*12

$OWN,0,261187000,0,100000.0,10.9,15.930572,54.998768,304.5,319.0,0.0,0.0,,1,,,,,,,,,,,,,,,*52

$WIND,,,T,,,R*12

$OWN,0,261187000,0,100000.0,10.9,15.930509,54.998802,305.3,320.0,0.0,0.0,,1,,,,,,,,,,,,,,,*50

$WIND,,,T,,,R*12

$OWN,0,261187000,0,100000.0,10.9,15.930509,54.998802,305.3,320.0,0.0,0.0,,1,,,,,,,,,,,,,,,*50

$WIND,,,T,,,R*12

$OWN,0,261187000,0,100000.0,10.9,15.930447,54.998837,306.1,321.0,0.0,0.0,,1,,,,,,,,,,,,,,,*5D

$WIND,,,T,,,R*12

$OWN,0,261187000,0,100000.0,10.9,15.930385,54.998871,306.9,322.0,0.0,0.0,,1,,,,,,,,,,,,,,,*5D

$WIND,,,T,,,R*12

$OWN,0,261187000,0,100000.0,10.8,15.930325,54.998909,307.7,323.0,0.0,0.0,,1,,,,,,,,,,,,,,,*56

$WIND,,,T,,,R*12

$OWN,0,261187000,0,100000.0,10.8,15.930210,54.998981,309.4,324.0,0.0,0.0,,1,,,,,,,,,,,,,,,*5B

$WIND,,,T,,,R*12

$OWN,0,261187000,0,100000.0,10.8,15.930153,54.999016,310.2,325.0,0.0,0.0,,1,,,,,,,,,,,,,,,*56

$WIND,,,T,,,R*12

$OWN,0,261187000,0,100000.0,10.7,15.930097,54.999054,311.1,327.0,0.0,0.0,,1,,,,,,,,,,,,,,,*56

$WIND,,,T,,,R*12

$OWN,0,261187000,0,100000.0,10.7,15.930043,54.999092,312.0,327.0,0.0,0.0,,1,,,,,,,,,,,,,,,*57

$WIND,,,T,,,R*12

$OWN,0,261187000,0,100000.0,10.7,15.930043,54.999092,312.0,329.0,0.0,0.0,,1,,,,,,,,,,,,,,,*59

$WIND,,,T,,,R*12

$OWN,0,261187000,0,100000.0,10.7,15.929990,54.999130,312.8,330.0,0.0,0.0,,1,,,,,,,,,,,,,,,*5F

$WIND,,,T,,,R*12

$OWN,0,261187000,0,100000.0,10.7,15.929938,54.999168,313.8,331.0,0.0,0.0,,1,,,,,,,,,,,,,,,*50

$WIND,,,T,,,R*12

$OWN,0,261187000,0,100000.0,10.6,15.929890,54.999210,314.8,332.0,0.0,0.0,,1,,,,,,,,,,,,,,,*5A

$WIND,,,T,,,R*12

$OWN,0,261187000,0,100000.0,10.6,15.929842,54.999249,315.8,333.0,0.0,0.0,,1,,,,,,,,,,,,,,,*59

$WIND,,,T,,,R*12

$OWN,0,261187000,0,100000.0,10.6,15.929795,54.999290,316.8,334.0,0.0,0.0,,1,,,,,,,,,,,,,,,*5C

$WIND,,,T,,,R*12

$OWN,0,261187000,0,100000.0,10.6,15.929750,54.999329,317.8,335.0,0.0,0.0,,1,,,,,,,,,,,,,,,*56

$WIND,,,T,,,R*12

$OWN,0,261187000,0,100000.0,10.5,15.929705,54.999371,318.6,335.0,0.0,0.0,,1,,,,,,,,,,,,,,,*59

$WIND,,,T,,,R*12

$OWN,0,261187000,0,100000.0,10.5,15.929660,54.999413,319.5,336.0,0.0,0.0,,1,,,,,,,,,,,,,,,*59

$WIND,,,T,,,R*12

$OWN,0,261187000,0,100000.0,10.5,15.929573,54.999493,321.2,337.0,0.0,0.0,,1,,,,,,,,,,,,,,,*5D

$WIND,,,T,,,R*12

$OWN,0,261187000,0,100000.0,10.5,15.929533,54.999538,322.1,337.0,0.0,0.0,,1,,,,,,,,,,,,,,,*59

$WIND,,,T,,,R*12

$OWN,0,261187000,0,100000.0,10.4,15.929493,54.999577,323.1,338.0,0.0,0.0,,1,,,,,,,,,,,,,,,*56

$WIND,,,T,,,R*12

$OWN,0,261187000,0,100000.0,10.4,15.929457,54.999622,324.1,338.0,0.0,0.0,,1,,,,,,,,,,,,,,,*5A

$WIND,,,T,,,R*12

$OWN,0,261187000,0,100000.0,10.4,15.929457,54.999622,324.1,338.0,0.0,0.0,,1,,,,,,,,,,,,,,,*5A

$WIND,,,T,,,R*12

$OWN,0,261187000,0,0.0,10.4,15.929420,54.999664,324.9,338.0,0.0,0.0,,1,,,,,,,,,,,,,,,*61

$WIND,,,T,,,R*12

$OWN,0,261187000,0,0.0,10.4,15.929383,54.999706,325.8,338.0,0.0,0.0,,1,,,,,,,,,,,,,,,*6A

$WIND,,,T,,,R*12

$OWN,0,261187000,0,0.0,10.4,15.929312,54.999794,327.3,339.0,0.0,0.0,,1,,,,,,,,,,,,,,,*61

$WIND,,,T,,,R*12

$OWN,0,261187000,0,0.0,10.4,15.929275,54.999836,328.0,339.0,0.0,0.0,,1,,,,,,,,,,,,,,,*6A

$WIND,,,T,,,R*12

$OWN,0,261187000,0,0.0,10.4,15.929240,54.999882,328.6,339.0,0.0,0.0,,1,,,,,,,,,,,,,,,*65

$WIND,,,T,,,R*12

$OWN,0,261187000,0,0.0,10.4,15.929240,54.999882,328.6,339.0,0.0,0.0,,1,,,,,,,,,,,,,,,*65

$WIND,,,T,,,R*12

$OWN,0,261187000,0,0.0,10.4,15.929205,54.999924,329.2,339.0,0.0,0.0,,1,,,,,,,,,,,,,,,*6C

$WIND,,,T,,,R*12

$OWN,0,261187000,0,0.0,10.4,15.929169,54.999969,329.7,339.0,0.0,0.0,,1,,,,,,,,,,,,,,,*69

$WIND,,,T,,,R*12

$OWN,0,261187000,0,0.0,10.4,15.929133,55.000011,330.2,339.0,0.0,0.0,,1,,,,,,,,,,,,,,,*65

$WIND,,,T,,,R*12

$OWN,0,261187000,0,0.0,10.4,15.929096,55.000057,330.7,339.0,0.0,0.0,,1,,,,,,,,,,,,,,,*6C

$WIND,,,T,,,R*12

$OWN,0,261187000,0,-100000.0,10.4,15.929064,55.000103,331.2,339.0,0.0,0.0,,1,,,,,,,,,,,,,,,*79

$WIND,,,T,,,R*12

$OWN,0,261187000,0,0.0,10.4,15.929029,55.000145,331.6,338.0,0.0,0.0,,1,,,,,,,,,,,,,,,*6B

$WIND,,,T,,,R*12

$OWN,0,261187000,0,-100000.0,10.4,15.928993,55.000187,332.0,338.0,0.0,0.0,,1,,,,,,,,,,,,,,,*75

$WIND,,,T,,,R*12

$OWN,0,261187000,0,-100000.0,10.5,15.928958,55.000233,332.4,338.0,0.0,0.0,,1,,,,,,,,,,,,,,,*7B

$WIND,,,T,,,R*12

$OWN,0,261187000,0,-100000.0,10.5,15.928924,55.000278,332.7,337.0,0.0,0.0,,1,,,,,,,,,,,,,,,*73

$WIND,,,T,,,R*12

$OWN,0,261187000,0,-100000.0,10.5,15.928886,55.000320,332.9,337.0,0.0,0.0,,1,,,,,,,,,,,,,,,*78

$WIND,,,T,,,R*12

$OWN,0,261187000,0,-100000.0,10.5,15.928850,55.000362,333.0,337.0,0.0,0.0,,1,,,,,,,,,,,,,,,*7D

$WIND,,,T,,,R*12

$OWN,0,261187000,0,-100000.0,10.5,15.928812,55.000408,333.2,337.0,0.0,0.0,,1,,,,,,,,,,,,,,,*72

$WIND,,,T,,,R*12

$OWN,0,261187000,0,-100000.0,10.6,15.928775,55.000450,333.4,336.0,0.0,0.0,,1,,,,,,,,,,,,,,,*75

$WIND,,,T,,,R*12

$OWN,0,261187000,0,-100000.0,10.6,15.928737,55.000496,333.5,336.0,0.0,0.0,,1,,,,,,,,,,,,,,,*78

$WIND,,,T,,,R*12

$OWN,0,261187000,0,-100000.0,10.6,15.928700,55.000542,333.6,335.0,0.0,0.0,,1,,,,,,,,,,,,,,,*74

$WIND,,,T,,,R*12

$OWN,0,261187000,0,-100000.0,10.6,15.928661,55.000584,333.7,335.0,0.0,0.0,,1,,,,,,,,,,,,,,,*79

$WIND,,,T,,,R*12

$OWN,0,261187000,0,-100000.0,10.6,15.928621,55.000626,333.6,334.0,0.0,0.0,,1,,,,,,,,,,,,,,,*76

$WIND,,,T,,,R*12

$OWN,0,261187000,0,-100000.0,10.7,15.928543,55.000713,333.5,333.0,0.0,0.0,,1,,,,,,,,,,,,,,,*73

$WIND,,,T,,,R*12

$OWN,0,261187000,0,-100000.0,10.7,15.928543,55.000713,333.5,333.0,0.0,0.0,,1,,,,,,,,,,,,,,,*73

$WIND,,,T,,,R*12

$OWN,0,261187000,0,-100000.0,10.7,15.928502,55.000759,333.4,332.0,0.0,0.0,,1,,,,,,,,,,,,,,,*78

$WIND,,,T,,,R*12

$OWN,0,261187000,0,-100000.0,10.7,15.928462,55.000801,333.3,332.0,0.0,0.0,,1,,,,,,,,,,,,,,,*7A

$WIND,,,T,,,R*12

$OWN,0,261187000,0,-100000.0,10.7,15.928420,55.000847,333.1,331.0,0.0,0.0,,1,,,,,,,,,,,,,,,*7F

$WIND,,,T,,,R*12

$OWN,0,261187000,0,-100000.0,10.7,15.928376,55.000889,332.8,330.0,0.0,0.0,,1,,,,,,,,,,,,,,,*70

$WIND,,,T,,,R*12

$OWN,0,261187000,0,-100000.0,10.7,15.928333,55.000931,332.6,329.0,0.0,0.0,,1,,,,,,,,,,,,,,,*75

$WIND,,,T,,,R*12

$OWN,0,261187000,0,-100000.0,10.8,15.928288,55.000973,332.3,329.0,0.0,0.0,,1,,,,,,,,,,,,,,,*78

$WIND,,,T,,,R*12

$OWN,0,261187000,0,-100000.0,10.8,15.928242,55.001015,332.0,328.0,0.0,0.0,,1,,,,,,,,,,,,,,,*74

$WIND,,,T,,,R*12

$OWN,0,261187000,0,-100000.0,10.8,15.928197,55.001057,331.6,327.0,0.0,0.0,,1,,,,,,,,,,,,,,,*73

$WIND,,,T,,,R*12

$OWN,0,261187000,0,-100000.0,10.8,15.928152,55.001099,331.3,326.0,0.0,0.0,,1,,,,,,,,,,,,,,,*7C

$WIND,,,T,,,R*12

$OWN,0,261187000,0,-100000.0,10.8,15.928103,55.001141,330.9,326.0,0.0,0.0,,1,,,,,,,,,,,,,,,*77

$WIND,,,T,,,R*12

$OWN,0,261187000,0,-100000.0,10.8,15.928055,55.001183,330.5,325.0,0.0,0.0,,1,,,,,,,,,,,,,,,*74

$WIND,,,T,,,R*12

$OWN,0,261187000,0,-100000.0,10.8,15.928055,55.001183,330.5,325.0,0.0,0.0,,1,,,,,,,,,,,,,,,*74

$WIND,,,T,,,R*12

$OWN,0,261187000,0,-100000.0,10.8,15.928007,55.001225,330.1,324.0,0.0,0.0,,1,,,,,,,,,,,,,,,*79

$WIND,,,T,,,R*12

$OWN,0,261187000,0,-100000.0,10.8,15.927905,55.001308,329.1,322.0,0.0,0.0,,1,,,,,,,,,,,,,,,*7D

$WIND,,,T,,,R*12

$OWN,0,261187000,0,-100000.0,10.8,15.927854,55.001347,328.6,321.0,0.0,0.0,,1,,,,,,,,,,,,,,,*76

$WIND,,,T,,,R*12

$OWN,0,261187000,0,-100000.0,10.8,15.927800,55.001389,328.1,320.0,0.0,0.0,,1,,,,,,,,,,,,,,,*73

$WIND,,,T,,,R*12

$OWN,0,261187000,0,-100000.0,10.8,15.927749,55.001427,327.5,319.0,0.0,0.0,,1,,,,,,,,,,,,,,,*73

$WIND,,,T,,,R*12

$OWN,0,261187000,0,-100000.0,10.8,15.927691,55.001465,326.9,318.0,0.0,0.0,,1,,,,,,,,,,,,,,,*7D

$WIND,,,T,,,R*12

$OWN,0,261187000,0,-100000.0,10.8,15.927637,55.001507,326.3,318.0,0.0,0.0,,1,,,,,,,,,,,,,,,*7E

$WIND,,,T,,,R*12

$OWN,0,261187000,0,-100000.0,10.8,15.927580,55.001545,325.6,317.0,0.0,0.0,,1,,,,,,,,,,,,,,,*7E

$WIND,,,T,,,R*12

$OWN,0,261187000,0,-100000.0,10.8,15.927522,55.001579,324.9,315.0,0.0,0.0,,1,,,,,,,,,,,,,,,*75

$WIND,,,T,,,R*12

$OWN,0,261187000,0,-100000.0,10.8,15.927464,55.001617,324.2,315.0,0.0,0.0,,1,,,,,,,,,,,,,,,*76

$WIND,,,T,,,R*12

$OWN,0,261187000,0,-100000.0,10.8,15.927403,55.001652,323.5,313.0,0.0,0.0,,1,,,,,,,,,,,,,,,*70

$WIND,,,T,,,R*12

$OWN,0,261187000,0,-100000.0,10.8,15.927343,55.001690,322.9,312.0,0.0,0.0,,1,,,,,,,,,,,,,,,*71

$WIND,,,T,,,R*12

$OWN,0,261187000,0,-100000.0,10.8,15.927281,55.001724,322.1,312.0,0.0,0.0,,1,,,,,,,,,,,,,,,*78

$WIND,,,T,,,R*12

$OWN,0,261187000,0,-100000.0,10.8,15.927220,55.001759,321.3,311.0,0.0,0.0,,1,,,,,,,,,,,,,,,*7B

$WIND,,,T,,,R*12

$OWN,0,261187000,0,-100000.0,10.8,15.927156,55.001793,320.6,309.0,0.0,0.0,,1,,,,,,,,,,,,,,,*72

$WIND,,,T,,,R*12

$OWN,0,261187000,0,-100000.0,10.8,15.927092,55.001827,319.8,308.0,0.0,0.0,,1,,,,,,,,,,,,,,,*7E

$WIND,,,T,,,R*12

$OWN,0,261187000,0,-100000.0,10.8,15.927027,55.001858,318.9,307.0,0.0,0.0,,1,,,,,,,,,,,,,,,*77

$WIND,,,T,,,R*12

$OWN,0,261187000,0,-100000.0,10.7,15.926962,55.001888,318.0,306.0,0.0,0.0,,1,,,,,,,,,,,,,,,*74

$WIND,,,T,,,R*12

$OWN,0,261187000,0,-100000.0,10.7,15.926893,55.001923,317.1,305.0,0.0,0.0,,1,,,,,,,,,,,,,,,*76

$WIND,,,T,,,R*12

$OWN,0,261187000,0,-100000.0,10.7,15.926826,55.001953,316.3,304.0,0.0,0.0,,1,,,,,,,,,,,,,,,*7D

$WIND,,,T,,,R*12

$OWN,0,261187000,0,-100000.0,10.7,15.926759,55.001980,315.4,302.0,0.0,0.0,,1,,,,,,,,,,,,,,,*76

$WIND,,,T,,,R*12

$OWN,0,261187000,0,-100000.0,10.7,15.926620,55.002041,313.7,301.0,0.0,0.0,,1,,,,,,,,,,,,,,,*78

$WIND,,,T,,,R*12

$OWN,0,261187000,0,-100000.0,10.7,15.926620,55.002041,313.7,301.0,0.0,0.0,,1,,,,,,,,,,,,,,,*78

$WIND,,,T,,,R*12

$OWN,0,261187000,0,-100000.0,10.7,15.926548,55.002068,312.7,300.0,0.0,0.0,,1,,,,,,,,,,,,,,,*7E

$WIND,,,T,,,R*12

$OWN,0,261187000,0,-100000.0,10.7,15.926476,55.002094,311.8,299.0,0.0,0.0,,1,,,,,,,,,,,,,,,*7C

$WIND,,,T,,,R*12

$OWN,0,261187000,0,-100000.0,10.6,15.926330,55.002144,309.8,297.0,0.0,0.0,,1,,,,,,,,,,,,,,,*73

$WIND,,,T,,,R*12

$OWN,0,261187000,0,-100000.0,10.6,15.926255,55.002167,308.9,296.0,0.0,0.0,,1,,,,,,,,,,,,,,,*71

$WIND,,,T,,,R*12

$OWN,0,261187000,0,-100000.0,10.6,15.926180,55.002193,308.0,296.0,0.0,0.0,,1,,,,,,,,,,,,,,,*78

$WIND,,,T,,,R*12

$OWN,0,261187000,0,-100000.0,10.6,15.926106,55.002216,307.1,296.0,0.0,0.0,,1,,,,,,,,,,,,,,,*76

$WIND,,,T,,,R*12

$OWN,0,261187000,0,-100000.0,10.6,15.926032,55.002239,306.2,295.0,0.0,0.0,,1,,,,,,,,,,,,,,,*7C

$WIND,,,T,,,R*12

$OWN,0,261187000,0,-100000.0,10.6,15.925957,55.002262,305.3,294.0,0.0,0.0,,1,,,,,,,,,,,,,,,*78

$WIND,,,T,,,R*12

$OWN,0,261187000,0,-100000.0,10.5,15.925879,55.002281,304.3,294.0,0.0,0.0,,1,,,,,,,,,,,,,,,*7A

$WIND,,,T,,,R*12

$OWN,0,261187000,0,-100000.0,10.5,15.925801,55.002300,303.4,293.0,0.0,0.0,,1,,,,,,,,,,,,,,,*7A

$WIND,,,T,,,R*12

$OWN,0,261187000,0,-100000.0,10.5,15.925723,55.002323,302.5,293.0,0.0,0.0,,1,,,,,,,,,,,,,,,*74

$WIND,,,T,,,R*12

$OWN,0,261187000,0,0.0,10.5,15.925647,55.002338,301.6,293.0,0.0,0.0,,1,,,,,,,,,,,,,,,*61

$WIND,,,T,,,R*12

$OWN,0,261187000,0,0.0,10.5,15.925569,55.002361,300.8,293.0,0.0,0.0,,1,,,,,,,,,,,,,,,*6D

$WIND,,,T,,,R*12

$OWN,0,261187000,0,0.0,10.5,15.925490,55.002377,300.1,293.0,0.0,0.0,,1,,,,,,,,,,,,,,,*64

$WIND,,,T,,,R*12

$OWN,0,261187000,0,0.0,10.5,15.925411,55.002399,299.5,293.0,0.0,0.0,,1,,,,,,,,,,,,,,,*68

$WIND,,,T,,,R*12

$OWN,0,261187000,0,0.0,10.5,15.925332,55.002419,298.9,293.0,0.0,0.0,,1,,,,,,,,,,,,,,,*6C

$WIND,,,T,,,R*12

$OWN,0,261187000,0,0.0,10.5,15.925253,55.002438,298.3,293.0,0.0,0.0,,1,,,,,,,,,,,,,,,*63

$WIND,,,T,,,R*12

$OWN,0,261187000,0,100000.0,10.5,15.925175,55.002457,297.8,294.0,0.0,0.0,,1,,,,,,,,,,,,,,,*5F

$WIND,,,T,,,R*12

$OWN,0,261187000,0,100000.0,10.6,15.925095,55.002476,297.3,294.0,0.0,0.0,,1,,,,,,,,,,,,,,,*5B

$WIND,,,T,,,R*12

$OWN,0,261187000,0,100000.0,10.6,15.925095,55.002476,297.3,294.0,0.0,0.0,,1,,,,,,,,,,,,,,,*5B

$WIND,,,T,,,R*12

$OWN,0,261187000,0,100000.0,10.6,15.925015,55.002495,296.8,294.0,0.0,0.0,,1,,,,,,,,,,,,,,,*54

$WIND,,,T,,,R*12

$OWN,0,261187000,0,100000.0,10.6,15.924935,55.002510,296.3,295.0,0.0,0.0,,1,,,,,,,,,,,,,,,*58

$WIND,,,T,,,R*12

$OWN,0,261187000,0,100000.0,10.6,15.924855,55.002529,296.0,295.0,0.0,0.0,,1,,,,,,,,,,,,,,,*56

$WIND,,,T,,,R*12

$OWN,0,261187000,0,100000.0,10.6,15.924695,55.002571,295.4,296.0,0.0,0.0,,1,,,,,,,,,,,,,,,*5D

$WIND,,,T,,,R*12

$OWN,0,261187000,0,100000.0,10.6,15.924695,55.002571,295.4,296.0,0.0,0.0,,1,,,,,,,,,,,,,,,*5D

$WIND,,,T,,,R*12

$OWN,0,261187000,0,100000.0,10.7,15.924537,55.002609,295.2,297.0,0.0,0.0,,1,,,,,,,,,,,,,,,*5C

$WIND,,,T,,,R*12

$OWN,0,261187000,0,100000.0,10.7,15.924459,55.002628,295.1,297.0,0.0,0.0,,1,,,,,,,,,,,,,,,*55

$WIND,,,T,,,R*12

$OWN,0,261187000,0,100000.0,10.7,15.924378,55.002651,295.1,298.0,0.0,0.0,,1,,,,,,,,,,,,,,,*50

$WIND,,,T,,,R*12

$OWN,0,261187000,0,100000.0,10.7,15.924300,55.002670,295.0,299.0,0.0,0.0,,1,,,,,,,,,,,,,,,*5C

$WIND,,,T,,,R*12

$OWN,0,261187000,0,100000.0,10.7,15.924300,55.002670,295.0,299.0,0.0,0.0,,1,,,,,,,,,,,,,,,*5C

$WIND,,,T,,,R*12

$OWN,0,261187000,0,100000.0,10.7,15.924220,55.002693,295.0,300.0,0.0,0.0,,1,,,,,,,,,,,,,,,*53

$WIND,,,T,,,R*12

$OWN,0,261187000,0,100000.0,10.7,15.924142,55.002712,295.0,301.0,0.0,0.0,,1,,,,,,,,,,,,,,,*5D

$WIND,,,T,,,R*12

$OWN,0,261187000,0,100000.0,10.7,15.923986,55.002758,295.4,303.0,0.0,0.0,,1,,,,,,,,,,,,,,,*52

$WIND,,,T,,,R*12

$OWN,0,261187000,0,100000.0,10.7,15.923910,55.002781,295.7,304.0,0.0,0.0,,1,,,,,,,,,,,,,,,*5D

$WIND,,,T,,,R*12

$OWN,0,261187000,0,100000.0,10.7,15.923833,55.002804,296.0,305.0,0.0,0.0,,1,,,,,,,,,,,,,,,*5A

$WIND,,,T,,,R*12

$OWN,0,261187000,0,100000.0,10.7,15.923759,55.002827,296.4,306.0,0.0,0.0,,1,,,,,,,,,,,,,,,*5F

$WIND,,,T,,,R*12

$OWN,0,261187000,0,100000.0,10.7,15.923685,55.002853,296.8,307.0,0.0,0.0,,1,,,,,,,,,,,,,,,*51

$WIND,,,T,,,R*12

$OWN,0,261187000,0,100000.0,10.7,15.923612,55.002880,297.2,308.0,0.0,0.0,,1,,,,,,,,,,,,,,,*55

$WIND,,,T,,,R*12

$OWN,0,261187000,0,100000.0,10.7,15.923538,55.002907,297.7,309.0,0.0,0.0,,1,,,,,,,,,,,,,,,*54

$WIND,,,T,,,R*12

$OWN,0,261187000,0,100000.0,10.7,15.923538,55.002907,297.7,309.0,0.0,0.0,,1,,,,,,,,,,,,,,,*54

$WIND,,,T,,,R*12

$OWN,0,261187000,0,100000.0,10.7,15.923467,55.002934,298.1,310.0,0.0,0.0,,1,,,,,,,,,,,,,,,*5E

$WIND,,,T,,,R*12

$OWN,0,261187000,0,100000.0,10.7,15.923395,55.002960,298.7,311.0,0.0,0.0,,1,,,,,,,,,,,,,,,*52

$WIND,,,T,,,R*12

$OWN,0,261187000,0,100000.0,10.7,15.923255,55.003017,299.9,313.0,0.0,0.0,,1,,,,,,,,,,,,,,,*5A

$WIND,,,T,,,R*12

$OWN,0,261187000,0,100000.0,10.7,15.923186,55.003048,300.6,315.0,0.0,0.0,,1,,,,,,,,,,,,,,,*55

$WIND,,,T,,,R*12

$OWN,0,261187000,0,100000.0,10.7,15.923120,55.003078,301.4,316.0,0.0,0.0,,1,,,,,,,,,,,,,,,*5A

$WIND,,,T,,,R*12

$OWN,0,261187000,0,100000.0,10.6,15.923055,55.003109,302.1,317.0,0.0,0.0,,1,,,,,,,,,,,,,,,*58

$WIND,,,T,,,R*12

$OWN,0,261187000,0,100000.0,10.6,15.922990,55.003139,302.9,318.0,0.0,0.0,,1,,,,,,,,,,,,,,,*5D

$WIND,,,T,,,R*12

$OWN,0,261187000,0,100000.0,10.6,15.922927,55.003170,303.7,318.0,0.0,0.0,,1,,,,,,,,,,,,,,,*53

$WIND,,,T,,,R*12

$OWN,0,261187000,0,100000.0,10.6,15.922865,55.003204,304.5,319.0,0.0,0.0,,1,,,,,,,,,,,,,,,*50

$WIND,,,T,,,R*12

$OWN,0,261187000,0,100000.0,10.6,15.922803,55.003235,305.4,321.0,0.0,0.0,,1,,,,,,,,,,,,,,,*59

$WIND,,,T,,,R*12

$OWN,0,261187000,0,100000.0,10.5,15.922745,55.003269,306.2,322.0,0.0,0.0,,1,,,,,,,,,,,,,,,*58

$WIND,,,T,,,R*12

$OWN,0,261187000,0,100000.0,10.5,15.922745,55.003269,306.2,322.0,0.0,0.0,,1,,,,,,,,,,,,,,,*58

$WIND,,,T,,,R*12

$OWN,0,261187000,0,100000.0,10.5,15.922687,55.003304,307.2,324.0,0.0,0.0,,1,,,,,,,,,,,,,,,*5A

$WIND,,,T,,,R*12

$OWN,0,261187000,0,100000.0,10.5,15.922630,55.003342,308.1,325.0,0.0,0.0,,1,,,,,,,,,,,,,,,*59

$WIND,,,T,,,R*12

$OWN,0,261187000,0,100000.0,10.5,15.922575,55.003376,309.2,326.0,0.0,0.0,,1,,,,,,,,,,,,,,,*5D

$WIND,,,T,,,R*12

$OWN,0,261187000,0,100000.0,10.4,15.922472,55.003448,311.2,328.0,0.0,0.0,,1,,,,,,,,,,,,,,,*57

$WIND,,,T,,,R*12

$OWN,0,261187000,0,100000.0,10.4,15.922420,55.003487,312.3,329.0,0.0,0.0,,1,,,,,,,,,,,,,,,*50

$WIND,,,T,,,R*12

$OWN,0,261187000,0,100000.0,10.3,15.922372,55.003525,313.3,331.0,0.0,0.0,,1,,,,,,,,,,,,,,,*56

$WIND,,,T,,,R*12

$OWN,0,261187000,0,100000.0,10.3,15.922372,55.003525,313.3,332.0,0.0,0.0,,1,,,,,,,,,,,,,,,*55

$WIND,,,T,,,R*12

$OWN,0,261187000,0,100000.0,10.3,15.922323,55.003567,314.4,334.0,0.0,0.0,,1,,,,,,,,,,,,,,,*51

$WIND,,,T,,,R*12

$OWN,0,261187000,0,100000.0,10.3,15.922278,55.003605,315.6,335.0,0.0,0.0,,1,,,,,,,,,,,,,,,*5B

$WIND,,,T,,,R*12

$OWN,0,261187000,0,100000.0,10.2,15.922235,55.003643,316.7,336.0,0.0,0.0,,1,,,,,,,,,,,,,,,*50

$WIND,,,T,,,R*12

$OWN,0,261187000,0,100000.0,10.2,15.922195,55.003685,317.9,339.0,0.0,0.0,,5,9161247,SNHA   ,NAWIGATOR XXI       ,99,17,43,4,6,2,5,21,12,0,3.4,SZCZECIN            *46

$WIND,,,T,,,R*12

$OWN,0,261187000,0,100000.0,10.2,15.922155,55.003723,319.1,339.0,0.0,0.0,,5,9161247,SNHA   ,NAWIGATOR XXI       ,99,17,43,4,6,2,5,21,12,0,3.4,SZCZECIN            *41

$WIND,,,T,,,R*12

$OWN,0,261187000,0,100000.0,10.1,15.922116,55.003765,320.3,340.0,0.0,0.0,,5,9161247,SNHA   ,NAWIGATOR XXI       ,99,17,43,4,6,2,5,21,12,0,3.4,SZCZECIN            *41

$WIND,,,T,,,R*12

$OWN,0,261187000,0,100000.0,10.1,15.922080,55.003803,321.4,341.0,0.0,0.0,,5,9161247,SNHA   ,NAWIGATOR XXI       ,99,17,43,4,6,2,5,21,12,0,3.4,SZCZECIN            *47

$WIND,,,T,,,R*12

$OWN,0,261187000,0,100000.0,10.1,15.922045,55.003845,322.6,341.0,0.0,0.0,,5,9161247,SNHA   ,NAWIGATOR XXI       ,99,17,43,4,6,2,5,21,12,0,3.4,SZCZECIN            *4D

$WIND,,,T,,,R*12

$OWN,0,261187000,0,100000.0,10.1,15.922011,55.003887,323.7,342.0,0.0,0.0,,5,9161247,SNHA   ,NAWIGATOR XXI       ,99,17,43,4,6,2,5,21,12,0,3.4,SZCZECIN            *41

$WIND,,,T,,,R*12

$OWN,0,261187000,0,100000.0,10.0,15.921978,55.003933,325.0,343.0,0.0,0.0,,5,9161247,SNHA   ,NAWIGATOR XXI       ,99,17,43,4,6,2,5,21,12,0,3.4,SZCZECIN            *4B

$WIND,,,T,,,R*12

$OWN,0,261187000,0,100000.0,10.0,15.921948,55.003975,326.2,343.0,0.0,0.0,,5,9161247,SNHA   ,NAWIGATOR XXI       ,99,17,43,4,6,2,5,21,12,0,3.4,SZCZECIN            *4B

$WIND,,,T,,,R*12

$OWN,0,261187000,0,100000.0,10.0,15.921920,55.004017,327.4,344.0,0.0,0.0,,5,9161247,SNHA   ,NAWIGATOR XXI       ,99,17,43,4,6,2,5,21,12,0,3.4,SZCZECIN            *4F

$WIND,,,T,,,R*12

$OWN,0,261187000,0,0.0,10.0,15.921891,55.004059,328.5,344.0,0.0,0.0,,5,9161247,SNHA   ,NAWIGATOR XXI       ,99,17,43,4,6,2,5,21,12,0,3.4,SZCZECIN            *71

$WIND,,,T,,,R*12

$OWN,0,261187000,0,100000.0,10.0,15.921864,55.004105,329.4,344.0,0.0,0.0,,5,9161247,SNHA   ,NAWIGATOR XXI       ,99,17,43,4,6,2,5,21,12,0,3.4,SZCZECIN            *42

$WIND,,,T,,,R*12

$OWN,0,261187000,0,100000.0,9.9,15.921835,55.004147,330.3,344.0,0.0,0.0,,5,9161247,SNHA   ,NAWIGATOR XXI       ,99,17,43,4,6,2,5,21,12,0,3.4,SZCZECIN            *7E

$WIND,,,T,,,R*12

$OWN,0,261187000,0,0.0,10.0,15.921806,55.004189,331.2,344.0,0.0,0.0,,5,9161247,SNHA   ,NAWIGATOR XXI       ,99,17,43,4,6,2,5,21,12,0,3.4,SZCZECIN            *7C

$WIND,,,T,,,R*12

$OWN,0,261187000,0,0.0,10.0,15.921779,55.004234,332.0,344.0,0.0,0.0,,5,9161247,SNHA   ,NAWIGATOR XXI       ,99,17,43,4,6,2,5,21,12,0,3.4,SZCZECIN            *7F

$WIND,,,T,,,R*12

$OWN,0,261187000,0,0.0,10.0,15.921752,55.004276,332.7,344.0,0.0,0.0,,5,9161247,SNHA   ,NAWIGATOR XXI       ,99,17,43,4,6,2,5,21,12,0,3.4,SZCZECIN            *77

$WIND,,,T,,,R*12

$OWN,0,261187000,0,0.0,10.0,15.921725,55.004322,333.5,344.0,0.0,0.0,,5,9161247,SNHA   ,NAWIGATOR XXI       ,99,17,43,4,6,2,5,21,12,0,3.4,SZCZECIN            *74

$WIND,,,T,,,R*12

$OWN,0,261187000,0,0.0,10.0,15.921700,55.004364,334.3,344.0,0.0,0.0,,5,9161247,SNHA   ,NAWIGATOR XXI       ,99,17,43,4,6,2,5,21,12,0,3.4,SZCZECIN            *70

$WIND,,,T,,,R*12

$OWN,0,261187000,0,-100000.0,10.0,15.921675,55.004410,335.0,344.0,0.0,0.0,,5,9161247,SNHA   ,NAWIGATOR XXI       ,99,17,43,4,6,2,5,21,12,0,3.4,SZCZECIN            *69

$WIND,,,T,,,R*12

$OWN,0,261187000,0,0.0,10.0,15.921650,55.004452,335.7,344.0,0.0,0.0,,5,9161247,SNHA   ,NAWIGATOR XXI       ,99,17,43,4,6,2,5,21,12,0,3.4,SZCZECIN            *73

$WIND,,,T,,,R*12

$OWN,0,261187000,0,-100000.0,10.0,15.921625,55.004498,336.3,344.0,0.0,0.0,,5,9161247,SNHA   ,NAWIGATOR XXI       ,99,17,43,4,6,2,5,21,12,0,3.4,SZCZECIN            *6C

$WIND,,,T,,,R*12

$OWN,0,261187000,0,-100000.0,10.0,15.921600,55.004543,336.8,344.0,0.0,0.0,,5,9161247,SNHA   ,NAWIGATOR XXI       ,99,17,43,4,6,2,5,21,12,0,3.4,SZCZECIN            *67

$WIND,,,T,,,R*12

$OWN,0,261187000,0,-100000.0,10.0,15.921574,55.004589,337.2,343.0,0.0,0.0,,5,9161247,SNHA   ,NAWIGATOR XXI       ,99,17,43,4,6,2,5,21,12,0,3.4,SZCZECIN            *6D

$WIND,,,T,,,R*12

$OWN,0,261187000,0,-100000.0,10.0,15.921574,55.004589,337.2,343.0,0.0,0.0,,5,9161247,SNHA   ,NAWIGATOR XXI       ,99,17,43,4,6,2,5,21,12,0,3.4,SZCZECIN            *6D

$WIND,,,T,,,R*12

$OWN,0,261187000,0,-100000.0,10.1,15.921518,55.004677,337.8,343.0,0.0,0.0,,5,9161247,SNHA   ,NAWIGATOR XXI       ,99,17,43,4,6,2,5,21,12,0,3.4,SZCZECIN            *6E

$WIND,,,T,,,R*12

$OWN,0,261187000,0,-100000.0,10.1,15.921490,55.004723,338.0,342.0,0.0,0.0,,5,9161247,SNHA   ,NAWIGATOR XXI       ,99,17,43,4,6,2,5,21,12,0,3.4,SZCZECIN            *69

$WIND,,,T,,,R*12

$OWN,0,261187000,0,-100000.0,10.1,15.921463,55.004768,338.3,342.0,0.0,0.0,,5,9161247,SNHA   ,NAWIGATOR XXI       ,99,17,43,4,6,2,5,21,12,0,3.4,SZCZECIN            *69

$WIND,,,T,,,R*12

$OWN,0,261187000,0,-100000.0,10.2,15.921436,55.004814,338.6,342.0,0.0,0.0,,5,9161247,SNHA   ,NAWIGATOR XXI       ,99,17,43,4,6,2,5,21,12,0,3.4,SZCZECIN            *6B

$WIND,,,T,,,R*12

$OWN,0,261187000,0,-100000.0,10.2,15.921410,55.004860,338.9,341.0,0.0,0.0,,5,9161247,SNHA   ,NAWIGATOR XXI       ,99,17,43,4,6,2,5,21,12,0,3.4,SZCZECIN            *60

$WIND,,,T,,,R*12

$OWN,0,261187000,0,-100000.0,10.2,15.921383,55.004906,339.2,341.0,0.0,0.0,,5,9161247,SNHA   ,NAWIGATOR XXI       ,99,17,43,4,6,2,5,21,12,0,3.4,SZCZECIN            *66

$WIND,,,T,,,R*12

$OWN,0,261187000,0,-100000.0,10.3,15.921356,55.004951,339.3,340.0,0.0,0.0,,5,9161247,SNHA   ,NAWIGATOR XXI       ,99,17,43,4,6,2,5,21,12,0,3.4,SZCZECIN            *6D

$WIND,,,T,,,R*12

$OWN,0,261187000,0,-100000.0,10.3,15.921329,55.005001,339.2,340.0,0.0,0.0,,5,9161247,SNHA   ,NAWIGATOR XXI       ,99,17,43,4,6,2,5,21,12,0,3.4,SZCZECIN            *69

$WIND,,,T,,,R*12

$OWN,0,261187000,0,-100000.0,10.3,15.921298,55.005047,339.2,339.0,0.0,0.0,,5,9161247,SNHA   ,NAWIGATOR XXI       ,99,17,43,4,6,2,5,21,12,0,3.4,SZCZECIN            *6E

$WIND,,,T,,,R*12

$OWN,0,261187000,0,-100000.0,10.3,15.921268,55.005093,339.1,339.0,0.0,0.0,,5,9161247,SNHA   ,NAWIGATOR XXI       ,99,17,43,4,6,2,5,21,12,0,3.4,SZCZECIN            *6B

$WIND,,,T,,,R*12

$OWN,0,261187000,0,-100000.0,10.4,15.921237,55.005138,339.0,338.0,0.0,0.0,,5,9161247,SNHA   ,NAWIGATOR XXI       ,99,17,43,4,6,2,5,21,12,0,3.4,SZCZECIN            *66

$WIND,,,T,,,R*12

$OWN,0,261187000,0,-100000.0,10.4,15.921205,55.005184,338.8,337.0,0.0,0.0,,5,9161247,SNHA   ,NAWIGATOR XXI       ,99,17,43,4,6,2,5,21,12,0,3.4,SZCZECIN            *66

$WIND,,,T,,,R*12

$OWN,0,261187000,0,-100000.0,10.4,15.921172,55.005230,338.7,337.0,0.0,0.0,,5,9161247,SNHA   ,NAWIGATOR XXI       ,99,17,43,4,6,2,5,21,12,0,3.4,SZCZECIN            *66

$WIND,,,T,,,R*12

$OWN,0,261187000,0,-100000.0,10.4,15.921140,55.005276,338.6,336.0,0.0,0.0,,5,9161247,SNHA   ,NAWIGATOR XXI       ,99,17,43,4,6,2,5,21,12,0,3.4,SZCZECIN            *65

$WIND,,,T,,,R*12

$OWN,0,261187000,0,-100000.0,10.5,15.921072,55.005363,338.2,335.0,0.0,0.0,,5,9161247,SNHA   ,NAWIGATOR XXI       ,99,17,43,4,6,2,5,21,12,0,3.4,SZCZECIN            *66

$WIND,,,T,,,R*12

$OWN,0,261187000,0,-100000.0,10.5,15.921037,55.005409,338.0,334.0,0.0,0.0,,5,9161247,SNHA   ,NAWIGATOR XXI       ,99,17,43,4,6,2,5,21,12,0,3.4,SZCZECIN            *6F

$WIND,,,T,,,R*12

$OWN,0,261187000,0,-100000.0,10.5,15.921000,55.005455,337.6,334.0,0.0,0.0,,5,9161247,SNHA   ,NAWIGATOR XXI       ,99,17,43,4,6,2,5,21,12,0,3.4,SZCZECIN            *6B

$WIND,,,T,,,R*12

$OWN,0,261187000,0,-100000.0,10.5,15.920963,55.005501,337.2,333.0,0.0,0.0,,5,9161247,SNHA   ,NAWIGATOR XXI       ,99,17,43,4,6,2,5,21,12,0,3.4,SZCZECIN            *65

$WIND,,,T,,,R*12

$OWN,0,261187000,0,-100000.0,10.5,15.920923,55.005543,336.7,332.0,0.0,0.0,,5,9161247,SNHA   ,NAWIGATOR XXI       ,99,17,43,4,6,2,5,21,12,0,3.4,SZCZECIN            *62

$WIND,,,T,,,R*12

$OWN,0,261187000,0,-100000.0,10.6,15.920883,55.005589,336.3,331.0,0.0,0.0,,5,9161247,SNHA   ,NAWIGATOR XXI       ,99,17,43,4,6,2,5,21,12,0,3.4,SZCZECIN            *6B

$WIND,,,T,,,R*12

$OWN,0,261187000,0,-100000.0,10.6,15.920841,55.005630,335.8,331.0,0.0,0.0,,5,9161247,SNHA   ,NAWIGATOR XXI       ,99,17,43,4,6,2,5,21,12,0,3.4,SZCZECIN            *6C

$WIND,,,T,,,R*12

$OWN,0,261187000,0,-100000.0,10.6,15.920802,55.005672,335.3,330.0,0.0,0.0,,5,9161247,SNHA   ,NAWIGATOR XXI       ,99,17,43,4,6,2,5,21,12,0,3.4,SZCZECIN            *67

$WIND,,,T,,,R*12

$OWN,0,261187000,0,-100000.0,10.6,15.920758,55.005714,334.9,329.0,0.0,0.0,,5,9161247,SNHA   ,NAWIGATOR XXI       ,99,17,43,4,6,2,5,21,12,0,3.4,SZCZECIN            *65

$WIND,,,T,,,R*12

$OWN,0,261187000,0,-100000.0,10.6,15.920715,55.005760,334.3,328.0,0.0,0.0,,5,9161247,SNHA   ,NAWIGATOR XXI       ,99,17,43,4,6,2,5,21,12,0,3.4,SZCZECIN            *64

$WIND,,,T,,,R*12

$OWN,0,261187000,0,-100000.0,10.6,15.920670,55.005802,333.8,327.0,0.0,0.0,,5,9161247,SNHA   ,NAWIGATOR XXI       ,99,17,43,4,6,2,5,21,12,0,3.4,SZCZECIN            *6E

$WIND,,,T,,,R*12

$OWN,0,261187000,0,-100000.0,10.6,15.920625,55.005840,333.2,326.0,0.0,0.0,,5,9161247,SNHA   ,NAWIGATOR XXI       ,99,17,43,4,6,2,5,21,12,0,3.4,SZCZECIN            *63

$WIND,,,T,,,R*12

$OWN,0,261187000,0,-100000.0,10.6,15.920578,55.005882,332.6,325.0,0.0,0.0,,5,9161247,SNHA   ,NAWIGATOR XXI       ,99,17,43,4,6,2,5,21,12,0,3.4,SZCZECIN            *60

$WIND,,,T,,,R*12

$OWN,0,261187000,0,-100000.0,10.6,15.920531,55.005924,331.9,324.0,0.0,0.0,,5,9161247,SNHA   ,NAWIGATOR XXI       ,99,17,43,4,6,2,5,21,12,0,3.4,SZCZECIN            *6D

$WIND,,,T,,,R*12

$OWN,0,261187000,0,-100000.0,10.6,15.920482,55.005962,331.3,323.0,0.0,0.0,,5,9161247,SNHA   ,NAWIGATOR XXI       ,99,17,43,4,6,2,5,21,12,0,3.4,SZCZECIN            *6B

$WIND,,,T,,,R*12

$OWN,0,261187000,0,-100000.0,10.6,15.920432,55.006004,330.6,322.0,0.0,0.0,,5,9161247,SNHA   ,NAWIGATOR XXI       ,99,17,43,4,6,2,5,21,12,0,3.4,SZCZECIN            *6F

$WIND,,,T,,,R*12

$OWN,0,261187000,0,-100000.0,10.6,15.920380,55.006042,329.9,321.0,0.0,0.0,,5,9161247,SNHA   ,NAWIGATOR XXI       ,99,17,43,4,6,2,5,21,12,0,3.4,SZCZECIN            *67

$WIND,,,T,,,R*12

$OWN,0,261187000,0,-100000.0,10.6,15.920328,55.006081,329.1,320.0,0.0,0.0,,5,9161247,SNHA   ,NAWIGATOR XXI       ,99,17,43,4,6,2,5,21,12,0,3.4,SZCZECIN            *63

$WIND,,,T,,,R*12

$OWN,0,261187000,0,-100000.0,10.6,15.920275,55.006119,328.4,319.0,0.0,0.0,,5,9161247,SNHA   ,NAWIGATOR XXI       ,99,17,43,4,6,2,5,21,12,0,3.4,SZCZECIN            *64

$WIND,,,T,,,R*12

$OWN,0,261187000,0,-100000.0,10.6,15.920220,55.006157,327.7,318.0,0.0,0.0,,5,9161247,SNHA   ,NAWIGATOR XXI       ,99,17,43,4,6,2,5,21,12,0,3.4,SZCZECIN            *63

$WIND,,,T,,,R*12

$OWN,0,261187000,0,-100000.0,10.6,15.920220,55.006157,327.7,318.0,0.0,0.0,,5,9161247,SNHA   ,NAWIGATOR XXI       ,99,17,43,4,6,2,5,21,12,0,3.4,SZCZECIN            *63

$WIND,,,T,,,R*12

$OWN,0,261187000,0,-100000.0,10.6,15.920167,55.006195,326.9,317.0,0.0,0.0,,5,9161247,SNHA   ,NAWIGATOR XXI       ,99,17,43,4,6,2,5,21,12,0,3.4,SZCZECIN            *6D

$WIND,,,T,,,R*12

$OWN,0,261187000,0,-100000.0,10.6,15.920110,55.006229,326.1,315.0,0.0,0.0,,5,9161247,SNHA   ,NAWIGATOR XXI       ,99,17,43,4,6,2,5,21,12,0,3.4,SZCZECIN            *63

$WIND,,,T,,,R*12

$OWN,0,261187000,0,-100000.0,10.5,15.919993,55.006302,324.4,313.0,0.0,0.0,,5,9161247,SNHA   ,NAWIGATOR XXI       ,99,17,43,4,6,2,5,21,12,0,3.4,SZCZECIN            *60

$WIND,,,T,,,R*12

$OWN,0,261187000,0,-100000.0,10.5,15.919933,55.006336,323.5,312.0,0.0,0.0,,1,,,,,,,,,,,,,,,*7F

$WIND,,,T,,,R*12

$OWN,0,261187000,0,-100000.0,10.5,15.919873,55.006371,322.6,311.0,0.0,0.0,,1,,,,,,,,,,,,,,,*78

$WIND,,,T,,,R*12

$OWN,0,261187000,0,-100000.0,10.5,15.919811,55.006401,321.6,309.0,0.0,0.0,,1,,,,,,,,,,,,,,,*76

$WIND,,,T,,,R*12

$OWN,0,261187000,0,-100000.0,10.5,15.919748,55.006432,320.7,308.0,0.0,0.0,,1,,,,,,,,,,,,,,,*74

$WIND,,,T,,,R*12

$OWN,0,261187000,0,-100000.0,10.5,15.919685,55.006466,319.7,307.0,0.0,0.0,,1,,,,,,,,,,,,,,,*70

$WIND,,,T,,,R*12

$OWN,0,261187000,0,-100000.0,10.4,15.919620,55.006496,318.7,305.0,0.0,0.0,,1,,,,,,,,,,,,,,,*72

$WIND,,,T,,,R*12

$OWN,0,261187000,0,-100000.0,10.4,15.919555,55.006523,317.7,304.0,0.0,0.0,,1,,,,,,,,,,,,,,,*72

$WIND,,,T,,,R*12

$OWN,0,261187000,0,-100000.0,10.4,15.919488,55.006554,316.7,303.0,0.0,0.0,,1,,,,,,,,,,,,,,,*75

$WIND,,,T,,,R*12

$OWN,0,261187000,0,-100000.0,10.4,15.919420,55.006580,315.7,301.0,0.0,0.0,,1,,,,,,,,,,,,,,,*7F

$WIND,,,T,,,R*12

$OWN,0,261187000,0,-100000.0,10.3,15.919352,55.006607,314.6,300.0,0.0,0.0,,1,,,,,,,,,,,,,,,*77

$WIND,,,T,,,R*12

$OWN,0,261187000,0,-100000.0,10.3,15.919283,55.006634,313.5,299.0,0.0,0.0,,1,,,,,,,,,,,,,,,*7F

$WIND,,,T,,,R*12

$OWN,0,261187000,0,-100000.0,10.3,15.919213,55.006660,312.5,297.0,0.0,0.0,,1,,,,,,,,,,,,,,,*78

$WIND,,,T,,,R*12

$OWN,0,261187000,0,-100000.0,10.3,15.919144,55.006683,311.3,296.0,0.0,0.0,,1,,,,,,,,,,,,,,,*70

$WIND,,,T,,,R*12

$OWN,0,261187000,0,-100000.0,10.2,15.919071,55.006706,310.2,295.0,0.0,0.0,,1,,,,,,,,,,,,,,,*79

$WIND,,,T,,,R*12

$OWN,0,261187000,0,-100000.0,10.2,15.919000,55.006729,309.1,294.0,0.0,0.0,,1,,,,,,,,,,,,,,,*78

$WIND,,,T,,,R*12

$OWN,0,261187000,0,-100000.0,10.2,15.918926,55.006748,308.1,293.0,0.0,0.0,,1,,,,,,,,,,,,,,,*75

$WIND,,,T,,,R*12

$OWN,0,261187000,0,-100000.0,10.2,15.918854,55.006771,307.0,293.0,0.0,0.0,,1,,,,,,,,,,,,,,,*75

$WIND,,,T,,,R*12

$OWN,0,261187000,0,-100000.0,10.1,15.918780,55.006790,305.9,292.0,0.0,0.0,,1,,,,,,,,,,,,,,,*75

$WIND,,,T,,,R*12

$OWN,0,261187000,0,-100000.0,10.1,15.918705,55.006809,304.7,291.0,0.0,0.0,,1,,,,,,,,,,,,,,,*7B

$WIND,,,T,,,R*12

$OWN,0,261187000,0,-100000.0,10.1,15.918632,55.006828,303.5,291.0,0.0,0.0,,1,,,,,,,,,,,,,,,*78

$WIND,,,T,,,R*12

$AIS,0,246530000,0,0.0,11.2,15.370934,54.792149,76.0,75.0,-35216.14,-23751.42,,1,,,,,,,,,,,,,,,*60

$OWN,0,261187000,0,-100000.0,10.1,15.918555,55.006844,302.3,291.0,0.0,0.0,,1,,,,,,,,,,,,,,,*77

$WIND,,,T,,,R*12

$AIS,0,246530000,0,0.0,11.2,15.370934,54.792149,76.0,75.0,-35211.23,-23753.15,,1,,,,,,,,,,,,,,,*63

$OWN,0,261187000,0,-100000.0,10.1,15.918478,55.006859,301.3,291.0,0.0,0.0,,1,,,,,,,,,,,,,,,*76

$WIND,,,T,,,R*12

$AIS,0,246530000,0,0.0,11.2,15.370934,54.792149,76.0,75.0,-35206.27,-23754.89,,1,,,,,,,,,,,,,,,*63

$OWN,0,261187000,0,-100000.0,10.1,15.918478,55.006859,301.3,290.0,0.0,0.0,,1,,,,,,,,,,,,,,,*77

$WIND,,,T,,,R*12

$AIS,0,246530000,0,0.0,11.2,15.370934,54.792149,76.0,75.0,-35206.27,-23754.89,,1,,,,,,,,,,,,,,,*63

$OWN,0,261187000,0,-100000.0,10.1,15.918326,55.006893,299.6,290.0,0.0,0.0,,1,,,,,,,,,,,,,,,*78

$WIND,,,T,,,R*12

$AIS,0,246530000,0,0.0,11.2,15.370934,54.792149,76.0,75.0,-35196.52,-23758.79,,1,,,,,,,,,,,,,,,*68

$OWN,0,261187000,0,0.0,10.1,15.918250,55.006908,298.8,290.0,0.0,0.0,,1,,,,,,,,,,,,,,,*68

$WIND,,,T,,,R*12

$AIS,0,246530000,0,0.0,11.2,15.370934,54.792149,76.0,75.0,-35191.61,-23760.52,,1,,,,,,,,,,,,,,,*6D

$OWN,0,261187000,0,0.0,10.1,15.918250,55.006908,298.8,290.0,0.0,0.0,,1,,,,,,,,,,,,,,,*68

$WIND,,,T,,,R*12

$AIS,0,246530000,0,0.0,11.2,15.370934,54.792149,76.0,75.0,-35191.61,-23760.52,,1,,,,,,,,,,,,,,,*6D

$OWN,0,261187000,0,0.0,10.1,15.918174,55.006927,298.2,290.0,0.0,0.0,,1,,,,,,,,,,,,,,,*6A

$WIND,,,T,,,R*12

$AIS,0,246530000,0,0.0,11.2,15.370934,54.792149,76.0,75.0,-35186.70,-23762.69,,1,,,,,,,,,,,,,,,*61

$OWN,0,261187000,0,0.0,10.1,15.918097,55.006947,297.6,290.0,0.0,0.0,,1,,,,,,,,,,,,,,,*6B

$WIND,,,T,,,R*12

$AIS,0,246530000,0,0.0,11.2,15.370934,54.792149,76.0,75.0,-35181.74,-23764.85,,1,,,,,,,,,,,,,,,*66

$OWN,0,261187000,0,100000.0,10.1,15.918020,55.006962,296.9,290.0,0.0,0.0,,1,,,,,,,,,,,,,,,*5F

$WIND,,,T,,,R*12

$AIS,0,246530000,0,0.0,11.2,15.370934,54.792149,76.0,75.0,-35176.83,-23766.58,,1,,,,,,,,,,,,,,,*64

$OWN,0,261187000,0,100000.0,10.1,15.917943,55.006977,296.2,291.0,0.0,0.0,,1,,,,,,,,,,,,,,,*52

$WIND,,,T,,,R*12

$OWN,0,261187000,0,100000.0,10.1,15.917863,55.006992,295.5,291.0,0.0,0.0,,1,,,,,,,,,,,,,,,*5E

$WIND,,,T,,,R*12

$OWN,0,261187000,0,100000.0,10.1,15.917785,55.007008,294.9,291.0,0.0,0.0,,1,,,,,,,,,,,,,,,*5F

$WIND,,,T,,,R*12

$OWN,0,261187000,0,100000.0,10.2,15.917706,55.007023,294.3,292.0,0.0,0.0,,1,,,,,,,,,,,,,,,*57

$WIND,,,T,,,R*12

$OWN,0,261187000,0,100000.0,10.2,15.917626,55.007038,293.9,292.0,0.0,0.0,,1,,,,,,,,,,,,,,,*53

$WIND,,,T,,,R*12

$OWN,0,261187000,0,100000.0,10.2,15.917548,55.007053,293.5,292.0,0.0,0.0,,1,,,,,,,,,,,,,,,*59

$WIND,,,T,,,R*12

$OWN,0,261187000,0,100000.0,10.2,15.917470,55.007072,293.3,293.0,0.0,0.0,,1,,,,,,,,,,,,,,,*57

$WIND,,,T,,,R*12

$OWN,0,261187000,0,100000.0,10.2,15.917392,55.007088,293.2,293.0,0.0,0.0,,1,,,,,,,,,,,,,,,*58

$WIND,,,T,,,R*12

$OWN,0,261187000,0,100000.0,10.3,15.917315,55.007107,293.1,294.0,0.0,0.0,,1,,,,,,,,,,,,,,,*54

$WIND,,,T,,,R*12

$OWN,0,261187000,0,100000.0,10.3,15.917235,55.007122,293.0,294.0,0.0,0.0,,1,,,,,,,,,,,,,,,*51

$WIND,,,T,,,R*12

$OWN,0,261187000,0,100000.0,10.3,15.917156,55.007141,292.8,296.0,0.0,0.0,,1,,,,,,,,,,,,,,,*59

$WIND,,,T,,,R*12

$OWN,0,261187000,0,100000.0,10.3,15.917080,55.007160,292.7,296.0,0.0,0.0,,1,,,,,,,,,,,,,,,*5F

$WIND,,,T,,,R*12

$OWN,0,261187000,0,100000.0,10.3,15.917000,55.007175,292.6,297.0,0.0,0.0,,1,,,,,,,,,,,,,,,*53

$WIND,,,T,,,R*12

$OWN,0,261187000,0,100000.0,10.4,15.916922,55.007195,292.6,297.0,0.0,0.0,,1,,,,,,,,,,,,,,,*52

$WIND,,,T,,,R*12

$OWN,0,261187000,0,100000.0,10.4,15.916843,55.007214,292.6,298.0,0.0,0.0,,1,,,,,,,,,,,,,,,*51

$WIND,,,T,,,R*12

$OWN,0,261187000,0,100000.0,10.4,15.916767,55.007233,292.8,299.0,0.0,0.0,,1,,,,,,,,,,,,,,,*52

$WIND,,,T,,,R*12

$OWN,0,261187000,0,100000.0,10.4,15.916690,55.007252,293.1,299.0,0.0,0.0,,1,,,,,,,,,,,,,,,*54

$WIND,,,T,,,R*12

$OWN,0,261187000,0,100000.0,10.4,15.916615,55.007275,293.5,300.0,0.0,0.0,,1,,,,,,,,,,,,,,,*59

$WIND,,,T,,,R*12

$OWN,0,261187000,0,100000.0,10.4,15.916540,55.007298,293.8,301.0,0.0,0.0,,1,,,,,,,,,,,,,,,*55

$WIND,,,T,,,R*12

$OWN,0,261187000,0,100000.0,10.4,15.916465,55.007317,294.2,302.0,0.0,0.0,,1,,,,,,,,,,,,,,,*5B

$WIND,,,T,,,R*12

$OWN,0,261187000,0,100000.0,10.4,15.916390,55.007339,294.5,303.0,0.0,0.0,,1,,,,,,,,,,,,,,,*5C

$WIND,,,T,,,R*12

$OWN,0,261187000,0,100000.0,10.4,15.916317,55.007362,294.9,303.0,0.0,0.0,,1,,,,,,,,,,,,,,,*51

$WIND,,,T,,,R*12

$OWN,0,261187000,0,100000.0,10.4,15.916244,55.007385,295.2,304.0,0.0,0.0,,1,,,,,,,,,,,,,,,*52

$WIND,,,T,,,R*12

$OWN,0,261187000,0,100000.0,10.4,15.916168,55.007408,295.6,305.0,0.0,0.0,,1,,,,,,,,,,,,,,,*58

$WIND,,,T,,,R*12

$OWN,0,261187000,0,100000.0,10.4,15.916097,55.007435,296.1,306.0,0.0,0.0,,1,,,,,,,,,,,,,,,*50

$WIND,,,T,,,R*12

$OWN,0,261187000,0,100000.0,10.4,15.916025,55.007458,296.6,307.0,0.0,0.0,,1,,,,,,,,,,,,,,,*54

$WIND,,,T,,,R*12

$OWN,0,261187000,0,100000.0,10.4,15.915954,55.007484,297.2,308.0,0.0,0.0,,1,,,,,,,,,,,,,,,*53

$WIND,,,T,,,R*12

$OWN,0,261187000,0,100000.0,10.4,15.915883,55.007511,297.8,309.0,0.0,0.0,,1,,,,,,,,,,,,,,,*5E

$WIND,,,T,,,R*12

$OWN,0,261187000,0,100000.0,10.4,15.915815,55.007538,298.5,310.0,0.0,0.0,,1,,,,,,,,,,,,,,,*50

$WIND,,,T,,,R*12

$OWN,0,261187000,0,100000.0,10.4,15.915747,55.007565,299.2,311.0,0.0,0.0,,1,,,,,,,,,,,,,,,*57

$WIND,,,T,,,R*12

$OWN,0,261187000,0,100000.0,10.4,15.915680,55.007591,299.8,313.0,0.0,0.0,,1,,,,,,,,,,,,,,,*5E

$WIND,,,T,,,R*12

$OWN,0,261187000,0,100000.0,10.4,15.915611,55.007622,300.4,313.0,0.0,0.0,,1,,,,,,,,,,,,,,,*50

$WIND,,,T,,,R*12

$OWN,0,261187000,0,100000.0,10.4,15.915545,55.007648,301.1,315.0,0.0,0.0,,1,,,,,,,,,,,,,,,*5C

$WIND,,,T,,,R*12

$OWN,0,261187000,0,100000.0,10.4,15.915480,55.007679,301.8,315.0,0.0,0.0,,1,,,,,,,,,,,,,,,*5F

$WIND,,,T,,,R*12

$OWN,0,261187000,0,100000.0,10.4,15.915417,55.007710,302.5,316.0,0.0,0.0,,1,,,,,,,,,,,,,,,*52

$WIND,,,T,,,R*12

$OWN,0,261187000,0,100000.0,10.4,15.915352,55.007740,303.3,318.0,0.0,0.0,,1,,,,,,,,,,,,,,,*58

$WIND,,,T,,,R*12

$OWN,0,261187000,0,100000.0,10.4,15.915288,55.007771,304.0,318.0,0.0,0.0,,1,,,,,,,,,,,,,,,*58

$WIND,,,T,,,R*12

$OWN,0,261187000,0,100000.0,10.4,15.915288,55.007771,304.0,318.0,0.0,0.0,,1,,,,,,,,,,,,,,,*58

$WIND,,,T,,,R*12

$OWN,0,261187000,0,100000.0,10.3,15.915228,55.007805,304.8,319.0,0.0,0.0,,1,,,,,,,,,,,,,,,*50

$WIND,,,T,,,R*12

$OWN,0,261187000,0,100000.0,10.3,15.915169,55.007835,305.7,320.0,0.0,0.0,,1,,,,,,,,,,,,,,,*51

$WIND,,,T,,,R*12

$OWN,0,261187000,0,100000.0,10.3,15.915049,55.007900,307.2,321.0,0.0,0.0,,1,,,,,,,,,,,,,,,*53

$WIND,,,T,,,R*12

$OWN,0,261187000,0,100000.0,10.3,15.914991,55.007935,308.0,322.0,0.0,0.0,,1,,,,,,,,,,,,,,,*56

$WIND,,,T,,,R*12

$OWN,0,261187000,0,100000.0,10.3,15.914933,55.007969,308.7,322.0,0.0,0.0,,1,,,,,,,,,,,,,,,*50

$WIND,,,T,,,R*12

$OWN,0,261187000,0,100000.0,10.3,15.914878,55.008003,309.6,323.0,0.0,0.0,,1,,,,,,,,,,,,,,,*55

$WIND,,,T,,,R*12

$OWN,0,261187000,0,100000.0,10.3,15.914825,55.008038,310.5,324.0,0.0,0.0,,1,,,,,,,,,,,,,,,*59

$WIND,,,T,,,R*12

$OWN,0,261187000,0,100000.0,10.3,15.914770,55.008076,311.3,324.0,0.0,0.0,,1,,,,,,,,,,,,,,,*5B

$WIND,,,T,,,R*12

$OWN,0,261187000,0,100000.0,10.2,15.914717,55.008110,312.1,325.0,0.0,0.0,,1,,,,,,,,,,,,,,,*5A

$WIND,,,T,,,R*12

$OWN,0,261187000,0,100000.0,10.2,15.914667,55.008148,313.0,326.0,0.0,0.0,,1,,,,,,,,,,,,,,,*52

$WIND,,,T,,,R*12

$OWN,0,261187000,0,100000.0,10.2,15.914563,55.008221,314.5,326.0,0.0,0.0,,1,,,,,,,,,,,,,,,*5B

$WIND,,,T,,,R*12

$OWN,0,261187000,0,100000.0,10.2,15.914512,55.008259,315.2,327.0,0.0,0.0,,1,,,,,,,,,,,,,,,*55

$WIND,,,T,,,R*12

$OWN,0,261187000,0,100000.0,10.2,15.914462,55.008293,315.9,327.0,0.0,0.0,,1,,,,,,,,,,,,,,,*5E

$WIND,,,T,,,R*12

$OWN,0,261187000,0,100000.0,10.2,15.914413,55.008335,316.6,328.0,0.0,0.0,,1,,,,,,,,,,,,,,,*56

$WIND,,,T,,,R*12

$OWN,0,261187000,0,100000.0,10.2,15.914365,55.008373,317.3,328.0,0.0,0.0,,1,,,,,,,,,,,,,,,*56

$WIND,,,T,,,R*12

$OWN,0,261187000,0,100000.0,10.2,15.914317,55.008411,318.0,328.0,0.0,0.0,,1,,,,,,,,,,,,,,,*5C

$WIND,,,T,,,R*12

$OWN,0,261187000,0,100000.0,10.2,15.914268,55.008450,318.7,329.0,0.0,0.0,,1,,,,,,,,,,,,,,,*56

$WIND,,,T,,,R*12

$OWN,0,261187000,0,100000.0,10.2,15.914222,55.008488,319.4,329.0,0.0,0.0,,1,,,,,,,,,,,,,,,*5F

$WIND,,,T,,,R*12

$OWN,0,261187000,0,100000.0,10.2,15.914177,55.008530,320.1,330.0,0.0,0.0,,1,,,,,,,,,,,,,,,*59

$WIND,,,T,,,R*12

$OWN,0,261187000,0,100000.0,10.2,15.914132,55.008568,320.7,330.0,0.0,0.0,,1,,,,,,,,,,,,,,,*53

$WIND,,,T,,,R*12

$OWN,0,261187000,0,100000.0,10.2,15.914086,55.008610,321.4,331.0,0.0,0.0,,1,,,,,,,,,,,,,,,*52

$WIND,,,T,,,R*12

$OWN,0,261187000,0,100000.0,10.3,15.914042,55.008652,322.0,331.0,0.0,0.0,,1,,,,,,,,,,,,,,,*5A

$WIND,,,T,,,R*12

$OWN,0,261187000,0,100000.0,10.3,15.913999,55.008690,322.6,331.0,0.0,0.0,,1,,,,,,,,,,,,,,,*5A

$WIND,,,T,,,R*12

$OWN,0,261187000,0,100000.0,10.3,15.913955,55.008732,323.1,332.0,0.0,0.0,,1,,,,,,,,,,,,,,,*56

$WIND,,,T,,,R*12

$OWN,0,261187000,0,100000.0,10.3,15.913912,55.008770,323.6,332.0,0.0,0.0,,1,,,,,,,,,,,,,,,*54

$WIND,,,T,,,R*12

$OWN,0,261187000,0,100000.0,10.3,15.913868,55.008812,324.1,332.0,0.0,0.0,,1,,,,,,,,,,,,,,,*53

$WIND,,,T,,,R*12

$OWN,0,261187000,0,100000.0,10.3,15.913827,55.008854,324.7,332.0,0.0,0.0,,1,,,,,,,,,,,,,,,*5C

$WIND,,,T,,,R*12

$OWN,0,261187000,0,100000.0,10.3,15.913783,55.008896,325.2,333.0,0.0,0.0,,1,,,,,,,,,,,,,,,*56

$WIND,,,T,,,R*12

$OWN,0,261187000,0,100000.0,10.3,15.913743,55.008938,325.7,333.0,0.0,0.0,,1,,,,,,,,,,,,,,,*5A

$WIND,,,T,,,R*12

$OWN,0,261187000,0,100000.0,10.3,15.913702,55.008980,326.1,333.0,0.0,0.0,,1,,,,,,,,,,,,,,,*59

$WIND,,,T,,,R*12

$OWN,0,261187000,0,100000.0,10.3,15.913702,55.008980,326.1,333.0,0.0,0.0,,1,,,,,,,,,,,,,,,*59

$WIND,,,T,,,R*12

$OWN,0,261187000,0,100000.0,10.3,15.913660,55.009022,326.6,334.0,0.0,0.0,,1,,,,,,,,,,,,,,,*5C

$WIND,,,T,,,R*12

$OWN,0,261187000,0,0.0,10.4,15.913578,55.009106,327.4,334.0,0.0,0.0,,1,,,,,,,,,,,,,,,*64

$WIND,,,T,,,R*12

$OWN,0,261187000,0,100000.0,10.4,15.913538,55.009148,327.8,334.0,0.0,0.0,,1,,,,,,,,,,,,,,,*57

$WIND,,,T,,,R*12

$OWN,0,261187000,0,0.0,10.4,15.913497,55.009190,328.0,334.0,0.0,0.0,,1,,,,,,,,,,,,,,,*60

$WIND,,,T,,,R*12

$OWN,0,261187000,0,0.0,10.4,15.913457,55.009232,328.4,334.0,0.0,0.0,,1,,,,,,,,,,,,,,,*63

$WIND,,,T,,,R*12

$OWN,0,261187000,0,0.0,10.4,15.913417,55.009277,328.8,334.0,0.0,0.0,,1,,,,,,,,,,,,,,,*6A

$WIND,,,T,,,R*12

$OWN,0,261187000,0,0.0,10.4,15.913379,55.009319,329.1,334.0,0.0,0.0,,1,,,,,,,,,,,,,,,*64

$WIND,,,T,,,R*12

$OWN,0,261187000,0,0.0,10.4,15.913339,55.009361,329.5,335.0,0.0,0.0,,1,,,,,,,,,,,,,,,*6A

$WIND,,,T,,,R*12

$OWN,0,261187000,0,0.0,10.5,15.913301,55.009407,329.9,335.0,0.0,0.0,,1,,,,,,,,,,,,,,,*6B

$WIND,,,T,,,R*12

$OWN,0,261187000,0,0.0,10.5,15.913261,55.009449,330.1,335.0,0.0,0.0,,1,,,,,,,,,,,,,,,*66

$WIND,,,T,,,R*12

$OWN,0,261187000,0,0.0,10.5,15.913261,55.009449,330.1,335.0,0.0,0.0,,1,,,,,,,,,,,,,,,*66

$WIND,,,T,,,R*12

$OWN,0,261187000,0,0.0,10.5,15.913221,55.009495,330.3,335.0,0.0,0.0,,1,,,,,,,,,,,,,,,*61

$WIND,,,T,,,R*12

$OWN,0,261187000,0,0.0,10.5,15.913183,55.009537,330.6,335.0,0.0,0.0,,1,,,,,,,,,,,,,,,*66

$WIND,,,T,,,R*12

$OWN,0,261187000,0,0.0,10.5,15.913143,55.009579,330.8,335.0,0.0,0.0,,1,,,,,,,,,,,,,,,*6E

$WIND,,,T,,,R*12

$OWN,0,261187000,0,0.0,10.6,15.913067,55.009670,331.2,335.0,0.0,0.0,,1,,,,,,,,,,,,,,,*6B

$WIND,,,T,,,R*12

$OWN,0,261187000,0,0.0,10.6,15.913029,55.009712,331.4,335.0,0.0,0.0,,1,,,,,,,,,,,,,,,*62

$WIND,,,T,,,R*12

$OWN,0,261187000,0,-100000.0,10.6,15.912989,55.009758,331.6,335.0,0.0,0.0,,1,,,,,,,,,,,,,,,*70

$WIND,,,T,,,R*12

$OWN,0,261187000,0,0.0,10.6,15.912950,55.009804,331.8,334.0,0.0,0.0,,1,,,,,,,,,,,,,,,*61

$WIND,,,T,,,R*12

$OWN,0,261187000,0,0.0,10.6,15.912910,55.009846,331.9,334.0,0.0,0.0,,1,,,,,,,,,,,,,,,*62

$WIND,,,T,,,R*12

$OWN,0,261187000,0,0.0,10.7,15.912871,55.009892,332.0,334.0,0.0,0.0,,1,,,,,,,,,,,,,,,*66

$WIND,,,T,,,R*12

$OWN,0,261187000,0,0.0,10.7,15.912831,55.009933,332.1,334.0,0.0,0.0,,1,,,,,,,,,,,,,,,*69

$WIND,,,T,,,R*12

$OWN,0,261187000,0,-100000.0,10.7,15.912793,55.009979,332.2,334.0,0.0,0.0,,1,,,,,,,,,,,,,,,*7F

$WIND,,,T,,,R*12

$OWN,0,261187000,0,0.0,10.7,15.912753,55.010025,332.3,334.0,0.0,0.0,,1,,,,,,,,,,,,,,,*66

$WIND,,,T,,,R*12

$OWN,0,261187000,0,0.0,10.7,15.912715,55.010071,332.3,334.0,0.0,0.0,,1,,,,,,,,,,,,,,,*65

$WIND,,,T,,,R*12

$OWN,0,261187000,0,-100000.0,10.7,15.912675,55.010117,332.4,334.0,0.0,0.0,,1,,,,,,,,,,,,,,,*78

$WIND,,,T,,,R*12

$OWN,0,261187000,0,0.0,10.7,15.912635,55.010159,332.4,334.0,0.0,0.0,,1,,,,,,,,,,,,,,,*6A

$WIND,,,T,,,R*12

$OWN,0,261187000,0,0.0,10.8,15.912595,55.010204,332.4,334.0,0.0,0.0,,1,,,,,,,,,,,,,,,*67

$WIND,,,T,,,R*12

$OWN,0,261187000,0,-100000.0,10.8,15.912555,55.010250,332.4,333.0,0.0,0.0,,1,,,,,,,,,,,,,,,*71

$WIND,,,T,,,R*12

$OWN,0,261187000,0,0.0,10.8,15.912515,55.010292,332.4,333.0,0.0,0.0,,1,,,,,,,,,,,,,,,*67

$WIND,,,T,,,R*12

$OWN,0,261187000,0,0.0,10.8,15.912515,55.010292,332.4,333.0,0.0,0.0,,1,,,,,,,,,,,,,,,*67

$WIND,,,T,,,R*12

$OWN,0,261187000,0,0.0,10.8,15.912475,55.010338,332.5,333.0,0.0,0.0,,1,,,,,,,,,,,,,,,*60

$WIND,,,T,,,R*12

$OWN,0,261187000,0,-100000.0,10.8,15.912434,55.010380,332.4,333.0,0.0,0.0,,1,,,,,,,,,,,,,,,*7B

$WIND,,,T,,,R*12

$OWN,0,261187000,0,-100000.0,10.8,15.912390,55.010426,332.3,332.0,0.0,0.0,,1,,,,,,,,,,,,,,,*7F

$WIND,,,T,,,R*12

$OWN,0,261187000,0,-100000.0,10.8,15.912350,55.010471,332.3,332.0,0.0,0.0,,1,,,,,,,,,,,,,,,*71

$WIND,,,T,,,R*12

$OWN,0,261187000,0,-100000.0,10.9,15.912307,55.010513,332.2,332.0,0.0,0.0,,1,,,,,,,,,,,,,,,*76

$WIND,,,T,,,R*12

$OWN,0,261187000,0,-100000.0,10.9,15.912265,55.010559,332.1,332.0,0.0,0.0,,1,,,,,,,,,,,,,,,*7E

$WIND,,,T,,,R*12

$OWN,0,261187000,0,-100000.0,10.9,15.912222,55.010605,332.1,331.0,0.0,0.0,,1,,,,,,,,,,,,,,,*74

$WIND,,,T,,,R*12

$OWN,0,261187000,0,-100000.0,10.9,15.912180,55.010647,332.0,331.0,0.0,0.0,,1,,,,,,,,,,,,,,,*78

$WIND,,,T,,,R*12

$OWN,0,261187000,0,-100000.0,10.9,15.912138,55.010693,331.9,331.0,0.0,0.0,,1,,,,,,,,,,,,,,,*78

$WIND,,,T,,,R*12

$OWN,0,261187000,0,-100000.0,10.9,15.912093,55.010738,331.7,331.0,0.0,0.0,,1,,,,,,,,,,,,,,,*76

$WIND,,,T,,,R*12

$OWN,0,261187000,0,-100000.0,10.9,15.912050,55.010780,331.6,330.0,0.0,0.0,,1,,,,,,,,,,,,,,,*7A

$WIND,,,T,,,R*12

$OWN,0,261187000,0,-100000.0,10.9,15.912005,55.010826,331.4,330.0,0.0,0.0,,1,,,,,,,,,,,,,,,*7B

$WIND,,,T,,,R*12

$OWN,0,261187000,0,-100000.0,11.0,15.911915,55.010914,331.1,330.0,0.0,0.0,,1,,,,,,,,,,,,,,,*7D

$WIND,,,T,,,R*12

$OWN,0,261187000,0,-100000.0,11.0,15.911872,55.010960,331.0,329.0,0.0,0.0,,1,,,,,,,,,,,,,,,*77

$WIND,,,T,,,R*12

$OWN,0,261187000,0,-100000.0,11.0,15.911825,55.011002,330.8,329.0,0.0,0.0,,1,,,,,,,,,,,,,,,*70

$WIND,,,T,,,R*12

$OWN,0,261187000,0,-100000.0,11.0,15.911825,55.011002,330.8,329.0,0.0,0.0,,1,,,,,,,,,,,,,,,*70

$WIND,,,T,,,R*12

$OWN,0,261187000,0,-100000.0,11.0,15.911778,55.011047,330.6,329.0,0.0,0.0,,1,,,,,,,,,,,,,,,*78

$WIND,,,T,,,R*12

$OWN,0,261187000,0,-100000.0,11.0,15.911734,55.011089,330.4,328.0,0.0,0.0,,1,,,,,,,,,,,,,,,*71

$WIND,,,T,,,R*12

$OWN,0,261187000,0,-100000.0,11.0,15.911687,55.011135,330.2,328.0,0.0,0.0,,1,,,,,,,,,,,,,,,*78

$WIND,,,T,,,R*12

$OWN,0,261187000,0,-100000.0,11.0,15.911638,55.011177,329.9,328.0,0.0,0.0,,1,,,,,,,,,,,,,,,*79

$WIND,,,T,,,R*12

$OWN,0,261187000,0,-100000.0,11.0,15.911590,55.011219,329.7,327.0,0.0,0.0,,1,,,,,,,,,,,,,,,*72

$WIND,,,T,,,R*12

$OWN,0,261187000,0,-100000.0,11.1,15.911542,55.011265,329.4,327.0,0.0,0.0,,1,,,,,,,,,,,,,,,*74

$WIND,,,T,,,R*12

$OWN,0,261187000,0,-100000.0,11.1,15.911493,55.011307,329.2,327.0,0.0,0.0,,1,,,,,,,,,,,,,,,*7A

$WIND,,,T,,,R*12

$OWN,0,261187000,0,-100000.0,11.1,15.911445,55.011349,329.0,326.0,0.0,0.0,,1,,,,,,,,,,,,,,,*78

$WIND,,,T,,,R*12

$OWN,0,261187000,0,-100000.0,11.1,15.911395,55.011391,328.7,326.0,0.0,0.0,,1,,,,,,,,,,,,,,,*71

$WIND,,,T,,,R*12

$OWN,0,261187000,0,-100000.0,11.1,15.911345,55.011436,328.5,326.0,0.0,0.0,,1,,,,,,,,,,,,,,,*74

$WIND,,,T,,,R*12

$OWN,0,261187000,0,-100000.0,11.1,15.911295,55.011478,328.3,325.0,0.0,0.0,,1,,,,,,,,,,,,,,,*77

$WIND,,,T,,,R*12

$OWN,0,261187000,0,-100000.0,11.1,15.911245,55.011520,328.0,325.0,0.0,0.0,,1,,,,,,,,,,,,,,,*75

$WIND,,,T,,,R*12

$OWN,0,261187000,0,-100000.0,11.1,15.911193,55.011562,327.7,324.0,0.0,0.0,,1,,,,,,,,,,,,,,,*72

$WIND,,,T,,,R*12

$OWN,0,261187000,0,-100000.0,11.1,15.911141,55.011604,327.4,324.0,0.0,0.0,,1,,,,,,,,,,,,,,,*7D

$WIND,,,T,,,R*12

$OWN,0,261187000,0,-100000.0,11.1,15.911090,55.011646,327.1,324.0,0.0,0.0,,1,,,,,,,,,,,,,,,*73

$WIND,,,T,,,R*12

$OWN,0,261187000,0,-100000.0,11.1,15.911036,55.011688,326.8,323.0,0.0,0.0,,1,,,,,,,,,,,,,,,*72

$WIND,,,T,,,R*12

$OWN,0,261187000,0,-100000.0,11.1,15.910985,55.011730,326.5,323.0,0.0,0.0,,1,,,,,,,,,,,,,,,*7D

$WIND,,,T,,,R*12

$OWN,0,261187000,0,-100000.0,11.1,15.910930,55.011768,326.2,322.0,0.0,0.0,,1,,,,,,,,,,,,,,,*78

$WIND,,,T,,,R*12

$OWN,0,261187000,0,-100000.0,11.1,15.910876,55.011810,325.9,322.0,0.0,0.0,,1,,,,,,,,,,,,,,,*73

$WIND,,,T,,,R*12

$OWN,0,261187000,0,0.0,11.1,15.910823,55.011852,325.6,322.0,0.0,0.0,,1,,,,,,,,,,,,,,,*66

$WIND,,,T,,,R*12

$OWN,0,261187000,0,0.0,11.1,15.910767,55.011890,325.2,322.0,0.0,0.0,,1,,,,,,,,,,,,,,,*63

$WIND,,,T,,,R*12

$OWN,0,261187000,0,100000.0,11.1,15.910713,55.011932,324.9,322.0,0.0,0.0,,1,,,,,,,,,,,,,,,*52

$WIND,,,T,,,R*12

$OWN,0,261187000,0,100000.0,11.1,15.910658,55.011971,324.7,322.0,0.0,0.0,,1,,,,,,,,,,,,,,,*55

$WIND,,,T,,,R*12

